# Periodo: 1987-1989
77668	Yale N. Patt	6	0.0432098765432	0.000761904761905	46.0	0.0555555555556	0.0105639470191
369925	Giacomo R. Sechi	5	0.0634920634921	0.00266666666667	100.0	0.0793650793651	0.0152930470967
15132	Wen-mei W. Hwu	4	0.0486111111111	0.00139682539683	64.0	0.0634920634921	0.0125908865368
49060	Vicki H. Allan	4	0.021164021164	0.000380952380952	28.0	0.031746031746	0.00819997340967
834732	Jinshi Xia	3	0.0238095238095	0.0	6.0	0.0396825396825	0.00787401574803
77552	Bogong Su	3	0.0238095238095	0.0	6.0	0.0396825396825	0.00787401574803
77667	Stephen W. Melvin	3	0.0388888888889	0.0	20.0	0.047619047619	0.00858480589433
77744	Kemal Ebcioglu	3	0.0238095238095	0.000253968253968	14.0	0.0396825396825	0.0102073686894
3515	Jian Wang	3	0.0238095238095	0.0	6.0	0.0396825396825	0.00787401574803
725527	Sergio D'Angelo	2	0.039072039072	0.0	26.0	0.0396825396825	0.00724260882268
370229	Edil S. Tavares Fernandes	2	0.0	0.0	0.0	0.015873015873	0.00787401574803
50834	Yashwant K. Malaiya	2	0.00793650793651	0.0	2.0	0.0238095238095	0.00787401574803
# Periodo: 1990-1992
26244	Matthew K. Farrens	6	0.0203045685279	0.000103594737387	6.0	0.0304568527919	0.00643730518682
202498	Steven J. Beaty	5	0.0152284263959	0.000103594737387	14.0	0.0253807106599	0.00654715062409
15007	Michael J. Flynn	4	0.010152284264	0.0	4.0	0.0203045685279	0.00505050505051
78644	William Y. Chen	4	0.0355329949239	0.000220138816948	14.0	0.0456852791878	0.00679281399011
77668	Yale N. Patt	4	0.010152284264	5.17973686937e-05	8.0	0.0203045685279	0.00630391506304
77726	Scott A. Mahlke	4	0.0355329949239	0.000220138816948	14.0	0.0456852791878	0.00679281399011
45496	Arvin Park	4	0.0162436548223	2.58986843468e-05	10.0	0.0253807106599	0.00526299861978
29726	Alexandru Nicolau	3	0.0203045685279	0.000207189474775	24.0	0.0304568527919	0.00710699812496
26257	Rajiv Gupta	3	0.0152284263959	0.000103594737387	14.0	0.0253807106599	0.00654715062409
77463	Feipei Lai	3	0.0304568527919	0.000621568424324	60.0	0.0406091370558	0.00927305845339
834734	Brian K. Bray	3	0.010152284264	0.0	4.0	0.0203045685279	0.00505050505051
248029	Christos A. Papachristou	3	0.0203045685279	0.000258986843468	28.0	0.0304568527919	0.0080478205483
77552	Bogong Su	3	0.0253807106599	3.45315791291e-05	10.0	0.0355329949239	0.00560227895454
78349	Richard E. Hank	2	0.0276367738297	1.29493421734e-05	18.0	0.0355329949239	0.00516595188484
14891	Wei Zhao	2	0.0253807106599	3.45315791291e-05	10.0	0.0355329949239	0.00560227895454
12361	Michael Butler	2	0.00676818950931	0.0	6.0	0.0152284263959	0.00442380004424
77922	Andrew R. Pleszkun	2	0.0135363790186	0.0	12.0	0.0203045685279	0.00414461141308
77930	David Bernstein	2	0.0203045685279	5.17973686937e-05	8.0	0.0304568527919	0.00589560725593
26228	Gary S. Tyson	2	0.0162436548223	2.58986843468e-05	10.0	0.0253807106599	0.00526299861978
# Periodo: 1991-1993
26244	Matthew K. Farrens	6	0.0333333333333	0.000620732464308	42.0	0.0444444444444	0.00945886364641
77668	Yale N. Patt	6	0.0111111111111	6.20732464308e-05	8.0	0.0222222222222	0.00689599548332
77726	Scott A. Mahlke	6	0.045	0.000325884543762	20.0	0.0555555555556	0.00757425411806
78349	Richard E. Hank	4	0.0409090909091	0.000160355886613	22.0	0.05	0.00676525757316
123013	Alvin M. Despain	4	0.0222222222222	0.000372439478585	32.0	0.0333333333333	0.0100151878673
15132	Wen-mei W. Hwu	4	0.0375	0.000134492033933	24.0	0.0444444444444	0.00605860131911
387875	Roger A. Bringmann	4	0.0409090909091	0.000160355886613	22.0	0.05	0.00676525757316
78644	William Y. Chen	4	0.0375	0.000150010345541	24.0	0.05	0.00676031259835
12361	Michael Butler	3	0.00740740740741	0.0	6.0	0.0166666666667	0.00483929507602
26228	Gary S. Tyson	3	0.0222222222222	3.10366232154e-05	18.0	0.0277777777778	0.00561934090352
78472	Tse-Yu Yeh	3	0.00740740740741	0.0	6.0	0.0166666666667	0.00483929507602
26257	Rajiv Gupta	3	0.0480769230769	0.00384854127871	462.0	0.05	0.0089970623476
15007	Michael J. Flynn	3	0.0111111111111	0.0	4.0	0.0222222222222	0.00552486187845
834734	Brian K. Bray	3	0.0111111111111	0.0	4.0	0.0222222222222	0.00552486187845
77552	Bogong Su	3	0.0388888888889	0.000434512725016	38.0	0.05	0.00765595735813
202498	Steven J. Beaty	3	0.00555555555556	0.0	2.0	0.0166666666667	0.00552486187845
77584	B. Ramakrishna Rau	3	0.0378787878788	0.0016139044072	242.0	0.0444444444444	0.0079641658205
45496	Arvin Park	3	0.0222222222222	3.10366232154e-05	18.0	0.0277777777778	0.00561934090352
# Periodo: 1994-1996
15132	Wen-mei W. Hwu	8	0.0865171650055	0.0103602319171	456.0	0.0833333333333	0.0132080849935
26285	Michael S. Schlansker	6	0.0701931716083	0.00446725596426	-24.0	0.0654761904762	0.00971348657304
77413	Thomas M. Conte	5	0.0416666666667	0.000819788993442	54.0	0.0535714285714	0.00958017502907
77668	Yale N. Patt	5	0.0297619047619	0.000308905997529	26.0	0.0416666666667	0.00805400139963
78096	Eric Hao	4	0.0248015873016	2.37619998099e-05	12.0	0.0357142857143	0.00655463281555
26292	James E. Smith	4	0.0357142857143	0.000819788993442	56.0	0.047619047619	0.0109436907624
77584	B. Ramakrishna Rau	4	0.0775049603175	0.00678405094573	-200.0	0.0595238095238	0.00824855231588
78097	Po-Yung Chang	4	0.0248015873016	2.37619998099e-05	12.0	0.0357142857143	0.00655463281555
409642	Richard Johnson	3	0.0630548829701	0.00114057599088	118.0	0.0535714285714	0.00760249332477
77900	John C. Gyllenhaal	3	0.071543040293	0.00131879098945	104.0	0.0535714285714	0.00777192520594
51812	James R. Larus	3	0.0297619047619	0.00121186199031	148.0	0.0297619047619	0.00686863084609
49801	Edward S. Davidson	3	0.0422754329004	0.0	176.0	0.0238095238095	0.00471952839292
78563	Sumedh W. Sathaye	3	0.0291666666667	0.0	20.0	0.0357142857143	0.00593807947655
78151	Alexandre E. Eichenberger	3	0.0422754329004	0.0	176.0	0.0238095238095	0.00471952839292
69521	Manoj Franklin	3	0.015873015873	0.000213857998289	28.0	0.0238095238095	0.00616210970709
78283	John Paul Shen	3	0.0238095238095	0.000641573994867	66.0	0.0297619047619	0.00736038130981
# Periodo: 1995-1997
26292	James E. Smith	8	0.0473723168024	0.00402094127807	496.0	0.0569948186528	0.0110759189144
15132	Wen-mei W. Hwu	8	0.0647668393782	0.00604490500864	582.0	0.0621761658031	0.0124088255297
26285	Michael S. Schlansker	5	0.0518134715026	0.00175410189983	30.0	0.0518134715026	0.00793562385479
26210	Brad Calder	4	0.0419689119171	0.00143026770294	134.0	0.0518134715026	0.0103261483899
77413	Thomas M. Conte	4	0.0259067357513	8.09585492228e-05	10.0	0.0362694300518	0.00608107627823
26291	Eric Rotenberg	4	0.0340108941145	0.000134930915371	78.0	0.0362694300518	0.00671768663135
77668	Yale N. Patt	4	0.0362694300518	0.000863557858377	78.0	0.0466321243523	0.00968541522752
14796	Trevor N. Mudge	4	0.0310880829016	0.000458765112263	28.0	0.0414507772021	0.00836965111238
409642	Richard Johnson	3	0.0481985781419	0.000755613126079	86.0	0.0466321243523	0.00694854432884
26228	Gary S. Tyson	3	0.0322837783978	0.000971502590674	122.0	0.0414507772021	0.00799122863675
26240	Todd M. Austin	3	0.0299777942265	0.000755613126079	114.0	0.0310880829016	0.00627160764612
49801	Edward S. Davidson	3	0.0279792746114	0.000431778929188	74.0	0.0310880829016	0.00628635601785
26251	Yiannakis Sazeides	3	0.0331606217617	5.39723661485e-05	80.0	0.0310880829016	0.00566827823086
26288	Antonio González	3	0.0401946930444	0.00275259067358	424.0	0.0414507772021	0.00859424680564
26298	Mateo Valero	3	0.0473723168024	0.00340025906736	496.0	0.0362694300518	0.00685042240262
78563	Sumedh W. Sathaye	3	0.0215889464594	0.0	12.0	0.0310880829016	0.00509421936419
77584	B. Ramakrishna Rau	3	0.0609570252972	0.00396696891192	-180.0	0.0518134715026	0.00819056546052
78671	William H. Mangione-Smith	3	0.0259067357513	0.000350820379965	34.0	0.0362694300518	0.00801057286061
69521	Manoj Franklin	3	0.0185048112509	0.00037780656304	50.0	0.0259067357513	0.00691390043153
# Periodo: 1998-2000
26304	Gurindar S. Sohi	6	0.0359147025814	0.00133312823668	134.0	0.0454545454545	0.0123259248477
26288	Antonio González	5	0.0676532769556	0.00902425267908	1292.0	0.0606060606061	0.0117268412319
26240	Todd M. Austin	4	0.0274971941639	0.00071783828129	86.0	0.0353535353535	0.00819734479857
26292	James E. Smith	4	0.0528925619835	0.00517869045788	888.0	0.0353535353535	0.00721726470889
26298	Mateo Valero	4	0.0646464646465	0.00796458664479	1148.0	0.0606060606061	0.0103475414036
26210	Brad Calder	3	0.0247474747475	0.000512741629493	72.0	0.030303030303	0.00676778646144
26228	Gary S. Tyson	3	0.03367003367	0.00117930574783	152.0	0.0353535353535	0.00715848039845
15132	Wen-mei W. Hwu	3	0.020202020202	0.000205096651797	24.0	0.030303030303	0.00707128456655
78151	Alexandre E. Eichenberger	3	0.0151515151515	0.000102548325899	14.0	0.0252525252525	0.0065142503696
14796	Trevor N. Mudge	3	0.0252525252525	0.000410193303594	42.0	0.0353535353535	0.00856749921585
26291	Eric Rotenberg	2	0.039312039312	0.00225606316977	524.0	0.0252525252525	0.0054196046382
77748	Waleed Meleis	2	0.0113636363636	0.0	8.0	0.020202020202	0.0049339547256
26211	Glenn Reinman	2	0.0206228956229	0.0	24.0	0.020202020202	0.00427755775226
47701	Sanjay J. Patel	2	0.0274971941639	0.000615289955391	78.0	0.0353535353535	0.00701405419562
77413	Thomas M. Conte	2	0.0151515151515	0.000102548325899	14.0	0.0252525252525	0.0065142503696
26213	Alvin R. Lebeck	2	0.0151515151515	0.000102548325899	14.0	0.0252525252525	0.0065142503696
332911	Brucek Khailany	2	0.030303030303	0.0	12.0	0.040404040404	0.00502512562814
26257	Rajiv Gupta	2	0.0151515151515	0.000102548325899	14.0	0.0252525252525	0.0065142503696
15027	David H. Albonesi	2	0.0151515151515	0.0	6.0	0.0252525252525	0.00502512562814
# Periodo: 1999-2001
26288	Antonio González	6	0.0659041394336	0.00732127476314	1088.0	0.0648148148148	0.0121352641653
26240	Todd M. Austin	4	0.0252057613169	0.000602928509905	86.0	0.0324074074074	0.00751738071447
26292	James E. Smith	4	0.0509259259259	0.00391903531438	728.0	0.0324074074074	0.00652472457365
26298	Mateo Valero	4	0.0533509700176	0.00391903531438	648.0	0.0509259259259	0.00909989722789
26304	Gurindar S. Sohi	4	0.0238095238095	0.000559862187769	74.0	0.0324074074074	0.00855212770747
78085	Dean M. Tullsen	4	0.03125	0.000861326442722	122.0	0.037037037037	0.00757331739263
15132	Wen-mei W. Hwu	4	0.0231481481481	0.000322997416021	38.0	0.0324074074074	0.00792504793288
26291	Eric Rotenberg	3	0.0367334547662	0.00172265288544	438.0	0.0231481481481	0.00494395712847
15027	David H. Albonesi	3	0.0138888888889	0.0	6.0	0.0231481481481	0.00460829493088
562181	Tony Tung	2	0.0324074074074	0.0	14.0	0.0416666666667	0.00460829493088
332808	T. N. Vijaykumar	2	0.0252057613169	0.000258397932817	46.0	0.0324074074074	0.00594985128355
332834	Jamison D. Collins	2	0.025	0.0	30.0	0.0231481481481	0.00427616973408
77748	Waleed Meleis	2	0.00925925925926	0.0	4.0	0.0185185185185	0.00460829493088
26210	Brad Calder	2	0.0226851851852	0.000430663221361	72.0	0.0277777777778	0.00620640325208
77753	Stephen W. Keckler	2	0.0231481481481	0.000258397932817	34.0	0.0324074074074	0.00663023569126
26209	Sarita V. Adve	2	0.0138888888889	8.61326442722e-05	14.0	0.0231481481481	0.00597389780438
26228	Gary S. Tyson	2	0.0267857142857	0.000602928509905	104.0	0.0277777777778	0.00525406628312
834750	Mary D. Brown	2	0.00925925925926	0.0	4.0	0.0185185185185	0.00460829493088
26242	Babak Falsafi	2	0.0283564814815	0.000430663221361	60.0	0.037037037037	0.00679956827919
26246	Mikko H. Lipasti	2	0.0231481481481	0.000172265288544	26.0	0.0324074074074	0.00590182713153
26257	Rajiv Gupta	2	0.0138888888889	8.61326442722e-05	14.0	0.0231481481481	0.00597389780438
# Periodo: 2002-2004
78085	Dean M. Tullsen	6	0.0308201732043	0.000462036038811	-2.0	0.0364238410596	0.00586455656058
26304	Gurindar S. Sohi	5	0.0162251655629	0.000330025742008	98.0	0.0198675496689	0.00522715391059
332808	T. N. Vijaykumar	4	0.023178807947	0.000308024025874	60.0	0.0298013245033	0.00583887858909
97942	Rakesh Kumar	4	0.0250413907285	0.000132010296803	32.0	0.0264900662252	0.00413705459854
26298	Mateo Valero	4	0.0298013245033	0.000506039471079	98.0	0.0364238410596	0.00642123963941
26210	Brad Calder	3	0.026710816777	0.000440034322677	118.0	0.0298013245033	0.00504412876588
83055	Krisztián Flautner	3	0.0498068432671	0.00154012012937	396.0	0.0529801324503	0.00532364317143
26288	Antonio González	3	0.0165562913907	0.000132010296803	34.0	0.023178807947	0.00474838661718
15027	David H. Albonesi	3	0.0264900662252	9.90077226024e-05	12.0	0.0331125827815	0.0042468865343
26303	Amir Roth	3	0.0162251655629	0.000275021451673	86.0	0.0198675496689	0.00456093849776
15586	Mahmut T. Kandemir	3	0.0397350993377	0.00103408065829	212.0	0.046357615894	0.00693606220371
78675	Li-Shiuan Peh	3	0.0198675496689	0.000198015445205	48.0	0.0264900662252	0.00495319581058
235523	Jesús Corbal	2	0.0191579943236	2.20017161339e-05	28.0	0.0198675496689	0.00348697037116
77834	David I. August	2	0.0298013245033	2.75021451673e-05	18.0	0.0364238410596	0.00363229382372
332814	David Blaauw	2	0.0412194564969	0.0	58.0	0.0397350993377	0.00360025047249
332834	Jamison D. Collins	2	0.0222590139809	4.40034322677e-05	36.0	0.0198675496689	0.00325697745622
235562	Anne Bracy	2	0.0115894039735	1.10008580669e-05	28.0	0.0165562913907	0.00367232228349
26292	James E. Smith	2	0.00662251655629	2.20017161339e-05	8.0	0.0132450331126	0.00411939004119
47701	Sanjay J. Patel	2	0.026821192053	0.000396030890409	98.0	0.0331125827815	0.00493846671368
194065	Neil Vachharajani	2	0.0298013245033	2.75021451673e-05	18.0	0.0364238410596	0.00363229382372
82544	Jun Yang 0002	2	0.0105960264901	8.80068645354e-05	30.0	0.0165562913907	0.00415259260635
194166	Doug Burger	2	0.0198675496689	6.60051484016e-05	12.0	0.0264900662252	0.00423618974329
194175	Ryan Rakvic	2	0.0372516556291	0.00110008580669	290.0	0.0397350993377	0.00488066424321
26240	Todd M. Austin	2	0.0478145695364	0.00132010296803	338.0	0.0529801324503	0.00528912978217
167104	Murali Annavaram	2	0.0372516556291	0.000495038613012	40.0	0.0397350993377	0.0046344702688
26242	Babak Falsafi	2	0.0132450331126	6.60051484016e-05	20.0	0.0198675496689	0.00427142459059
194184	Kent D. Wilken	2	0.00662251655629	2.20017161339e-05	8.0	0.0132450331126	0.00411939004119
26255	Josep Torrellas	2	0.0364238410596	0.000616048051748	134.0	0.0430463576159	0.00520695817822
26257	Rajiv Gupta	2	0.00883002207506	6.60051484016e-05	28.0	0.0132450331126	0.00343695228601
26274	Mark Oskin	2	0.0165562913907	0.000132010296803	34.0	0.023178807947	0.00474838661718
# Periodo: 2003-2005
332808	T. N. Vijaykumar	4	0.0267558528428	0.000482592983322	100.0	0.0334448160535	0.00680957673181
78085	Dean M. Tullsen	4	0.0278706800446	0.000493816075958	96.0	0.0334448160535	0.00577059278018
97942	Rakesh Kumar	3	0.0238891543239	0.000134677111625	28.0	0.0267558528428	0.0044040537667
78090	Norman P. Jouppi	3	0.0185804533631	0.0	36.0	0.0200668896321	0.00322403751412
77668	Yale N. Patt	3	0.0133779264214	7.48206175694e-06	8.0	0.0200668896321	0.00358462675536
77691	Onur Mutlu	3	0.0133779264214	7.48206175694e-06	8.0	0.0200668896321	0.00358462675536
77692	Hyesoon Kim	3	0.0133779264214	7.48206175694e-06	8.0	0.0200668896321	0.00358462675536
77726	Scott A. Mahlke	3	0.0367892976589	0.000370362056968	86.0	0.0267558528428	0.00353413509851
77834	David I. August	2	0.0301003344482	4.48923705416e-05	18.0	0.0367892976589	0.00376030923244
194064	Ram Rangan	2	0.0301003344482	4.48923705416e-05	18.0	0.0367892976589	0.00376030923244
194077	Kanad Ghose	2	0.0133779264214	6.73385558124e-05	20.0	0.0200668896321	0.0043141388365
26292	James E. Smith	2	0.0066889632107	2.24461852708e-05	8.0	0.0133779264214	0.00416058394161
77753	Stephen W. Keckler	2	0.0200668896321	6.73385558124e-05	12.0	0.0267558528428	0.00427855164072
26210	Brad Calder	2	0.0222965440357	0.000359138964333	114.0	0.0234113712375	0.00418983451605
83055	Krisztián Flautner	2	0.0539576365663	0.002154833786	580.0	0.0535117056856	0.00538818864338
194166	Doug Burger	2	0.0200668896321	6.73385558124e-05	12.0	0.0267558528428	0.00427855164072
194169	Kim M. Hazelwood	2	0.0066889632107	0.0	4.0	0.0133779264214	0.00333333333333
26240	Todd M. Austin	2	0.0505852842809	0.00121209400462	-26.0	0.0535117056856	0.00528573521757
167104	Murali Annavaram	2	0.0334448160535	0.000224461852708	20.0	0.0401337792642	0.00476269055477
26242	Babak Falsafi	2	0.0133779264214	6.73385558124e-05	20.0	0.0200668896321	0.0043141388365
26257	Rajiv Gupta	2	0.0066889632107	2.24461852708e-05	8.0	0.0133779264214	0.00416058394161
26259	Margaret Martonosi	2	0.0267558528428	0.000157123296896	44.0	0.0334448160535	0.00413223400573
26288	Antonio González	2	0.0167224080268	0.000134677111625	34.0	0.0234113712375	0.00479587048335
26298	Mateo Valero	2	0.0200668896321	0.000202015667437	48.0	0.0267558528428	0.00500272776869
26314	Jiwei Lu	2	0.0311294057113	0.000280577315885	26.0	0.0367892976589	0.00472387933509
26303	Amir Roth	2	0.0133779264214	8.97847410833e-05	24.0	0.0200668896321	0.00469061876248
26304	Gurindar S. Sohi	2	0.00334448160535	0.0	2.0	0.0100334448161	0.00333333333333
26316	Wei-Chung Hsu	2	0.0311294057113	0.000280577315885	26.0	0.0367892976589	0.00472387933509
409294	Manjunath Kudlur	2	0.0359717577109	0.000134677111625	90.0	0.0234113712375	0.00299572979381
274647	Steven K. Reinhardt	2	0.0359717577109	0.000190792574802	78.0	0.0301003344482	0.00357885350414
# Periodo: 2006-2008
194166	Doug Burger	7	0.0734576757532	0.0059915164369	390.0	0.0731707317073	0.00598581430502
26255	Josep Torrellas	7	0.0381760339343	0.00157593967244	556.0	0.0406504065041	0.00691599265049
77691	Onur Mutlu	5	0.0290360046458	0.000942618121833	378.0	0.029810298103	0.00485548535605
178939	Abhishek Tiwari	4	0.0243902439024	2.94568163073e-05	72.0	0.0189701897019	0.00315191847438
194160	Karthikeyan Sankaralingam	4	0.0671387359035	0.00647755390597	3276.0	0.0731707317073	0.00613354400574
26243	Hsien-Hsin S. Lee	4	0.0162601626016	0.000176740897844	60.0	0.0216802168022	0.00509715820212
77726	Scott A. Mahlke	4	0.0451671183379	0.00135501355014	464.0	0.0487804878049	0.00526775392898
77834	David I. August	3	0.0216802168022	8.83704489219e-05	16.0	0.0271002710027	0.00369384762806
14599	Tao Li	3	0.0108401084011	5.89136326146e-05	24.0	0.0162601626016	0.00380320440201
78090	Norman P. Jouppi	3	0.0312450183325	0.00092788971368	340.0	0.0352303523035	0.00538607834458
107064	Kathryn S. McKinley	3	0.0552557737967	0.00032402497938	226.0	0.029810298103	0.00262691183476
78675	Li-Shiuan Peh	3	0.0162601626016	0.000176740897844	60.0	0.0216802168022	0.00496233938857
78727	David Brooks	3	0.0162601626016	0.000132555673383	48.0	0.0216802168022	0.00405626575839
64843	Gokhan Memik	3	0.0379403794038	0.000795334040297	220.0	0.0433604336043	0.00538859804313
194084	Mark D. Hill	3	0.0480300187617	0.00230499587605	1460.0	0.0189701897019	0.00275695117002
26240	Todd M. Austin	3	0.0265111346766	0.000331389183457	46.0	0.0271002710027	0.00355690376539
26242	Babak Falsafi	3	0.0459110473458	0.00375574407918	2336.0	0.0325203252033	0.00468692031269
26282	Gabriel H. Loh	3	0.0460704607046	0.00064804995876	210.0	0.0514905149051	0.00413637497176
194245	José F. Martínez	3	0.0271002710027	0.000274930285535	84.0	0.0325203252033	0.00439824910525
77668	Yale N. Patt	3	0.0210260723297	0.000235654530458	142.0	0.0216802168022	0.00381930471126
77753	Stephen W. Keckler	3	0.0600375234522	7.06963591375e-05	208.0	0.0542005420054	0.003710709443
114688	Yan Solihin	2	0.0162601626016	0.000132555673383	48.0	0.0216802168022	0.00405626575839
26259	Margaret Martonosi	2	0.0135501355014	2.20926122305e-05	10.0	0.0189701897019	0.00318845621075
127874	Aaron Smith	2	0.0542948038176	7.36420407682e-05	230.0	0.0243902439024	0.00201758532433
274785	Michael R. Marty	2	0.0360919216129	0.00135501355014	1214.0	0.0135501355014	0.00260219636922
274819	Divya Gulati	2	0.0589047399908	0.0	212.0	0.0487804878049	0.00327305351741
154023	James C. Hoe	2	0.03507810359	4.41852244609e-05	356.0	0.0216802168022	0.003221180301
14796	Trevor N. Mudge	2	0.0416927246196	0.000441852244609	52.0	0.0433604336043	0.00411148110573
78313	Rajeev Balasubramonian	2	0.0196727893205	0.000191469305997	132.0	0.0135501355014	0.00255786083611
47701	Sanjay J. Patel	2	0.0265111346766	0.000530222693531	238.0	0.0243902439024	0.00354238538135
82543	Banit Agrawal	2	0.0108401084011	0.0	8.0	0.0162601626016	0.0027027027027
82563	Santosh Pande	2	0.00813008130081	7.36420407682e-06	6.0	0.0135501355014	0.00303807457092
332526	Canturk Isci	2	0.0135501355014	2.20926122305e-05	10.0	0.0189701897019	0.00318845621075
332620	Michael Ferdman	2	0.0589047399908	0.00636267232238	3716.0	0.0243902439024	0.002894175726
729935	Wangyuan Zhang	2	0.00722673893406	0.0	12.0	0.0108401084011	0.00242757727788
82854	Guilherme Ottoni	2	0.0157674304016	0.0	22.0	0.0189701897019	0.00254568964522
332715	Smruti R. Sarangi	2	0.0231065468549	0.0	76.0	0.0135501355014	0.00221187261055
# Periodo: 2007-2009
77691	Onur Mutlu	8	0.046272905177	0.00979888167388	7238.0	0.0363636363636	0.00508432599463
26255	Josep Torrellas	7	0.0441558441558	0.0013933982684	422.0	0.0493506493506	0.00726572073498
77726	Scott A. Mahlke	6	0.0490723562152	0.00189393939394	696.0	0.0519480519481	0.00608822891044
14599	Tao Li	4	0.0103896103896	5.41125541126e-05	24.0	0.0155844155844	0.00364555862369
194166	Doug Burger	4	0.0511806375443	0.0101325757576	7660.0	0.0415584415584	0.00611790071517
78090	Norman P. Jouppi	3	0.0307587149692	0.000919913419913	376.0	0.0337662337662	0.00527938167071
14796	Trevor N. Mudge	3	0.044323418517	0.000716991341991	28.0	0.0441558441558	0.00444169620433
364289	Chang Joo Lee	3	0.0350043738645	4.50937950938e-06	386.0	0.0155844155844	0.00232980194366
178939	Abhishek Tiwari	3	0.0258844603672	2.70562770563e-05	58.0	0.0181818181818	0.00277795195969
729935	Wangyuan Zhang	3	0.00692640692641	0.0	12.0	0.0103896103896	0.00232695231299
78675	Li-Shiuan Peh	3	0.0161838161838	0.000250270562771	122.0	0.0181818181818	0.00360991167857
78727	David Brooks	3	0.0280519480519	0.000831980519481	312.0	0.0285714285714	0.00432545607027
332755	Shuguang Feng	3	0.029234595192	0.0	94.0	0.0155844155844	0.00206552868239
332756	Shantanu Gupta	3	0.029234595192	0.0	94.0	0.0155844155844	0.00206552868239
82995	Tor M. Aamodt	3	0.012987012987	6.76406926407e-05	26.0	0.0181818181818	0.00377730031259
42619	Mark Horowitz	3	0.0181818181818	0.0	14.0	0.0233766233766	0.00259067357513
26240	Todd M. Austin	3	0.0367165443252	0.00152191558442	368.0	0.025974025974	0.00323813981237
26246	Mikko H. Lipasti	3	0.0175324675325	0.000270562770563	114.0	0.0207792207792	0.00399765914425
26298	Mateo Valero	3	0.0441558441558	0.00105519480519	298.0	0.0493506493506	0.00540562825842
26307	Andreas Moshovos	3	0.0386048237477	0.00469426406926	3990.0	0.025974025974	0.00370177039318
77668	Yale N. Patt	3	0.0350043738645	4.50937950938e-06	386.0	0.0155844155844	0.00232980194366
64843	Gokhan Memik	3	0.0285714285714	0.000405844155844	142.0	0.0337662337662	0.00418939356881
235527	Natalie D. Enright Jerger	2	0.014025974026	2.70562770563e-05	30.0	0.012987012987	0.00246057002091
77834	David I. August	2	0.012987012987	5.41125541126e-05	26.0	0.0181818181818	0.00331786654803
78085	Dean M. Tullsen	2	0.0254093732355	0.000487012987013	238.0	0.025974025974	0.00396641331646
47503	Chita R. Das	2	0.0363217427734	0.00124458874459	372.0	0.0233766233766	0.00314803324832
235581	Jason Zebchuk	2	0.0309901108066	4.05844155844e-05	436.0	0.0155844155844	0.00223988121311
117182	Stephen Richardson	2	0.0181818181818	0.0	14.0	0.0233766233766	0.00259067357513
78313	Rajeev Balasubramonian	2	0.0194805194805	0.000189393939394	146.0	0.012987012987	0.00247291902292
47611	Xavier Vera	2	0.0103896103896	0.0	8.0	0.0155844155844	0.00259067357513
194312	Alex Solomatnikov	2	0.0181818181818	0.0	14.0	0.0233766233766	0.00259067357513
47701	Sanjay J. Patel	2	0.0254093732355	0.000487012987013	238.0	0.0233766233766	0.00339555123962
78442	Ramon Canal	2	0.0311688311688	0.00109577922078	540.0	0.0285714285714	0.00377568690029
553633	Cristiano Pereira	2	0.0207792207792	0.00021645021645	80.0	0.025974025974	0.0040465893033
82615	Niraj K. Jha	2	0.0110731373889	6.76406926407e-06	38.0	0.012987012987	0.00260161051073
15091	José Duato	2	0.0255017709563	0.000608766233766	336.0	0.0285714285714	0.00392568791597
332605	Zeshan Chishti	2	0.0155844155844	0.000108225108225	44.0	0.0207792207792	0.0037305237068
332620	Michael Ferdman	2	0.0456475956476	0.00757575757576	6248.0	0.0233766233766	0.00335362100171
# Periodo: 2010-2012
77691	Onur Mutlu	4	0.0531561461794	0.00275747508306	652.0	0.0564784053156	0.00742488886084
77834	David I. August	3	0.0299833887043	0.00132890365449	488.0	0.0332225913621	0.00502040699627
26246	Mikko H. Lipasti	3	0.0199335548173	0.000243632336656	56.0	0.0265780730897	0.00573088489471
194188	Aamer Jaleel	3	0.0232558139535	4.42967884828e-05	14.0	0.0299003322259	0.00397827642511
26255	Josep Torrellas	3	0.0199335548173	0.000265780730897	60.0	0.0265780730897	0.00607968733037
26282	Gabriel H. Loh	3	0.0166112956811	8.85935769657e-05	26.0	0.0232558139535	0.00424071684616
15586	Mahmut T. Kandemir	3	0.0428678598221	0.00174972314507	488.0	0.0365448504983	0.0055588078046
194189	Simon C. Steely Jr.	3	0.0232558139535	4.42967884828e-05	14.0	0.0299003322259	0.00397827642511
77726	Scott A. Mahlke	3	0.0218061008759	0.0	110.0	0.0199335548173	0.00303386868161
235512	John Kim	3	0.0352745749463	0.00208194905869	696.0	0.0332225913621	0.00566538042123
332754	Amin Ansari	3	0.0218061008759	0.0	110.0	0.0199335548173	0.00303386868161
332755	Shuguang Feng	3	0.0218061008759	0.0	110.0	0.0199335548173	0.00303386868161
332756	Shantanu Gupta	3	0.0218061008759	0.0	110.0	0.0199335548173	0.00303386868161
50682	Joel S. Emer	3	0.0232558139535	4.42967884828e-05	14.0	0.0299003322259	0.00397827642511
77832	Jae W. Lee	2	0.0363435014598	0.00194905869324	666.0	0.0332225913621	0.00506410302708
333119	Dimitris Kaseridis	2	0.014950166113	6.64451827243e-05	16.0	0.0199335548173	0.00377717693132
26288	Antonio González	2	0.0199335548173	0.000177187153931	44.0	0.0265780730897	0.0047681528173
82995	Tor M. Aamodt	2	0.0266519010705	0.00106312292359	438.0	0.0232558139535	0.00418147963911
335949	Mithuna Thottethodi	2	0.0132890365449	6.64451827243e-05	20.0	0.0199335548173	0.00428556838062
77668	Yale N. Patt	2	0.0359163149861	3.32225913621e-05	74.0	0.0332225913621	0.00396592686829
194164	Jaehyuk Huh	2	0.0166112956811	0.000132890365449	34.0	0.0232558139535	0.00476410975166
26298	Mateo Valero	2	0.0431893687708	0.00093023255814	194.0	0.0498338870432	0.00545164968047
364289	Chang Joo Lee	2	0.0359163149861	3.32225913621e-05	74.0	0.0332225913621	0.00396592686829
333118	Jeffrey Stuecheli	2	0.014950166113	6.64451827243e-05	16.0	0.0199335548173	0.00377717693132
78675	Li-Shiuan Peh	2	0.0132890365449	6.64451827243e-05	20.0	0.0199335548173	0.00428556838062
26259	Margaret Martonosi	2	0.0180878552972	0.0	18.0	0.0232558139535	0.00306915539517
77692	Hyesoon Kim	2	0.0166112956811	0.000132890365449	34.0	0.0232558139535	0.00476410975166
834802	Rustam Miftakhutdinov	2	0.0359163149861	3.32225913621e-05	74.0	0.0332225913621	0.00396592686829
166328	Steven Swanson	2	0.0332225913621	0.000553709856035	120.0	0.0398671096346	0.00531451061724
77754	William J. Dally	2	0.0166112956811	0.000132890365449	34.0	0.0232558139535	0.00476410975166
# Periodo: 2011-2013
26282	Gabriel H. Loh	3	0.0328947368421	0.000348553502963	26.0	0.0460526315789	0.00837056527805
77691	Onur Mutlu	3	0.0842105263158	0.00570756361101	360.0	0.0921052631579	0.0111624571215
77834	David I. August	2	0.0263157894737	0.0	8.0	0.0394736842105	0.00653594771242
194101	Carole-Jean Wu	2	0.0328947368421	0.0	10.0	0.0460526315789	0.00653594771242
26246	Mikko H. Lipasti	2	0.0197368421053	0.000174276751481	14.0	0.0328947368421	0.00847278316046
194188	Aamer Jaleel	2	0.0328947368421	0.0	10.0	0.0460526315789	0.00653594771242
194189	Simon C. Steely Jr.	2	0.0328947368421	0.0	10.0	0.0460526315789	0.00653594771242
26259	Margaret Martonosi	2	0.0328947368421	0.0	10.0	0.0460526315789	0.00653594771242
15586	Mahmut T. Kandemir	2	0.0701754385965	0.00418264203555	304.0	0.0657894736842	0.00918889308906
834802	Rustam Miftakhutdinov	2	0.0601503759398	0.000130707563611	56.0	0.0657894736842	0.00761130391158
364289	Chang Joo Lee	2	0.0601503759398	0.000130707563611	56.0	0.0657894736842	0.00761130391158
78675	Li-Shiuan Peh	2	0.0263157894737	0.000261415127222	20.0	0.0394736842105	0.00845909575783
77668	Yale N. Patt	2	0.0601503759398	0.000130707563611	56.0	0.0657894736842	0.00761130391158
77726	Scott A. Mahlke	2	0.0263157894737	0.0	8.0	0.0394736842105	0.00653594771242
77754	William J. Dally	2	0.0328947368421	0.000522830254444	34.0	0.0460526315789	0.0094036676144
