# Periodo: 1986-1986
38500	Joseph Y. Halpern	3	0.0714285714286	0.00331262939959	42.0	0.1	0.0240131316858
48543	Zohar Manna	2	0.0428571428571	0.000828157349896	14.0	0.0714285714286	0.0182582512357
115300	Robert L. Constable	2	0.0428571428571	0.000828157349896	14.0	0.0714285714286	0.0182582512357
51338	Amir Pnueli	2	0.0285714285714	0.000414078674948	8.0	0.0571428571429	0.0175799321476
116355	John S. Schlipf	1	0.0	0.0	0.0	0.0285714285714	0.0140845070423
423045	N. P. Mendler	1	0.0321428571429	0.0	8.0	0.0571428571429	0.0138289712076
147756	Emmanuel Kounalis	1	0.0142857142857	0.0	2.0	0.0428571428571	0.0140845070423
# Periodo: 1987-1987
38686	Andre Scedrov	2	0.047619047619	0.00102406554019	14.0	0.0793650793651	0.0202552473493
66362	Moshe Y. Vardi	2	0.0507936507937	0.0	10.0	0.0793650793651	0.0159491839208
100549	Pierre Lescanne	2	0.0634920634921	0.00153609831029	20.0	0.0952380952381	0.0202225262996
176206	Haim Gaifman	2	0.0634920634921	0.00153609831029	20.0	0.0952380952381	0.0202225262996
38744	A. Prasad Sistla	2	0.031746031746	0.000512032770097	8.0	0.0634920634921	0.0195027372263
38500	Joseph Y. Halpern	2	0.031746031746	0.000512032770097	8.0	0.0634920634921	0.0195027372263
# Periodo: 1988-1988
11930	Ugo Montanari	2	0.0375	0.000632911392405	14.0	0.0625	0.0160041467308
49792	Rance Cleaveland	1	0.0125	0.0	2.0	0.0375	0.0123456790123
174465	Adolfo Piperno	1	0.0125	0.0	2.0	0.0375	0.0123456790123
108626	David A. Plaisted	1	0.0375	0.0	6.0	0.0625	0.0123456790123
117379	Leo Bachmair	1	0.0	0.0	0.0	0.025	0.0123456790123
68100	Peter Aczel	1	0.0125	0.0	2.0	0.0375	0.0123456790123
118405	Damian Niwinski	1	0.0	0.0	0.0	0.025	0.0123456790123
122758	Achim Jung	1	0.0125	0.0	2.0	0.0375	0.0123456790123
# Periodo: 1989-1989
38686	Andre Scedrov	2	0.0757575757576	0.0027972027972	34.0	0.106060606061	0.0214740476196
100558	Gordon D. Plotkin	2	0.0454545454545	0.000932400932401	14.0	0.0757575757576	0.0193482958793
175459	David E. Long	2	0.0606060606061	0.0004662004662	8.0	0.0909090909091	0.0174228393533
51709	Edmund M. Clarke	2	0.0606060606061	0.0004662004662	8.0	0.0909090909091	0.0174228393533
123008	Melvin Fitting	1	0.0	0.0	0.0	0.030303030303	0.0149253731343
174129	Yiannis N. Moschovakis	1	0.0	0.0	0.0	0.030303030303	0.0149253731343
# Periodo: 1990-1990
118363	Phokion G. Kolaitis	2	0.0206896551724	0.0	10.0	0.0344827586207	0.00840852495069
118545	Giuseppe Rosolini	2	0.0459770114943	0.000801924619086	20.0	0.0689655172414	0.0147072914881
174854	David L. Dill	2	0.0704022988506	0.00320769847634	72.0	0.0919540229885	0.016594085496
12076	Bernhard Steffen	2	0.0459770114943	0.000801924619086	20.0	0.0689655172414	0.0147072914881
66362	Moshe Y. Vardi	2	0.0344827586207	0.000534616412724	14.0	0.0574712643678	0.014731088904
48513	Rajeev Alur	2	0.0512016718913	0.00160384923817	54.0	0.0574712643678	0.0118039314904
173455	Peter J. Freyd	2	0.0367816091954	0.0	10.0	0.0574712643678	0.0115994069173
383510	James R. Russell	1	0.0114942528736	0.0	2.0	0.0344827586207	0.0113636363636
# Periodo: 1991-1991
116510	Dexter Kozen	2	0.0153846153846	0.0	2.0	0.0461538461538	0.0151515151515
49792	Rance Cleaveland	1	0.0153846153846	0.0	2.0	0.0461538461538	0.0151515151515
455681	James Wu	1	0.0153846153846	0.0	2.0	0.0461538461538	0.0151515151515
67843	Helmut Schwichtenberg	1	0.0153846153846	0.0	2.0	0.0461538461538	0.0151515151515
68100	Peter Aczel	1	0.0	0.0	0.0	0.0307692307692	0.0151515151515
67846	Mitsuhiro Okada	1	0.0153846153846	0.0	2.0	0.0461538461538	0.0151515151515
# Periodo: 1992-1992
123176	Georges Gonthier	2	0.0428571428571	0.000207039337474	6.0	0.0714285714286	0.0158322195949
175428	Jean-Jacques Lévy	2	0.0428571428571	0.000207039337474	6.0	0.0714285714286	0.0158322195949
118363	Phokion G. Kolaitis	2	0.0285714285714	0.000414078674948	8.0	0.0571428571429	0.0175799321476
38500	Joseph Y. Halpern	2	0.0428571428571	0.000828157349896	14.0	0.0714285714286	0.0182582519042
174465	Adolfo Piperno	1	0.0285714285714	0.0	4.0	0.0571428571429	0.0140845070423
173698	Didier Caucal	1	0.0	0.0	0.0	0.0285714285714	0.0140845070423
122735	Davide Sangiorgi	1	0.0	0.0	0.0	0.0285714285714	0.0140845070423
# Periodo: 1993-1993
100552	Andrew M. Pitts	2	0.0	0.0	0.0	0.025641025641	0.0126582278481
115507	Paliath Narendran	2	0.0384615384615	0.000666000666001	14.0	0.0641025641026	0.0164093150025
38460	John C. Mitchell	2	0.0512820512821	0.001332001332	24.0	0.0769230769231	0.0178124763132
174862	Marcelo P. Fiore	1	0.0	0.0	0.0	0.025641025641	0.0126582278481
117379	Leo Bachmair	1	0.025641025641	0.0	4.0	0.0512820512821	0.0126582278481
172932	Yoram Hirshfeld	1	0.025641025641	0.0	4.0	0.0512820512821	0.0126582278481
118405	Damian Niwinski	1	0.0128205128205	0.0	2.0	0.0384615384615	0.0126582278481
# Periodo: 1994-1994
100558	Gordon D. Plotkin	2	0.032967032967	0.0004884004884	14.0	0.0549450549451	0.0140906069319
50971	Luca Cardelli	2	0.0247252747253	0.0	8.0	0.043956043956	0.0106723582146
116954	Neil Immerman	2	0.032967032967	0.0004884004884	14.0	0.0549450549451	0.0140906069319
67982	Lauri Hella	2	0.032967032967	0.0004884004884	14.0	0.0549450549451	0.0140906069319
173531	Herman Geuvers	2	0.032967032967	0.0004884004884	14.0	0.0549450549451	0.0140906069319
38396	Martín Abadi	2	0.0247252747253	0.0	8.0	0.043956043956	0.0106723582146
174082	Simona Ronchi Della Rocca	1	0.010989010989	0.0	2.0	0.032967032967	0.0108695652174
147467	Uday S. Reddy	1	0.0	0.0	0.0	0.021978021978	0.0108695652174
658467	Shipei Zhang	1	0.021978021978	0.0	4.0	0.043956043956	0.0108695652174
# Periodo: 1995-1995
172966	Hubert Comon	2	0.0253164556962	0.0	4.0	0.0506329113924	0.0125
51338	Amir Pnueli	2	0.0253164556962	0.000324569944823	8.0	0.0506329113924	0.0156021892777
49792	Rance Cleaveland	1	0.0253164556962	0.0	4.0	0.0506329113924	0.0125
48513	Rajeev Alur	1	0.0253164556962	0.0	4.0	0.0506329113924	0.0125
48514	Kousha Etessami	1	0.0126582278481	0.0	2.0	0.0379746835443	0.0125
67973	Erich Grädel	1	0.0126582278481	0.0	2.0	0.0379746835443	0.0125
122759	Alex K. Simpson	1	0.0	0.0	0.0	0.0253164556962	0.0125
173420	Vaughan R. Pratt	1	0.0	0.0	0.0	0.0253164556962	0.0125
# Periodo: 1996-1996
49792	Rance Cleaveland	2	0.0243902439024	0.000301114122252	8.0	0.0487804878049	0.0150382552106
48513	Rajeev Alur	2	0.0365853658537	0.000602228244505	14.0	0.0609756097561	0.0156185040691
174862	Marcelo P. Fiore	2	0.0365853658537	0.000602228244505	14.0	0.0609756097561	0.0156185040691
51880	Thomas A. Henzinger	2	0.0219512195122	0.0	10.0	0.0365853658537	0.00891506326242
115498	Abbas Edalat	2	0.0121951219512	0.0	2.0	0.0365853658537	0.0120481927711
118190	Yuri Matiyasevich	2	0.0365853658537	0.000602228244505	14.0	0.0609756097561	0.0156185040691
66362	Moshe Y. Vardi	2	0.0365853658537	0.000602228244505	14.0	0.0609756097561	0.0156185040691
123196	Anatoli Degtyarev	2	0.0274390243902	0.0	8.0	0.0487804878049	0.0118296018764
# Periodo: 1997-1997
68258	Martín Hötzel Escardó	2	0.0610211706102	0.00380517503805	84.0	0.0684931506849	0.0147900802504
68259	Thomas Streicher	2	0.0447488584475	0.00228310502283	70.0	0.0547945205479	0.0131457980546
115498	Abbas Edalat	2	0.0671232876712	0.00456621004566	86.0	0.0958904109589	0.0194845462648
100558	Gordon D. Plotkin	2	0.041095890411	0.00076103500761	14.0	0.0684931506849	0.0175180516696
115046	Igor Walukiewicz	2	0.041095890411	0.00076103500761	14.0	0.0684931506849	0.0175180516696
48514	Kousha Etessami	1	0.027397260274	0.0	4.0	0.0547945205479	0.0135135135135
173291	P. S. Thiagarajan	1	0.0246575342466	0.0	10.0	0.041095890411	0.00999932696838
# Periodo: 1998-1998
122943	Kohei Honda	2	0.0410509031199	0.00160384923817	46.0	0.0574712643678	0.0132391879965
173127	John Power	2	0.0689655172414	0.0021384656509	44.0	0.0919540229885	0.0163634344663
174862	Marcelo P. Fiore	2	0.0410509031199	0.00160384923817	46.0	0.0574712643678	0.0132391879965
66362	Moshe Y. Vardi	2	0.0114942528736	0.0	2.0	0.0344827586207	0.0113636363636
11729	Ian Mackie	2	0.0114942528736	0.0	2.0	0.0344827586207	0.0113636363636
50194	Luca de Alfaro	1	0.0	0.0	0.0	0.0229885057471	0.0113636363636
116268	Joachim Niehren	1	0.0229885057471	0.0	4.0	0.0459770114943	0.0113636363636
38959	Prakash Panangaden	1	0.0229885057471	0.0	4.0	0.0459770114943	0.0113636363636
# Periodo: 1999-1999
38500	Joseph Y. Halpern	2	0.0227272727273	0.000261233019854	8.0	0.0454545454545	0.0140244402526
147572	Harald Ganzinger	2	0.0340909090909	0.000522466039707	14.0	0.0568181818182	0.0145655710511
100558	Gordon D. Plotkin	2	0.0618686868687	0.00313479623824	78.0	0.0795454545455	0.0156831076972
174862	Marcelo P. Fiore	2	0.0556818181818	0.00261233019854	72.0	0.0681818181818	0.0141648099428
116510	Dexter Kozen	2	0.0113636363636	0.0	2.0	0.0340909090909	0.0112359550562
54249	Leonid Libkin	2	0.0340909090909	0.0	6.0	0.0568181818182	0.0112359550562
67973	Erich Grädel	2	0.0227272727273	0.000261233019854	8.0	0.0454545454545	0.0140244402526
174499	Albert Rubio	2	0.0454545454545	0.000783699059561	20.0	0.0681818181818	0.0145420410219
# Periodo: 2000-2000
123197	Andrei Voronkov	3	0.0294117647059	0.000438981562774	8.0	0.0588235294118	0.0180894953983
67973	Erich Grädel	2	0.0441176470588	0.000877963125549	14.0	0.0735294117647	0.0187874765971
67843	Helmut Schwichtenberg	1	0.0147058823529	0.0	2.0	0.0441176470588	0.0144927536232
175894	Clifford Bergman	1	0.0147058823529	0.0	2.0	0.0441176470588	0.0144927536232
122759	Alex K. Simpson	1	0.0147058823529	0.0	2.0	0.0441176470588	0.0144927536232
422921	Alexandre Miquel	1	0.0	0.0	0.0	0.0294117647059	0.0144927536232
# Periodo: 2001-2001
174854	David L. Dill	2	0.0481927710843	0.000881575080811	20.0	0.0722891566265	0.0154076390854
115353	Ahmed Bouajjani	2	0.0361445783133	0.000587716720541	14.0	0.0602409638554	0.015432569409
67767	Giacomo Lenzi	2	0.0361445783133	0.000587716720541	14.0	0.0602409638554	0.015432569409
116954	Neil Immerman	2	0.0602409638554	0.00117543344108	26.0	0.0843373493976	0.0152463874203
116481	Andrew W. Appel	1	0.0	0.0	0.0	0.0240963855422	0.0119047619048
54249	Leonid Libkin	1	0.0361445783133	0.0	6.0	0.0602409638554	0.0119047619048
51819	Yuri Gurevich	1	0.0	0.0	0.0	0.0240963855422	0.0119047619048
119173	David A. Mix Barrington	1	0.0502008032129	0.0	12.0	0.0722891566265	0.0123300591072
# Periodo: 2002-2002
26507	Stephen A. Cook	2	0.0117647058824	0.0	2.0	0.0352941176471	0.0116279069767
4617	Yuan Lu	1	0.0352941176471	0.0	6.0	0.0588235294118	0.0116279069767
189271	Catalin Dima	1	0.0	0.0	0.0	0.0235294117647	0.0116279069767
67599	Bakhadyr Khoussainov	1	0.0235294117647	0.0	4.0	0.0470588235294	0.0116279069767
50195	Marco Faella	1	0.0235294117647	0.0	4.0	0.0470588235294	0.0116279069767
422935	Vincent Balat	1	0.0235294117647	0.0	4.0	0.0470588235294	0.0116279069767
156716	Frédéric Magniez	1	0.0470588235294	0.0	8.0	0.0705882352941	0.0116279069767
75822	Vineet Gupta	1	0.0352941176471	0.0	6.0	0.0588235294118	0.0116279069767
# Periodo: 2003-2003
66362	Moshe Y. Vardi	3	0.047619047619	0.00153609831029	18.0	0.0793650793651	0.0238402065133
278498	Konstantin Korovin	2	0.031746031746	0.000512032770097	8.0	0.0634920634921	0.0195027372281
156860	Benjamin Rossman	1	0.0	0.0	0.0	0.031746031746	0.015625
175019	Christophe Raffalli	1	0.0	0.0	0.0	0.031746031746	0.015625
67973	Erich Grädel	1	0.015873015873	0.0	2.0	0.047619047619	0.015625
116489	Yannick Chevalier	1	0.047619047619	0.0	6.0	0.0793650793651	0.015625
# Periodo: 2004-2004
147813	Samson Abramsky	3	0.0574712643678	0.00106923282545	26.0	0.0804597701149	0.0145533704589
26507	Stephen A. Cook	3	0.0344827586207	0.000801924619086	18.0	0.0574712643678	0.0173383317713
174315	Kazushige Terui	2	0.0114942528736	0.0	2.0	0.0344827586207	0.0113636363636
116044	Robert Harper	2	0.0344827586207	0.0	6.0	0.0574712643678	0.0113636363636
60286	Martin Grohe	2	0.0229885057471	0.000267308206362	8.0	0.0459770114943	0.0141838088918
147467	Uday S. Reddy	1	0.0114942528736	0.0	2.0	0.0344827586207	0.0113636363636
67599	Bakhadyr Khoussainov	1	0.0344827586207	0.0	6.0	0.0574712643678	0.0113636363636
117776	Krishnendu Chatterjee	1	0.0229885057471	0.0	4.0	0.0459770114943	0.0113636363636
# Periodo: 2005-2005
36108	Albert Atserias	2	0.0	0.0	0.0	0.0246913580247	0.0121951219512
173710	Paul-André Melliès	2	0.0123456790123	0.0	2.0	0.037037037037	0.0121951219512
173875	Richard Mayr	2	0.0493827160494	0.00123456790123	24.0	0.0740740740741	0.0171608003658
173650	Glynn Winskel	2	0.0	0.0	0.0	0.0246913580247	0.0121951219512
116214	Martin Otto	2	0.0246913580247	0.000308641975309	8.0	0.0493827160494	0.0152216486364
198400	Solomon Feferman	1	0.0	0.0	0.0	0.0246913580247	0.0121951219512
122880	Michael J. Maher	1	0.0	0.0	0.0	0.0246913580247	0.0121951219512
176001	François Maurel	1	0.0123456790123	0.0	2.0	0.037037037037	0.0121951219512
# Periodo: 2006-2006
48621	Orna Kupferman	3	0.0271084337349	0.000587716720541	18.0	0.0481927710843	0.0138696255201
12600	Nir Piterman	2	0.0120481927711	0.0	2.0	0.0361445783133	0.0119047619048
66362	Moshe Y. Vardi	2	0.0271084337349	0.000587716720541	18.0	0.0481927710843	0.0138696255201
117864	Mikolaj Bojanczyk	2	0.0602409638554	0.00117543344108	26.0	0.0843373493976	0.0152463880998
38860	Catuscia Palamidessi	1	0.0361445783133	0.0	6.0	0.0602409638554	0.0119047619048
51338	Amir Pnueli	1	0.0120481927711	0.0	2.0	0.0361445783133	0.0119047619048
54795	Jean-Eric Pin	1	0.0240963855422	0.0	4.0	0.0481927710843	0.0119047619048
115085	Antonín Kucera	1	0.0361445783133	0.0	6.0	0.0602409638554	0.0119047619048
# Periodo: 2007-2007
67685	Alex Simpson	2	0.0212765957447	0.000228780599405	8.0	0.0425531914894	0.0131386861314
173710	Paul-André Melliès	2	0.031914893617	0.00045756119881	14.0	0.0531914893617	0.0136456408968
11162	Phuong Nguyen	2	0.0106382978723	0.0	2.0	0.031914893617	0.0105263157895
67079	Gennaro Parlato	1	0.0212765957447	0.0	4.0	0.0425531914894	0.0105263157895
174608	James Brotherston	1	0.0141843971631	0.0	6.0	0.031914893617	0.00922013061852
50194	Luca de Alfaro	1	0.031914893617	0.0	6.0	0.0531914893617	0.0105263157895
463896	Thomas C. Hales	1	0.0	0.0	0.0	0.0212765957447	0.0105263157895
176156	Nikos Tzevelekos	1	0.0	0.0	0.0	0.0212765957447	0.0105263157895
117284	Balder ten Cate	1	0.0212765957447	0.0	4.0	0.0425531914894	0.0105263157895
# Periodo: 2008-2008
116611	Víctor Dalmau	2	0.0365853658537	0.000602228244505	14.0	0.0609756097561	0.0156185042545
118791	Olivier Serre	2	0.0609756097561	0.000200742748168	10.0	0.0853658536585	0.0133644726867
173718	Andrzej S. Murawski	2	0.0435540069686	0.0	14.0	0.0609756097561	0.00950746642227
173719	C.-H. Luke Ong	2	0.0609756097561	0.000200742748168	10.0	0.0853658536585	0.0133644726867
122738	Dale Miller	2	0.0365853658537	0.000602228244505	14.0	0.0609756097561	0.0156185042545
278456	Matthew Hague	2	0.0609756097561	0.000200742748168	10.0	0.0853658536585	0.0133644726867
60286	Martin Grohe	2	0.0	0.0	0.0	0.0243902439024	0.0120481927711
256	Manfred Schmidt-Schauß	1	0.0243902439024	0.0	4.0	0.0487804878049	0.0120481927711
# Periodo: 2009-2009
174651	Dan R. Ghica	2	0.0111111111111	0.0	2.0	0.0333333333333	0.010989010989
173719	C.-H. Luke Ong	2	0.0222222222222	0.000249687890137	8.0	0.0444444444444	0.0137162103541
156683	Bastian Laubner	1	0.0333333333333	0.0	6.0	0.0555555555556	0.010989010989
117776	Krishnendu Chatterjee	1	0.0222222222222	0.0	4.0	0.0444444444444	0.010989010989
518164	Bjarki Holm	1	0.0333333333333	0.0	6.0	0.0555555555556	0.010989010989
176156	Nikos Tzevelekos	1	0.0148148148148	0.0	6.0	0.0333333333333	0.00962541130649
174113	Michele Pagani	1	0.0111111111111	0.0	2.0	0.0333333333333	0.010989010989
278570	Lidia Tendera	1	0.0111111111111	0.0	2.0	0.0333333333333	0.010989010989
156715	Kristoffer Arnsfelt Hansen	1	0.0222222222222	0.0	4.0	0.0444444444444	0.010989010989
# Periodo: 2010-2010
202784	Hugo Herbelin	2	0.0104166666667	0.0	2.0	0.03125	0.0103092783505
115407	Luc Segoufin	2	0.0208333333333	0.000219298245614	8.0	0.0416666666667	0.0128677853864
48872	Georg Gottlob	2	0.0625	0.00175438596491	44.0	0.0833333333333	0.0148451776601
116214	Martin Otto	2	0.0375	0.0	20.0	0.0416666666667	0.00772851099281
50690	Holger Hermanns	1	0.0208333333333	0.0	4.0	0.0416666666667	0.0103092783505
118791	Olivier Serre	1	0.03125	0.0	6.0	0.0520833333333	0.0103092783505
156683	Bastian Laubner	1	0.0	0.0	0.0	0.0208333333333	0.0103092783505
115117	Florent Jacquemard	1	0.0416666666667	0.0	8.0	0.0625	0.0103092783505
174608	James Brotherston	1	0.0104166666667	0.0	2.0	0.03125	0.0103092783505
# Periodo: 2011-2011
117776	Krishnendu Chatterjee	2	0.07833655706	0.0045756119881	118.0	0.0957446808511	0.0160731590864
515757	Diego Figueira	2	0.031914893617	0.0	6.0	0.0531914893617	0.0105263157895
48621	Orna Kupferman	2	0.0662847790507	0.00320292839167	98.0	0.0744680851064	0.0136897786746
118791	Olivier Serre	1	0.0212765957447	0.0	4.0	0.0425531914894	0.0105263157895
422921	Alexandre Miquel	1	0.0	0.0	0.0	0.0212765957447	0.0105263157895
38925	Ichiro Hasuo	1	0.0106382978723	0.0	2.0	0.031914893617	0.0105263157895
26487	Toniann Pitassi	1	0.0	0.0	0.0	0.0212765957447	0.0105263157895
176156	Nikos Tzevelekos	1	0.0106382978723	0.0	2.0	0.031914893617	0.0105263157895
174113	Michele Pagani	1	0.0212765957447	0.0	4.0	0.0425531914894	0.0105263157895
