# Periodo: 1975-1976
80697	Dennis Tsichritzis	2	0.0316901408451	0.0	8.0	0.056338028169	0.0136369005527
940371	L. S. Schneider	2	0.0140845070423	0.0	2.0	0.0422535211268	0.0138888888889
442595	J. Richard Swenson	2	0.0422535211268	0.000804828973843	14.0	0.0704225352113	0.0180046650722
320622	James W. Welch	2	0.0140845070423	0.0	2.0	0.0422535211268	0.0138888888889
320621	J. Wesley Graham	2	0.0140845070423	0.0	2.0	0.0422535211268	0.0138888888889
4	C. J. Date	1	0.0	0.0	0.0	0.0281690140845	0.0138888888889
442634	Rob Gerritsen	1	0.0	0.0	0.0	0.0281690140845	0.0138888888889
# Periodo: 1977-1978
48192	Stanley Y. W. Su	3	0.0253164556962	0.000324569944823	8.0	0.0506329113924	0.015602189781
48665	Michael Stonebraker	2	0.0379746835443	0.000649139889646	14.0	0.0632911392405	0.016204198565
250793	Michael Hammer	2	0.0253164556962	0.000324569944823	8.0	0.0506329113924	0.015602189781
118508	Donald E. Swartwout	2	0.0126582278481	0.0	2.0	0.0379746835443	0.0125
250881	Sumiyasu Yamamoto	1	0.0379746835443	0.0	6.0	0.0632911392405	0.0125
49669	Gerald J. Popek	1	0.0253164556962	0.0	4.0	0.0506329113924	0.0125
77645	Joachim W. Schmidt	1	0.0	0.0	0.0	0.0253164556962	0.0125
940295	J. D. Clark	1	0.0126582278481	0.0	2.0	0.0379746835443	0.0125
# Periodo: 1979-1980
49038	Clement T. Yu	2	0.0357142857143	0.0	6.0	0.0595238095238	0.0117647058824
48665	Michael Stonebraker	2	0.0238095238095	0.000286861732645	8.0	0.047619047619	0.0146844139116
24995	H. T. Kung	2	0.0238095238095	0.000286861732645	8.0	0.047619047619	0.0146844139116
48344	Gio Wiederhold	2	0.0357142857143	0.00057372346529	14.0	0.0595238095238	0.0152510104141
48987	David J. DeWitt	2	0.0119047619048	0.0	2.0	0.0357142857143	0.0117647058824
39004	K. Lam	2	0.0357142857143	0.0	6.0	0.0595238095238	0.0117647058824
250793	Michael Hammer	2	0.0238095238095	0.000286861732645	8.0	0.047619047619	0.0146844139116
1	E. F. Codd	1	0.0	0.0	0.0	0.0238095238095	0.0117647058824
# Periodo: 1981-1982
30365	David Maier	3	0.04	0.0	8.0	0.06	0.00990099009901
50398	David Scott Warren	3	0.04	0.0	8.0	0.06	0.00990099009901
115713	Witold Lipski Jr.	2	0.01	0.0	2.0	0.03	0.00990099009901
53798	Tomasz Imielinski	2	0.01	0.0	2.0	0.03	0.00990099009901
50460	Umeshwar Dayal	2	0.02	0.00020202020202	8.0	0.04	0.0123581697249
618781	Wen-Te K. Lin	2	0.04	0.0	8.0	0.06	0.00990099009901
421898	M. R. Brown	1	0.02	0.0	4.0	0.04	0.00990099009901
442896	Christian Richard	1	0.01	0.0	2.0	0.03	0.00990099009901
48665	Michael Stonebraker	1	0.0	0.0	0.0	0.02	0.00990099009901
729116	U. Prädel	1	0.03	0.0	6.0	0.05	0.00990099009901
# Periodo: 1983-1984
48665	Michael Stonebraker	3	0.0713864306785	0.00379266750948	150.0	0.0884955752212	0.0141206659893
30365	David Maier	3	0.0368731563422	0.00126422250316	50.0	0.0530973451327	0.0136590159515
14128	Matthias Jarke	3	0.0353982300885	0.000553097345133	20.0	0.0530973451327	0.0124721896537
50322	Vincent Y. Lum	2	0.0796460176991	0.00221238938053	74.0	0.0973451327434	0.0123047174516
61136	James Clifford	2	0.0283185840708	7.90139064475e-05	10.0	0.0442477876106	0.00993249186451
53574	Carlo Zaniolo	2	0.00884955752212	0.0	2.0	0.0265486725664	0.00877192982456
48987	David J. DeWitt	2	0.0669247787611	0.00284450063211	138.0	0.070796460177	0.011520990589
49895	Randy H. Katz	2	0.0629880270692	0.00158027812895	86.0	0.070796460177	0.0114626993934
940408	Sharon McCure Kuck	2	0.0176991150442	0.000158027812895	8.0	0.0353982300885	0.0109489051095
50124	Haran Boral	2	0.044616519174	0.00158027812895	114.0	0.0353982300885	0.00726926711962
53209	Jeffrey D. Ullman	2	0.0276548672566	0.00063211125158	38.0	0.0353982300885	0.00908900005057
# Periodo: 1985-1986
51046	Stavros Christodoulakis	3	0.013698630137	0.0	4.0	0.027397260274	0.00680272108844
49520	Michael J. Carey	3	0.0285388127854	0.000661313179027	44.0	0.041095890411	0.0107484458623
53798	Tomasz Imielinski	2	0.00684931506849	0.0	2.0	0.0205479452055	0.00680272108844
38446	Won Kim	2	0.0219178082192	0.000377893245158	30.0	0.0342465753425	0.00855942384017
49320	Christos Faloutsos	2	0.0	0.0	0.0	0.013698630137	0.00680272108844
49321	Timos K. Sellis	2	0.00684931506849	0.0	2.0	0.0205479452055	0.00680272108844
312	Nick Roussopoulos	2	0.00684931506849	0.0	2.0	0.0205479452055	0.00680272108844
354108	Ilsoo Ahn	2	0.00684931506849	0.0	2.0	0.0205479452055	0.00680272108844
49519	Rakesh Agrawal	2	0.0244618395303	0.000377893245158	34.0	0.0342465753425	0.00865203340823
27033	Don S. Batory	2	0.0182648401826	0.000283419933869	28.0	0.027397260274	0.00708433424164
50138	Richard T. Snodgrass	2	0.00684931506849	0.0	2.0	0.0205479452055	0.00680272108844
53727	Per-Åke Larson	2	0.0205479452055	0.000188946622579	14.0	0.0342465753425	0.00881861104462
49156	Carlo Batini	1	0.00684931506849	0.0	2.0	0.0205479452055	0.00680272108844
358	Frank Manola	1	0.0205479452055	0.0	6.0	0.0342465753425	0.00680272108844
# Periodo: 1987-1988
48987	David J. DeWitt	4	0.0300469483568	0.000930108955621	120.0	0.037558685446	0.00934254204777
51304	David W. Stemple	3	0.0140845070423	8.85818052972e-05	14.0	0.0234741784038	0.00605764403532
49321	Timos K. Sellis	3	0.018779342723	0.000177163610594	24.0	0.0281690140845	0.00657563377917
49520	Michael J. Carey	3	0.0250391236307	0.000575781734432	92.0	0.0281690140845	0.00703277917097
53648	Henry F. Korth	3	0.0241448692153	0.000398618123837	54.0	0.0328638497653	0.00751237277319
940079	W. Bradley Rubenstein	2	0.0093896713615	0.0	4.0	0.018779342723	0.00467289719626
115761	Serge Abiteboul	2	0.0140845070423	8.85818052972e-05	14.0	0.0234741784038	0.00605764403532
52796	Hongjun Lu	2	0.0140845070423	8.85818052972e-05	14.0	0.0234741784038	0.00605764403532
51291	Lawrence J. Henschen	2	0.0093896713615	0.0	4.0	0.018779342723	0.00467289719626
151164	Subhasish Mazumdar	2	0.0105633802817	0.0	8.0	0.018779342723	0.00458811677744
48268	Jiawei Han	2	0.0093896713615	0.0	4.0	0.018779342723	0.00467289719626
49396	Alexander Borgida	2	0.0234741784038	0.0	10.0	0.0328638497653	0.00467289719626
48888	Eric N. Hanson	2	0.0	0.0	0.0	0.0093896713615	0.00467289719626
38446	Won Kim	2	0.0211267605634	0.000221454513243	40.0	0.0281690140845	0.00620010390251
48407	Abraham Silberschatz	2	0.0093896713615	4.42909026486e-05	8.0	0.018779342723	0.00583259431066
50458	Z. Meral Özsoyoglu	2	0.0093896713615	4.42909026486e-05	8.0	0.018779342723	0.00583259431066
231	Jim Gray	2	0.00625978090767	0.0	6.0	0.0140845070423	0.00409304863906
53604	Tim Sheard	2	0.0105633802817	0.0	8.0	0.018779342723	0.00458811677744
250746	Gianfranco R. Putzolu	2	0.0093896713615	4.42909026486e-05	8.0	0.018779342723	0.00583259431066
55178	William Alexander	2	0.0140845070423	0.0	6.0	0.0234741784038	0.00467289719626
55180	George P. Copeland	2	0.0140845070423	0.0	6.0	0.0234741784038	0.00467289719626
# Periodo: 1989-1990
49519	Rakesh Agrawal	4	0.0276836158192	0.000642013353878	72.0	0.0338983050847	0.00708240304968
49520	Michael J. Carey	4	0.0556279878314	0.00186183872625	208.0	0.0508474576271	0.00825475564436
48665	Michael Stonebraker	3	0.0578531073446	0.00250385208012	260.0	0.0564971751412	0.0086274247849
3181	H. V. Jagadish	3	0.0230696798493	0.0	24.0	0.0225988700565	0.0044059424691
216724	Betty Salzberg	3	0.0466557317295	0.000963020030817	152.0	0.045197740113	0.00682280961181
55536	Hamid Pirahesh	3	0.0426393774651	0.00417308680021	626.0	0.0508474576271	0.00921883229878
231	Jim Gray	3	0.0657421674371	0.00385208012327	364.0	0.0677966101695	0.00970727972441
49097	Narain H. Gehani	3	0.0184557438795	0.0	30.0	0.0225988700565	0.00472316572855
34328	Krithi Ramamritham	2	0.0112994350282	6.42013353878e-05	8.0	0.0225988700565	0.0070122201263
8227	J. Srinivasan	2	0.0184557438795	0.0	30.0	0.0225988700565	0.00472316572855
250956	Sheldon J. Finkelstein	2	0.0403551251009	0.00121982537237	260.0	0.0338983050847	0.0063582742994
53887	Meichun Hsu	2	0.0235404896422	0.000385208012327	40.0	0.0338983050847	0.00790235682054
53407	Marc Gyssens	2	0.0112994350282	0.0	4.0	0.0225988700565	0.00561797752809
53408	Jan Paredaens	2	0.0112994350282	0.0	4.0	0.0225988700565	0.00561797752809
53409	Dirk Van Gucht	2	0.0112994350282	0.0	4.0	0.0225988700565	0.00561797752809
34980	Raghu Ramakrishnan	2	0.0502197112367	0.00616332819723	914.0	0.045197740113	0.00810660810746
54438	Jeffrey F. Naughton	2	0.0502197112367	0.00616332819723	962.0	0.0395480225989	0.0071683124957
# Periodo: 1991-1992
49520	Michael J. Carey	4	0.0368340943683	0.000712161199782	78.0	0.041095890411	0.00739129273035
48404	C. Mohan	4	0.0477242598321	0.00154301593286	246.0	0.0593607305936	0.00770462718938
48987	David J. DeWitt	4	0.0394651011089	0.00138243056428	184.0	0.0456621004566	0.00889685435711
54438	Jeffrey F. Naughton	3	0.0182648401826	0.000125675505844	20.0	0.027397260274	0.00588291659522
55536	Hamid Pirahesh	3	0.0547945205479	0.00260427575999	-58.0	0.0593607305936	0.00730065078057
53193	Divyakant Agrawal	2	0.013698630137	8.37836705626e-05	14.0	0.0228310502283	0.00589243556159
48665	Michael Stonebraker	2	0.00456621004566	0.0	2.0	0.013698630137	0.00454545454545
100901	Harald Schöning	2	0.027397260274	0.0	12.0	0.0365296803653	0.00454545454545
34358	Michael J. Franklin	2	0.0345319634703	0.000293242846969	32.0	0.0365296803653	0.00630688266152
53571	Ravi Krishnamurthy	2	0.0321620011912	0.001340538729	332.0	0.027397260274	0.00536313047031
3181	H. V. Jagadish	2	0.00913242009132	0.0	4.0	0.0182648401826	0.00454545454545
53527	Waqar Hasan	2	0.0435132957293	0.00234594277575	460.0	0.027397260274	0.00445048366148
49320	Christos Faloutsos	2	0.013698630137	8.37836705626e-05	14.0	0.0228310502283	0.00589243556159
256709	Wolfgang Käfer	2	0.027397260274	0.0	12.0	0.0365296803653	0.00454545454545
54734	Anant Jhingran	2	0.0182648401826	0.000125675505844	20.0	0.027397260274	0.00588291659522
49904	David B. Lomet	2	0.00456621004566	0.0	2.0	0.013698630137	0.00454545454545
238465	V. Srinivasan	2	0.022100456621	0.0	50.0	0.013698630137	0.00255155310322
48407	Abraham Silberschatz	2	0.0228310502283	6.2837752922e-05	10.0	0.0319634703196	0.00536240362717
27103	Patrick Valduriez	2	0.0182648401826	0.000167567341125	24.0	0.027397260274	0.00639629831247
51537	Jack A. Orenstein	2	0.013698630137	0.0	6.0	0.0228310502283	0.00454545454545
53637	Jennifer Widom	2	0.0462328767123	0.000614413584126	46.0	0.0547945205479	0.0065835862343
53648	Henry F. Korth	2	0.0228310502283	6.2837752922e-05	10.0	0.0319634703196	0.00536240362717
# Periodo: 1993-1994
49520	Michael J. Carey	8	0.0657539118065	0.00908225298469	4500.0	0.072972972973	0.00685025113401
34980	Raghu Ramakrishnan	4	0.0427119427119	0.00397714787959	2382.0	0.0216216216216	0.00323202603578
43338	Hector Garcia-Molina	4	0.0264864864865	0.00110598403281	554.0	0.0243243243243	0.00383043846215
53798	Tomasz Imielinski	4	0.049972972973	0.00178715300667	1030.0	0.0405405405405	0.00444211897497
48404	C. Mohan	4	0.0027027027027	0.0	2.0	0.00810810810811	0.00269541778976
30103	Miron Livny	4	0.0531627372053	0.00516370028565	3348.0	0.0189189189189	0.00256450599412
53938	Omran A. Bukhres	3	0.0216216216216	0.000241705119754	76.0	0.027027027027	0.00459018398542
51264	Amit P. Sheth	3	0.027027027027	0.000395517468688	128.0	0.0324324324324	0.00478543218542
55391	Anthony Tomasic	3	0.0243243243243	0.000109865963525	98.0	0.0135135135135	0.00210643229211
53423	Bernhard Seeger	3	0.00810810810811	0.0	6.0	0.0135135135135	0.00269541778976
55536	Hamid Pirahesh	3	0.015015015015	0.000351571083278	196.0	0.0189189189189	0.00327956603333
53587	Gerhard Weikum	3	0.0189189189189	0.000234380722186	78.0	0.0243243243243	0.00506461065806
100849	Thomas Brinkhoff	3	0.00810810810811	0.0	6.0	0.0135135135135	0.00269541778976
322546	Praveen Seshadri	3	0.0406284333114	0.000725115359262	246.0	0.0189189189189	0.0027984476111
250947	José A. Blakeley	3	0.0112612612613	8.78927708196e-05	40.0	0.0162162162162	0.00379142726161
3181	H. V. Jagadish	3	0.0267235149588	0.0	374.0	0.0162162162162	0.00266809288351
54438	Jeffrey F. Naughton	3	0.0471443141254	0.000615249395737	506.0	0.0378378378378	0.00339886690718
53799	Arun N. Swami	3	0.0489931107578	0.000615249395737	490.0	0.0351351351351	0.0035470819272
48665	Michael Stonebraker	3	0.0108108108108	4.39463854098e-05	20.0	0.0162162162162	0.00348852197021
52917	Hans-Peter Kriegel	3	0.00810810810811	0.0	6.0	0.0135135135135	0.00269541778976
48987	David J. DeWitt	3	0.0467037130589	0.0	214.0	0.0351351351351	0.00293576751184
217117	Ashish Gupta	2	0.01287001287	0.000131839156229	100.0	0.0135135135135	0.00295311496851
122923	Konstantinos F. Sagonas	2	0.00540540540541	0.0	4.0	0.0108108108108	0.00269541778976
122924	Terrance Swift	2	0.00540540540541	0.0	4.0	0.0108108108108	0.00269541778976
217134	Ming-Chien Shan	2	0.0192240627724	0.0	124.0	0.0162162162162	0.0025353029584
45196	Tova Milo	2	0.00608108108108	2.92975902732e-05	18.0	0.0108108108108	0.00314029257059
49320	Christos Faloutsos	2	0.0494781910623	0.0012012012012	762.0	0.0378378378378	0.00392702302407
231	Jim Gray	2	0.0216216216216	0.000234380722186	80.0	0.027027027027	0.00421019803524
442680	Susanne Englert	2	0.0144144144144	0.0	24.0	0.0162162162162	0.00250607025907
49519	Rakesh Agrawal	2	0.0485174494883	0.0	206.0	0.0324324324324	0.00306253441664
51695	Kurt A. Shoens	2	0.0331081081081	0.00143558192339	744.0	0.0216216216216	0.00288077592424
84514	Jiansan Chen	2	0.0157248157248	2.19731927049e-05	22.0	0.0189189189189	0.00311675873411
53833	Ming-Ling Lo	2	0.00864864864865	0.0	10.0	0.0135135135135	0.00256365770758
199248	Ralf Schneider	2	0.00810810810811	0.0	6.0	0.0135135135135	0.00269541778976
256669	Peter Muth	2	0.0027027027027	0.0	2.0	0.00810810810811	0.00269541778976
43875	Philip S. Yu	2	0.0108108108108	1.46487951366e-05	8.0	0.0162162162162	0.00314644268645
54159	Sharma Chakravarthy	2	0.0112612612613	8.78927708196e-05	40.0	0.0162162162162	0.00379142726161
# Periodo: 1995-1996
43338	Hector Garcia-Molina	5	0.0470939919631	0.00193105175031	770.0	0.0391061452514	0.00504699253513
53637	Jennifer Widom	4	0.0547828069775	0.00134292078098	74.0	0.0530726256983	0.00515053096485
231	Jim Gray	3	0.0251396648045	0.000383393580896	50.0	0.0251396648045	0.00370923317356
49520	Michael J. Carey	3	0.0304627384842	0.00400607170242	2676.0	0.0391061452514	0.00480830933287
54249	Leonid Libkin	3	0.021384438936	0.00100151792561	1026.0	0.0223463687151	0.00387938884893
54334	Dennis Shasha	3	0.0232774674115	0.000876328184905	398.0	0.0279329608939	0.00476340402525
48407	Abraham Silberschatz	3	0.0195530726257	0.000234730763814	74.0	0.0251396648045	0.00497441319908
53131	Divesh Srivastava	3	0.0362814638127	0.00255074096678	654.0	0.0335195530726	0.00454464429885
48684	Balakrishna R. Iyer	3	0.0111731843575	6.25948703504e-05	24.0	0.0167597765363	0.00391973712742
816729	William O'Connell	3	0.0391061452514	8.86760663297e-05	28.0	0.0446927374302	0.003457325344
173685	Anand Rajaraman	3	0.0470939919631	0.000577437678982	112.0	0.0446927374302	0.00421754045749
30365	David Maier	3	0.0111731843575	0.000140838458288	66.0	0.0139664804469	0.00346491480836
239377	Alexandros Biliris	3	0.0391061452514	8.86760663297e-05	28.0	0.0446927374302	0.003457325344
48987	David J. DeWitt	3	0.00837988826816	4.69461527628e-05	18.0	0.0139664804469	0.00425006461247
90055	Euthimios Panagos	3	0.0391061452514	8.86760663297e-05	28.0	0.0446927374302	0.003457325344
53209	Jeffrey D. Ullman	3	0.053687150838	0.00119999582701	84.0	0.0502793296089	0.00482363743276
53229	Yannis E. Ioannidis	3	0.0125698324022	7.8243587938e-05	40.0	0.0167597765363	0.00352320010326
51264	Amit P. Sheth	2	0.00837988826816	0.0	6.0	0.0139664804469	0.00278551532033
137288	Shinichi Morishita	2	0.00837988826816	0.0	6.0	0.0139664804469	0.00278551532033
34980	Raghu Ramakrishnan	2	0.0375470962713	0.00438164092453	3012.0	0.0307262569832	0.00398368997106
49320	Christos Faloutsos	2	0.00279329608939	0.0	2.0	0.00837988826816	0.00278551532033
53453	Daniel A. Keim	2	0.00279329608939	0.0	2.0	0.00837988826816	0.00278551532033
84264	Richard Hull	2	0.00837988826816	3.12974351752e-05	14.0	0.0139664804469	0.0036109632968
354	Jim Melton	2	0.0216721248314	0.000563353833153	322.0	0.0223463687151	0.00338602800609
940392	David Schrader	2	0.0364990689013	3.12974351752e-05	30.0	0.0418994413408	0.00318598035494
940393	S. Choo	2	0.0364990689013	3.12974351752e-05	30.0	0.0418994413408	0.00318598035494
216486	Patrick E. O'Neil	2	0.0251396648045	0.000383393580896	50.0	0.0251396648045	0.00370923317356
47677	Barbara Liskov	2	0.0223463687151	0.0	16.0	0.0279329608939	0.00278551532033
100929	Nelson Mendonça Mattos	2	0.0161151697465	0.000406866657277	278.0	0.0139664804469	0.00269885387281
53991	Guido Moerkotte	2	0.0315806769635	0.000392521999489	104.0	0.0195530726257	0.00314375327621
467693	Umesh Maheshwari	2	0.0223463687151	0.0	16.0	0.0279329608939	0.00278551532033
342803	Piyush Goel	2	0.00744878957169	0.0	12.0	0.0111731843575	0.00250195986856
250813	Viswanath Poosala	2	0.0111731843575	0.0	18.0	0.0139664804469	0.00277167347868
54243	Joseph M. Hellerstein	2	0.0329494926462	0.00100151792561	768.0	0.0279329608939	0.0037209320277
54248	Timothy Griffin	2	0.0211049037865	0.0	306.0	0.0167597765363	0.00271698609868
# Periodo: 1997-1998
43338	Hector Garcia-Molina	7	0.0495068840934	0.00588888469079	3706.0	0.0551378446115	0.00748868955265
54243	Joseph M. Hellerstein	5	0.044193817878	0.00192063072253	794.0	0.0451127819549	0.00623822729964
54438	Jeffrey F. Naughton	5	0.0553399628103	0.00268678396158	-68.0	0.0576441102757	0.00497516282051
53054	Surajit Chaudhuri	5	0.0261097950355	0.000478583393156	658.0	0.0125313283208	0.00227194684727
53150	Rajeev Motwani	5	0.03434261329	0.00168133902596	1140.0	0.0300751879699	0.00409019517248
49520	Michael J. Carey	4	0.0497257636846	0.00313598065516	1838.0	0.0300751879699	0.00389761124111
3180	Stefan Berchtold	4	0.0104427736007	0.0	12.0	0.015037593985	0.00258931251876
34358	Michael J. Franklin	4	0.015350877193	0.000201508797118	88.0	0.0200501253133	0.00460377086314
52917	Hans-Peter Kriegel	4	0.0125313283208	5.03771992796e-05	26.0	0.0175438596491	0.00320174121885
53272	Vivek R. Narasayya	3	0.0259321773822	0.0	294.0	0.0100250626566	0.00163792913345
49519	Rakesh Agrawal	3	0.0368933085402	0.0020906537701	1410.0	0.0250626566416	0.00418266161733
100728	Donald Kossmann	3	0.0353719349921	0.00167504187605	1202.0	0.0175438596491	0.00296433536741
53637	Jennifer Widom	3	0.0414351095129	0.00342564955101	2806.0	0.0225563909774	0.00322197978191
465396	Roberto J. Bayardo Jr.	3	0.0375939849624	0.0	30.0	0.0426065162907	0.0025
30195	Svetlozar Nestorov	3	0.0418904403867	0.00150082072854	146.0	0.0325814536341	0.00383693246964
322737	Stanley B. Zdonik	3	0.0111642743222	7.55657989194e-05	54.0	0.0125313283208	0.0028923932373
322604	Dallan Quass	3	0.0334388603087	0.00321154645407	2736.0	0.015037593985	0.00272743667872
54334	Dennis Shasha	3	0.015037593985	6.29714990995e-05	32.0	0.0200501253133	0.00316424144435
48268	Jiawei Han	3	0.0249152292496	0.000629714990995	282.0	0.0275689223058	0.00465651703936
322761	Prasad Deshpande	3	0.0361166073077	4.19809993997e-06	190.0	0.015037593985	0.00157941143489
30103	Miron Livny	3	0.0277617119722	0.000440800493697	180.0	0.0325814536341	0.00404701336824
48987	David J. DeWitt	3	0.0527858106805	0.00158688177731	130.0	0.0501253132832	0.0041401982868
53209	Jeffrey D. Ullman	3	0.0428317985976	0.00206231659551	66.0	0.0375939849624	0.00444134448618
53265	Sergey Brin	2	0.0317669172932	0.000128042048169	240.0	0.015037593985	0.00199871421634
714779	C. Unnikrishnan	2	0.0375939849624	0.0	30.0	0.0426065162907	0.0025
24616	Andrzej Cichocki	2	0.0375939849624	0.0	30.0	0.0426065162907	0.0025
34980	Raghu Ramakrishnan	2	0.0200501253133	0.0	36.0	0.0225563909774	0.00258210125552
84150	Vipul Kashyap	2	0.0375939849624	0.0	30.0	0.0426065162907	0.0025
53453	Daniel A. Keim	2	0.0104427736007	0.0	12.0	0.015037593985	0.00258931251876
55505	Vasilis Vassalos	2	0.0392992791256	4.51295743546e-05	194.0	0.0275689223058	0.00321351425677
53470	Laks V. S. Lakshmanan	2	0.0222925735391	0.000453394793516	230.0	0.0225563909774	0.00362618348392
12535	Alfons Kemper	2	0.0263929053403	1.25942998199e-05	260.0	0.015037593985	0.00266315631135
561410	Ramana Yerneni	2	0.0392992791256	4.51295743546e-05	194.0	0.0275689223058	0.00321351425677
49428	Marek Rusinkiewicz	2	0.0375939849624	0.0	30.0	0.0426065162907	0.0025
940329	Guangshun Chen	2	0.0200501253133	0.0	36.0	0.0225563909774	0.00258210125552
940342	Ray Shea	2	0.0375939849624	0.0	30.0	0.0426065162907	0.0025
312	Nick Roussopoulos	2	0.00501253132832	0.0	4.0	0.0100250626566	0.0025
123193	Alon Y. Levy	2	0.0100250626566	0.0	8.0	0.015037593985	0.0025
53573	Shalom Tsur	2	0.0331480876103	2.09904996998e-05	230.0	0.0225563909774	0.00273578441889
117064	Paolo Atzeni	2	0.0125313283208	5.03771992796e-05	26.0	0.0175438596491	0.00320174121885
# Periodo: 1999-2000
53022	Rajeev Rastogi	7	0.0614497115626	0.00190835146352	-150.0	0.0609480812641	0.00451662623128
43338	Hector Garcia-Molina	6	0.0312157368591	0.00132784490771	766.0	0.0248306997743	0.00404211390007
312	Nick Roussopoulos	5	0.020316027088	0.000204283831956	98.0	0.0248306997743	0.00377520510038
580230	Sridhar Ramaswamy	5	0.0389470002861	0.000980562393389	742.0	0.0180586907449	0.00230011837198
54787	S. Seshadri	5	0.0576091045899	0.00091587251327	76.0	0.0609480812641	0.00442227170661
53470	Laks V. S. Lakshmanan	4	0.022855530474	0.00066732718439	480.0	0.0225733634312	0.00353981523376
463451	Swarup Acharya	4	0.0268469613623	0.0	206.0	0.0112866817156	0.00170244949676
250813	Viswanath Poosala	4	0.0268469613623	0.0	206.0	0.0112866817156	0.00170244949676
54788	S. Sudarshan	4	0.0576091045899	0.00178407879908	826.0	0.0609480812641	0.00454006560101
52993	Dan Suciu	4	0.0344333369164	0.00158319969766	1250.0	0.0180586907449	0.00273685552963
53023	Kyuseok Shim	4	0.0400758988452	9.0225359114e-05	138.0	0.0180586907449	0.00186192797766
34980	Raghu Ramakrishnan	3	0.0156183271307	0.000398353472314	356.0	0.0135440180587	0.0025053369397
49320	Christos Faloutsos	3	0.0182091798345	0.000316639939532	186.0	0.020316027088	0.00398382322104
123193	Alon Y. Levy	3	0.0380578986971	0.00145552230269	-30.0	0.038374717833	0.00380189921709
84498	Daniela Florescu	3	0.038737504031	0.00226755053471	1606.0	0.0248306997743	0.00298894336937
49904	David B. Lomet	3	0.00451467268623	1.02141915978e-05	8.0	0.00902934537246	0.00281120536595
53423	Bernhard Seeger	3	0.0182091798345	0.00032685413113	190.0	0.020316027088	0.00410781045993
50627	Ling Liu	3	0.0135440180587	2.04283831956e-05	12.0	0.0180586907449	0.00265812007053
43874	Charu C. Aggarwal	3	0.00902934537246	0.0	8.0	0.0135440180587	0.00225225225225
43875	Philip S. Yu	3	0.00902934537246	0.0	8.0	0.0135440180587	0.00225225225225
54243	Joseph M. Hellerstein	3	0.00451467268623	1.02141915978e-05	8.0	0.00902934537246	0.00281120536595
322546	Praveen Seshadri	3	0.0248306997743	0.0	22.0	0.0293453724605	0.00225225225225
3181	H. V. Jagadish	3	0.0166222039811	8.17135327824e-05	88.0	0.0158013544018	0.00251144470245
48268	Jiawei Han	3	0.022855530474	0.00066732718439	512.0	0.0180586907449	0.00294994923868
48273	Raymond T. Ng	3	0.0221629386415	0.00057539946001	430.0	0.020316027088	0.00323353838944
50745	Phillip B. Gibbons	3	0.0268469613623	0.0	206.0	0.0112866817156	0.00170244949676
50941	Roberta Cochrane	3	0.0222260809168	0.000643494070662	412.0	0.0248306997743	0.00411628017527
53096	Elke A. Rundensteiner	3	0.0338600451467	0.000321747035331	10.0	0.038374717833	0.0038521486338
53131	Divesh Srivastava	3	0.0166222039811	8.17135327824e-05	88.0	0.0158013544018	0.00251144470245
51162	Calton Pu	3	0.0135440180587	2.04283831956e-05	12.0	0.0180586907449	0.00265812007053
49214	Maurizio Lenzerini	2	0.0224405789404	0.000224712215152	138.0	0.0248306997743	0.00307702434652
53453	Daniel A. Keim	2	0.00225733634312	0.0	2.0	0.00677200902935	0.00225225225225
224	Bruce G. Lindsay	2	0.0192626034612	0.000285997364739	228.0	0.0158013544018	0.00289628093554
231	Jim Gray	2	0.0135440180587	2.04283831956e-05	12.0	0.0180586907449	0.00265812007053
55536	Hamid Pirahesh	2	0.016052169551	3.06425747934e-05	72.0	0.0180586907449	0.0028860634338
561410	Ramana Yerneni	2	0.0206141658503	1.02141915978e-05	106.0	0.0135440180587	0.00221779594316
53597	Kenneth Salem	2	0.018641229156	0.000153212873967	152.0	0.0135440180587	0.00247915595176
360	M. Tamer Özsu	2	0.00902934537246	0.0	8.0	0.0135440180587	0.00225225225225
49519	Rakesh Agrawal	2	0.00451467268623	1.02141915978e-05	8.0	0.00902934537246	0.00281120536595
49520	Michael J. Carey	2	0.0158013544018	0.0	14.0	0.020316027088	0.00225225225225
53637	Jennifer Widom	2	0.00677200902935	2.04283831956e-05	14.0	0.0112866817156	0.00291967527827
51718	Joel L. Wolf	2	0.00902934537246	0.0	8.0	0.0135440180587	0.00225225225225
311815	Lawrence D. Bergman	2	0.0112866817156	0.0	10.0	0.0158013544018	0.00225225225225
14903	Li Chen	2	0.02539503386	4.08567663912e-05	40.0	0.0270880361174	0.00269869608639
# Periodo: 2001-2002
54243	Joseph M. Hellerstein	6	0.0486409394574	0.0102119700748	12892.0	0.0199501246883	0.00398356169225
53052	Minos N. Garofalakis	6	0.0632332212946	0.00705112219451	7110.0	0.0224438902743	0.0041289775872
53054	Surajit Chaudhuri	6	0.0472196133044	0.00423732335827	422.0	0.0199501246883	0.00338714468088
54438	Jeffrey F. Naughton	5	0.0692554328465	0.0430035031469	48332.0	0.0448877805486	0.00589406443391
54068	Johannes Gehrke	5	0.0687642595639	0.0364089775561	44170.0	0.0249376558603	0.00442838430593
48404	C. Mohan	5	0.0580584466976	0.00672426077663	6992.0	0.0374064837905	0.00433988176988
53022	Rajeev Rastogi	5	0.0707719751716	0.0369389027431	45210.0	0.0224438902743	0.00390550732071
53096	Elke A. Rundensteiner	5	0.0423940149626	0.00106608478803	298.0	0.0473815461347	0.00667920191485
53129	Nick Koudas	5	0.0565900424037	0.0107044887781	5274.0	0.0324189526185	0.00534408315967
54150	Qiong Luo	4	0.0602221155187	0.0103105331908	9544.0	0.0423940149626	0.00519475049965
54334	Dennis Shasha	4	0.0177334441674	0.000162094763092	74.0	0.0224438902743	0.00392545325256
48268	Jiawei Han	4	0.032319201995	0.000885286783042	412.0	0.0324189526185	0.00453352155858
34328	Krithi Ramamritham	4	0.0319201995012	0.0010349127182	444.0	0.0349127182045	0.00506419576778
52837	Jian Pei	4	0.032319201995	0.000885286783042	380.0	0.0374064837905	0.00497639009028
53131	Divesh Srivastava	4	0.0644950815865	0.035889443059	42284.0	0.0299251870324	0.00479134324726
53272	Vivek R. Narasayya	3	0.0405115345341	2.2859517872e-05	1436.0	0.0149625935162	0.00259138293621
47192	Dimitris Papadias	3	0.0406815130007	0.00133416458853	3072.0	0.0174563591022	0.00282555067042
55531	Laura M. Haas	3	0.0174563591022	0.000162094763092	62.0	0.0224438902743	0.00416939533869
55533	Guy M. Lohman	3	0.0582911458828	0.00249376558603	2208.0	0.0224438902743	0.00319145183817
168213	Philippe Bonnet	3	0.00997506234414	0.0	32.0	0.0074812967581	0.00137428475903
53637	Jennifer Widom	3	0.0414939825899	0.0026433915212	4622.0	0.0124688279302	0.00263884874463
43360	Sharad Mehrotra	3	0.0183631829517	0.000286783042394	130.0	0.0224438902743	0.00441473699905
53727	Per-Åke Larson	3	0.00997506234414	3.74064837905e-05	20.0	0.0149625935162	0.0032195065944
52989	Alon Y. Halevy	3	0.04283841207	0.00329177057357	4490.0	0.0199501246883	0.00349323875607
53786	Gautam Das	3	0.0417920715453	0.000336658354115	1376.0	0.0149625935162	0.00255512409792
268835	Chun Zhang	3	0.0594831938559	0.00844703716898	634.0	0.0324189526185	0.0043060872319
53796	Nicolas Bruno	3	0.0554043462772	0.0132855361596	-3578.0	0.0149625935162	0.00232897161486
43875	Philip S. Yu	3	0.0224438902743	0.000270157938487	176.0	0.0174563591022	0.00289385653209
50745	Phillip B. Gibbons	3	0.0518489871578	0.003927680798	5100.0	0.0149625935162	0.00276449154272
52917	Hans-Peter Kriegel	3	0.0224438902743	0.000336658354115	126.0	0.0274314214464	0.00501924964976
52958	Luis Gravano	3	0.0472963931634	0.00773067331671	9794.0	0.0249376558603	0.00423356355606
20335	Kian-Lee Tan	3	0.0474507043972	0.00765586034913	6930.0	0.0299251870324	0.00453356539117
53193	Divyakant Agrawal	3	0.0500641683227	0.00393391521197	5260.0	0.0224438902743	0.00348659369338
53225	Xin Zhang 0002	3	0.032759011562	0.000243142144638	44.0	0.0349127182045	0.00456791943533
53328	Wei Wang 0010	2	0.0218372986453	5.81878636741e-05	74.0	0.0149625935162	0.00231504545397
53380	Ke Wang	2	0.023764119114	0.0	68.0	0.0149625935162	0.00203346273824
55463	Daniel S. Weld	2	0.0427126017555	0.000648379052369	1362.0	0.0149625935162	0.00245059825075
224	Bruce G. Lindsay	2	0.0574847466314	0.00030281439259	1012.0	0.0249376558603	0.00279378771545
55536	Hamid Pirahesh	2	0.0574847466314	0.00030281439259	1012.0	0.0249376558603	0.00279378771545
76068	Samuel Madden	2	0.0414348743526	0.0	1404.0	0.0124688279302	0.00239240419679
# Periodo: 2003-2004
53054	Surajit Chaudhuri	8	0.0552571756084	0.0204742644205	40688.0	0.0313653136531	0.00555068034393
53470	Laks V. S. Lakshmanan	7	0.0399573113378	0.00130617757194	758.0	0.0332103321033	0.00382168648611
53131	Divesh Srivastava	7	0.0468465029478	0.00419818431086	3570.0	0.0424354243542	0.00499751963212
55536	Hamid Pirahesh	5	0.0637069650375	0.0248014587355	46212.0	0.0369003690037	0.00451783214053
49519	Rakesh Agrawal	5	0.0401297358981	0.00592383927536	98.0	0.0221402214022	0.00321167991839
53637	Jennifer Widom	5	0.0706749143384	0.026690714755	52092.0	0.0369003690037	0.00426496196437
54438	Jeffrey F. Naughton	5	0.0469767976612	0.00790527313776	9326.0	0.020295202952	0.00380649120823
53459	Sihem Amer-Yahia	4	0.0395693762763	0.00266010053816	3338.0	0.0184501845018	0.00252970652974
53678	Wenfei Fan	4	0.0407391977146	0.00248048691208	2302.0	0.0332103321033	0.00368090794283
52989	Alon Y. Halevy	4	0.0654181025281	0.00717204029711	11276.0	0.0276752767528	0.00358134854717
3181	H. V. Jagadish	4	0.034834579115	1.70519265267e-05	234.0	0.0239852398524	0.00244976012178
31596	Yunyue Zhu	4	0.0266382075585	0.00117317254503	1842.0	0.0147601476015	0.00213454211952
250803	Brian Babcock	4	0.0624504174036	0.0103214499269	592.0	0.0239852398524	0.0029379689069
250804	Shivnath Babu	4	0.0590715701933	2.65035658014e-05	1072.0	0.020295202952	0.00230117774148
34980	Raghu Ramakrishnan	4	0.0401806619589	0.00598863659616	15000.0	0.0184501845018	0.00338443164663
54243	Joseph M. Hellerstein	4	0.0659632533825	0.00789845236715	11634.0	0.0387453874539	0.00364638679583
48665	Michael Stonebraker	4	0.0369003690037	0.000552482419464	364.0	0.0405904059041	0.00326182201628
34358	Michael J. Franklin	4	0.0744996744085	0.0301205230167	57616.0	0.0369003690037	0.00402788632368
53150	Rajeev Motwani	4	0.0625738372008	0.0123181818034	-114.0	0.0258302583026	0.00340515473119
47192	Dimitris Papadias	3	0.0149446494465	7.1618091412e-05	20.0	0.0184501845018	0.00296680820083
45196	Tova Milo	3	0.0190328219072	6.36605256995e-05	38.0	0.020295202952	0.00254945914535
53727	Per-Åke Larson	3	0.0347175017803	0.000873058638165	1824.0	0.0110701107011	0.00202493691409
68254	Bin He	3	0.00369003690037	0.0	4.0	0.00738007380074	0.00184162062615
53961	Flip Korn	3	0.0351348772108	0.000699128987593	232.0	0.0147601476015	0.00189947025731
54020	Kevin Chen-Chuan Chang	3	0.00369003690037	0.0	4.0	0.00738007380074	0.00184162062615
54068	Johannes Gehrke	3	0.0238341857103	0.00061386935496	1198.0	0.0147601476015	0.00249519805824
115761	Serge Abiteboul	3	0.0190328219072	6.36605256995e-05	38.0	0.020295202952	0.00254945914535
54328	Amol Deshpande	3	0.0650151162703	0.00261917591449	4646.0	0.0258302583026	0.00281290792581
54334	Dennis Shasha	3	0.0207941110023	0.0	392.0	0.0110701107011	0.00167324220188
50332	Theodore Johnson	3	0.0345393708174	0.000607048584349	562.0	0.0184501845018	0.00258161764623
55155	Jayant R. Haritsa	3	0.00738007380074	3.41038530533e-05	28.0	0.0110701107011	0.00293456439865
193922	Ioana Manolescu	3	0.0226014760148	0.000320576218701	232.0	0.0258302583026	0.00325868059742
64903	Cong Yu	3	0.034834579115	0.000313755448091	558.0	0.0239852398524	0.00258281549694
54786	Philip Bohannon	3	0.0300694078369	0.00092762480305	-96.0	0.020295202952	0.00245426065425
323145	Jonathan Goldstein	3	0.0347175017803	0.000873058638165	1824.0	0.0110701107011	0.00202493691409
52835	Yufei Tao	3	0.0149446494465	7.1618091412e-05	20.0	0.0184501845018	0.00296680820083
323206	Calisto Zuzarte	3	0.0519907415823	0.00105494585445	1178.0	0.0184501845018	0.00239711286356
52923	S. Muthukrishnan	3	0.0351348772108	0.000699128987593	232.0	0.0147601476015	0.00189947025731
216829	Ihab F. Ilyas	3	0.0469767976612	0.00557029599871	11256.0	0.0258302583026	0.00356981639554
53052	Minos N. Garofalakis	3	0.0297156500977	0.000542251263548	642.0	0.0147601476015	0.00207361723842
193942	Jayavel Shanmugasundaram	3	0.0308761042156	0.00193709885343	2408.0	0.0184501845018	0.00288277259383
53217	Ramakrishnan Srikant	3	0.0346036739056	1.70519265267e-05	1830.0	0.0129151291513	0.0019466451291
51198	Peter J. Haas	3	0.0468378130527	0.00907162491218	20422.0	0.0166051660517	0.00241485698784
114735	Yan Zhao	2	0.0277254813364	0.0	294.0	0.00738007380074	0.00107844786933
55408	Volker Markl	2	0.0545902786614	0.0116976215973	-1724.0	0.0184501845018	0.00241032007021
53272	Vivek R. Narasayya	2	0.045361549604	0.00175975881755	4696.0	0.0110701107011	0.00214281829191
340136	Suman Nath	2	0.0514835148351	0.0	1230.0	0.00922509225092	0.00126941782789
53423	Bernhard Seeger	2	0.0106747496046	5.45661648853e-05	70.0	0.0110701107011	0.00192350551694
55506	Antonios Deligiannakis	2	0.00369003690037	0.0	4.0	0.00738007380074	0.00184162062615
231	Jim Gray	2	0.0199461454074	0.0	74.0	0.00922509225092	0.00112625992595
55533	Guy M. Lohman	2	0.0535742159452	0.00236226022149	1174.0	0.0184501845018	0.00236650142477
237825	Oliver Spatscheck	2	0.0342491240038	0.000293293136259	238.0	0.0166051660517	0.00219722359978
555268	Xiaojian Zhao	2	0.0207941110023	0.0	392.0	0.0110701107011	0.00167324220188
76068	Samuel Madden	2	0.064617064538	0.0	980.0	0.020295202952	0.00200365408657
# Periodo: 2005-2006
52827	Beng Chin Ooi	6	0.0341903171953	0.00159500319187	1646.0	0.0300500834725	0.00486355590396
53054	Surajit Chaudhuri	6	0.0279138216142	0.00939134901536	28526.0	0.0267111853088	0.00427332300404
53744	Anthony K. H. Tung	5	0.0294744113753	0.000523912950421	448.0	0.0217028380634	0.00342069301028
54020	Kevin Chen-Chuan Chang	5	0.01717147627	0.000262421762023	244.0	0.0200333889816	0.00323663156276
53131	Divesh Srivastava	5	0.0234180254763	0.000242879715914	146.0	0.0133555926544	0.00228651508819
173820	Alin Deutsch	5	0.0283846571595	0.00201283074913	4756.0	0.0183639398998	0.00297630249038
20335	Kian-Lee Tan	5	0.0316577011068	0.00100129721963	920.0	0.025041736227	0.00389332531182
53129	Nick Koudas	5	0.0234180254763	0.000242879715914	146.0	0.0133555926544	0.00228651508819
53272	Vivek R. Narasayya	4	0.0245921351173	0.00094080993406	2044.0	0.0217028380634	0.00321696525107
34980	Raghu Ramakrishnan	4	0.0547682830557	0.0142991943094	28114.0	0.0300500834725	0.00385275771144
76068	Samuel Madden	4	0.0377813289529	0.00742039407932	16036.0	0.0267111853088	0.00298244058082
53083	Marios Hadjieleftheriou	4	0.01717147627	0.000217754228061	188.0	0.0200333889816	0.00334204638946
251021	Jun Yang 0001	4	0.0100166944908	5.58344174516e-05	48.0	0.0133555926544	0.00285002437523
53130	Yannis Papakonstantinou	4	0.03414386296	0.0116247257134	33636.0	0.0150250417362	0.0023471364896
52989	Alon Y. Halevy	4	0.0410762122918	0.00822161796975	17022.0	0.0283806343907	0.00382575729051
48987	David J. DeWitt	4	0.0420542173464	0.00293130691621	5866.0	0.0150250417362	0.00266518617995
49520	Michael J. Carey	3	0.033563460875	0.00149077894596	3884.0	0.0200333889816	0.00264560277641
100728	Donald Kossmann	3	0.0234654038271	0.00180903512543	5644.0	0.0116861435726	0.00216229164947
193942	Jayavel Shanmugasundaram	3	0.0201526353446	0.000147961206247	8.0	0.0233722871452	0.00294752956794
47192	Dimitris Papadias	3	0.0133555926544	5.02509757064e-05	28.0	0.0133555926544	0.00223295920844
84498	Daniela Florescu	3	0.0275869618764	0.00699605250669	19232.0	0.025041736227	0.00248646276008
54068	Johannes Gehrke	3	0.0156742719347	8.93350679226e-05	94.0	0.016694490818	0.0023161771855
48268	Jiawei Han	3	0.0222257221155	0.00455329674318	15076.0	0.0200333889816	0.0027088470132
250728	Anastassia Ailamaki	3	0.0204507512521	0.000329423062964	296.0	0.0233722871452	0.00343432416263
250804	Shivnath Babu	3	0.0333259835575	0.00050809319881	1876.0	0.00834724540902	0.0016996886759
322530	Kevin S. Beyer	3	0.0302818321882	0.00164897646207	778.0	0.0317195325543	0.0023803361026
322650	Fatma Özcan	3	0.0302818321882	0.00164897646207	778.0	0.0317195325543	0.0023803361026
48221	Philip A. Bernstein	3	0.0477372196905	0.00935226492314	19928.0	0.0150250417362	0.00204614918617
3181	H. V. Jagadish	3	0.0284919309961	0.000402007805652	472.0	0.0183639398998	0.00286103820656
322734	Yanif Ahmad	3	0.0233722871452	3.72229449677e-05	28.0	0.0267111853088	0.00201989930472
322831	Zhen Hua Liu	3	0.0237972378206	0.000670013009419	990.0	0.0217028380634	0.00205575906852
816426	Olga Papaemmanouil	3	0.0233722871452	3.72229449677e-05	28.0	0.0267111853088	0.00201989930472
816543	Muralidhar Krishnaprasad	3	0.0237972378206	0.000670013009419	990.0	0.0217028380634	0.00205575906852
34358	Michael J. Franklin	3	0.0139120756817	6.97930218145e-05	64.0	0.016694490818	0.00245583114795
151129	Ugur Çetintemel	3	0.0233722871452	3.72229449677e-05	28.0	0.0267111853088	0.00201989930472
52923	S. Muthukrishnan	3	0.0387129233654	0.00198770526128	4338.0	0.0150250417362	0.0026503833065
52991	Jayant Madhavan	3	0.0330918431578	0.00101339467675	2914.0	0.0150250417362	0.00237639116142
940078	Yenel Yildirim	2	0.0136338341681	0.0	48.0	0.0100166944908	0.000899064972429
940106	Bert Van der Linden	2	0.0256636878458	2.04726197323e-05	918.0	0.0267111853088	0.0019270532037
250893	Abhijit Pol	2	0.00695603784085	0.0	12.0	0.0100166944908	0.00172620834584
55408	Volker Markl	2	0.0348034902177	0.000737014310361	812.0	0.0183639398998	0.00225365849108
49320	Christos Faloutsos	2	0.0154791494365	0.000463425664848	3208.0	0.00834724540902	0.00189266368123
53608	George Kollios	2	0.0114476508466	1.11668834903e-05	42.0	0.0116861435726	0.00194105160693
55536	Hamid Pirahesh	2	0.0302041864646	0.00143308338126	780.0	0.0300500834725	0.00222274634216
84238	Naveen Ashish	2	0.0334839266075	0.00100501951413	2884.0	0.0183639398998	0.0024451370749
561432	Amit Manjhi	2	0.0155815247635	0.000134002601884	166.0	0.0150250417362	0.00230901594852
293	Donald D. Chamberlin	2	0.0309176711843	0.00714680543381	20138.0	0.0150250417362	0.00140785205974
940346	Dayou Zhou	2	0.0237972378206	0.0	990.0	0.0100166944908	0.00157183071006
54328	Amol Deshpande	2	0.0445748171242	0.00743714440455	16414.0	0.00834724540902	0.000991390103163
360	M. Tamer Özsu	2	0.00667779632721	2.79172087258e-05	44.0	0.00834724540902	0.00185115889433
49519	Rakesh Agrawal	2	0.00667779632721	2.23337669806e-05	24.0	0.0100166944908	0.00234530938124
502191	Mehrdad Jahangiri	2	0.00333889816361	0.0	4.0	0.00667779632721	0.00166666666667
34117	Jianliang Xu	2	0.0100166944908	4.46675339613e-05	44.0	0.0133555926544	0.00239997025138
105037	Roger S. Barga	2	0.0121189637049	3.3500650471e-05	54.0	0.0133555926544	0.00191696192456
442981	Chengkai Li	2	0.0104522029469	0.0	46.0	0.00834724540902	0.00137959544087
33393	Xin Xu	2	0.0255151620861	2.23337669806e-05	134.0	0.0100166944908	0.00149017338821
580241	Liying Sui	2	0.0237972378206	0.0	990.0	0.0100166944908	0.00157183071006
53907	Junghoo Cho	2	0.0114476508466	0.000111668834903	158.0	0.00834724540902	0.00162284432307
174816	Victor Vianu	2	0.0237972378206	0.0	990.0	0.0100166944908	0.00157183071006
49904	David B. Lomet	2	0.0121189637049	3.3500650471e-05	54.0	0.0133555926544	0.00191696192456
# Periodo: 2007-2008
54068	Johannes Gehrke	7	0.0282133333333	0.000323038124907	-46.0	0.0306666666667	0.00297540114425
78381	Alan J. Demers	6	0.0251904761905	0.000136122237057	56.0	0.0266666666667	0.0025050764482
48268	Jiawei Han	6	0.0315736961451	0.00186085150571	-422.0	0.02	0.00258237753191
20335	Kian-Lee Tan	6	0.0437357630979	0.0118747960243	38706.0	0.0266666666667	0.00416799965737
100728	Donald Kossmann	5	0.0317880794702	0.00474944370271	18356.0	0.0213333333333	0.00305657837197
52827	Beng Chin Ooi	5	0.0414686825054	0.00311051772734	2844.0	0.0213333333333	0.00332792877076
52935	K. Selçuk Candan	5	0.0140833333333	6.87731790536e-05	4.0	0.016	0.00197985988318
53129	Nick Koudas	5	0.0474074074074	0.014145082332	52874.0	0.0173333333333	0.0028470056358
34980	Raghu Ramakrishnan	4	0.0144	0.000245660881175	456.0	0.016	0.00239363453606
100711	Wolfgang Lehner	4	0.0284444444444	0.00165316718588	7646.0	0.00933333333333	0.0015114080632
370	Sergey Melnik	4	0.00888888888889	2.67022696929e-05	30.0	0.00933333333333	0.00156545952566
53744	Anthony K. H. Tung	4	0.0470588235294	0.0134478564011	48680.0	0.0186666666667	0.00289521126942
54371	Berthold Reinwald	4	0.0347826086957	0.00136359590565	936.0	0.016	0.00218123648945
54020	Kevin Chen-Chuan Chang	4	0.0307373068433	0.00162705829996	578.0	0.016	0.00244866846644
43875	Philip S. Yu	4	0.0315736961451	0.00224951787569	2286.0	0.0186666666667	0.00272773422082
54150	Qiong Luo	4	0.0137543859649	0.000108589230085	100.0	0.0146666666667	0.00196914246528
3181	H. V. Jagadish	4	0.0140833333333	6.76457498887e-05	26.0	0.016	0.00210774609211
52835	Yufei Tao	4	0.00830769230769	4.98442367601e-05	98.0	0.00933333333333	0.0017181702327
67890	Walker M. White	4	0.0235111111111	8.62780002967e-05	60.0	0.024	0.00222834227104
53052	Minos N. Garofalakis	4	0.00666666666667	2.49221183801e-05	38.0	0.00933333333333	0.00211681006361
53054	Surajit Chaudhuri	4	0.0230912106136	0.00128170894526	1344.0	0.0133333333333	0.00224187571855
55301	Ming Hua	3	0.00771428571429	3.56030262572e-06	28.0	0.008	0.00138025891068
52989	Alon Y. Halevy	3	0.0153686534216	0.000405874499332	2032.0	0.008	0.00158738956856
45196	Tova Milo	3	0.008	3.9163328883e-05	56.0	0.0106666666667	0.00230456356618
452753	Yannis Sismanis	3	0.0339222614841	0.000398753894081	1132.0	0.012	0.00162967296532
442524	Nitin Gupta 0003	3	0.0185614035088	1.42412105029e-05	76.0	0.016	0.00151881280876
76068	Samuel Madden	3	0.00666666666667	1.78015131286e-05	26.0	0.00933333333333	0.00194146194495
53587	Gerhard Weikum	3	0.00933333333333	3.56030262572e-05	54.0	0.012	0.00190427694637
100769	Torsten Grust	3	0.00933333333333	1.60213618158e-05	14.0	0.012	0.00178328378127
53727	Per-Åke Larson	3	0.0242730720607	1.18676754191e-06	1582.0	0.008	0.00133722314363
53916	Dong Xin	3	0.0281292929293	0.00214775255897	6600.0	0.0106666666667	0.0015242448901
27778	Bingsheng He	3	0.0130666666667	6.23052959502e-05	40.0	0.0133333333333	0.00169779970202
53931	Xuemin Lin	3	0.00981818181818	6.76457498887e-05	106.0	0.012	0.00212940054143
131864	Christoph Koch	3	0.0185614035088	0.000151312861593	304.0	0.0133333333333	0.00150133275452
250749	Alin Dobra	3	0.0247741935484	2.99065420561e-05	1542.0	0.0146666666667	0.00172167825873
44045	Jun'ichi Tatemura	3	0.0125185185185	8.24803441626e-06	36.0	0.0133333333333	0.00159724207385
322582	Jan Rittinger	3	0.00933333333333	1.60213618158e-05	14.0	0.012	0.00178328378127
250958	Chaitanya Mishra	3	0.0406779661017	0.000423676012461	2124.0	0.00666666666667	0.00113362505767
54370	Andrey Balmin	3	0.0401673640167	0.00531909212283	15644.0	0.0186666666667	0.0024566700723
251021	Jun Yang 0001	3	0.0279598393574	0.00217712505563	5968.0	0.0146666666667	0.00201032596423
251037	Magdalena Balazinska	3	0.016	9.61281708945e-05	132.0	0.0186666666667	0.00197960494732
499147	Yan Qi 0002	3	0.00979710144928	1.06809078772e-05	46.0	0.0106666666667	0.00135830081792
214494	Atul Adya	3	0.00888888888889	2.67022696929e-05	30.0	0.00933333333333	0.00156545952566
323111	Jingren Zhou	3	0.0242730720607	1.18676754191e-06	1582.0	0.008	0.00133722314363
52826	Chee Yong Chan	3	0.0347826086957	0.000843791722296	3780.0	0.00933333333333	0.00177673663255
52837	Jian Pei	3	0.00771428571429	3.56030262572e-06	28.0	0.008	0.00138025891068
52836	Xiaokui Xiao	3	0.0054	0.0	40.0	0.00533333333333	0.00102263339554
52973	Haixun Wang	3	0.0303355119826	0.00158136774959	1082.0	0.016	0.00241710962375
53193	Divyakant Agrawal	3	0.0140833333333	0.000108233199822	170.0	0.016	0.0020640524882
34128	Gustavo Alonso	3	0.0267782426778	0.000426049547545	3104.0	0.0106666666667	0.00167484776772
53224	Songting Chen	3	0.0125185185185	8.24803441626e-06	36.0	0.0133333333333	0.00159724207385
53251	Wilfred Ng	2	0.00666666666667	2.13618157543e-05	34.0	0.00933333333333	0.0019157938016
75097	Naga K. Govindaraju	2	0.00967901234568	0.0	54.0	0.0106666666667	0.00134262175394
47192	Dimitris Papadias	2	0.0377952755906	0.000840231419671	3512.0	0.00933333333333	0.00156678765927
66566	Vijay Raghavan	2	0.0106666666667	0.0	16.0	0.0133333333333	0.00133155792277
360	M. Tamer Özsu	2	0.0372093023256	0.00712060525145	27752.0	0.0106666666667	0.00154221922864
522394	Julie Letchner	2	0.0128	0.0	30.0	0.0146666666667	0.0014007208362
53403	Hong Cheng	2	0.026984496124	0.000232903130099	344.0	0.0133333333333	0.00165423397242
53405	Tianyi Wu	2	0.0249534050179	0.0001246105919	372.0	0.012	0.00147837937396
49320	Christos Faloutsos	2	0.00533333333333	1.42412105029e-05	24.0	0.008	0.00187374917276
55546	Gao Cong	2	0.004	1.78015131286e-06	6.0	0.00666666666667	0.001496787738
53499	Akrivi Vlachou	2	0.00533333333333	3.56030262572e-06	8.0	0.008	0.00155436782513
53500	Christos Doulkeridis	2	0.00533333333333	3.56030262572e-06	8.0	0.008	0.00155436782513
53585	Peter Zabback	2	0.0242424242424	0.0	1584.0	0.00666666666667	0.00110286443849
53597	Kenneth Salem	2	0.0322147651007	0.00124966622163	5452.0	0.0133333333333	0.0018995748472
940412	Fenglin Liao	2	0.0112666666667	4.45037828215e-06	40.0	0.0106666666667	0.00128736043785
381325	Yiyao Lu	2	0.0106666666667	0.0	16.0	0.0133333333333	0.00133155792277
156741	Ke Yang	2	0.00967901234568	0.0	54.0	0.0106666666667	0.00134262175394
53665	Christopher M. Jermaine	2	0.0288288288288	0.000883667111704	888.0	0.0133333333333	0.00157576218312
100865	Tim Kraska	2	0.0267409470752	4.74707016763e-06	1436.0	0.0106666666667	0.00149366994253
84498	Daniela Florescu	2	0.0267409470752	4.74707016763e-06	1436.0	0.0106666666667	0.00149366994253
53678	Wenfei Fan	2	0.004	1.78015131286e-06	6.0	0.00666666666667	0.001496787738
53786	Gautam Das	2	0.0415584415584	0.000840231419671	3236.0	0.00933333333333	0.00159295115544
53796	Nicolas Bruno	2	0.0180596627756	0.000206497552292	1142.0	0.00533333333333	0.00110221729169
381531	Oliver Po	2	0.0118596491228	1.42412105029e-06	38.0	0.012	0.00143230554596
# Periodo: 2009-2010
53131	Divesh Srivastava	8	0.045045232401	0.00626170988134	13382.0	0.0233128834356	0.0035976100786
53054	Surajit Chaudhuri	7	0.0376085195046	0.00428778152705	11880.0	0.0196319018405	0.00296403889272
340136	Suman Nath	5	0.0110429447853	8.74270812921e-05	130.0	0.0134969325153	0.00286548450776
53786	Gautam Das	5	0.0449183444224	0.00631138827458	-10750.0	0.0184049079755	0.00253006341675
52973	Haixun Wang	5	0.0283822322385	0.00388899775403	15726.0	0.0282208588957	0.0037985052422
53096	Elke A. Rundensteiner	5	0.0177300613497	0.000313531601875	522.0	0.0196319018405	0.00306332715407
53606	Ke Yi	4	0.0273048155307	0.000764226101649	1012.0	0.0110429447853	0.00145207765033
53972	Wei Wang 0011	4	0.0332887351521	0.00483109992312	752.0	0.0208588957055	0.00248528155085
43338	Hector Garcia-Molina	4	0.0110429447853	2.56251789994e-05	18.0	0.0134969325153	0.0018306098573
49520	Michael J. Carey	4	0.0296932515337	0.000970139129648	1808.0	0.0282208588957	0.00263718928967
53619	Xiaofang Zhou	4	0.0269173428326	0.00192540560639	7610.0	0.0159509202454	0.00245001091299
53744	Anthony K. H. Tung	4	0.0426363964437	0.002993853546	2774.0	0.0159509202454	0.00227947259689
53931	Xuemin Lin	4	0.0332887351521	0.00483109992312	752.0	0.0208588957055	0.00248528155085
76068	Samuel Madden	4	0.015080198093	0.000899895991921	7218.0	0.0147239263804	0.00224404894118
250860	Georgia Koutrika	4	0.0110429447853	2.56251789994e-05	18.0	0.0134969325153	0.0018306098573
322547	AnHai Doan	4	0.0429811651481	0.0044328186046	1080.0	0.0184049079755	0.00250223952216
250901	Raghav Kaushik	4	0.0315762619207	0.00104303092033	20.0	0.00736196319018	0.00119660541266
52978	Nikos Mamoulis	4	0.0102249488753	7.38608100571e-05	116.0	0.0122699386503	0.00215428408217
53109	Jeffrey Xu Yu	4	0.032680324849	0.0089175622918	44266.0	0.0184049079755	0.00258049441777
53129	Nick Koudas	4	0.0469000360881	0.0059496066858	-4958.0	0.0134969325153	0.00191594144559
53250	James Cheng	3	0.0295201990971	0.00613195459821	34554.0	0.0134969325153	0.0019847568883
53272	Vivek R. Narasayya	3	0.0299737072743	0.000174854162584	1060.0	0.00858895705521	0.00143650346718
47192	Dimitris Papadias	3	0.0377867589335	0.000955743808505	812.0	0.0110429447853	0.00151057409564
34980	Raghu Ramakrishnan	3	0.035514503942	0.00208183404502	-1860.0	0.0134969325153	0.00195397641212
561419	Jiewen Huang	3	0.0188219013792	0.00367193741427	23892.0	0.0110429447853	0.00162174525891
442650	Benjamin Bercovitz	3	0.00828220858896	3.01472694111e-06	24.0	0.00981595092025	0.0013153774601
53574	Carlo Zaniolo	3	0.00613496932515	1.80883616466e-05	34.0	0.00858895705521	0.0017631876777
53607	Feifei Li	3	0.0255955253129	0.00015020518088	1246.0	0.00981595092025	0.00129424134528
53714	Zhenjie Zhang	3	0.0422971147744	0.00170218661016	10.0	0.0122699386503	0.00167263676645
52989	Alon Y. Halevy	3	0.0247443762781	0.000235148701406	108.0	0.0208588957055	0.00184257483444
52991	Jayant Madhavan	3	0.0247443762781	0.000235148701406	108.0	0.0208588957055	0.00184257483444
100900	Thomas Neumann	3	0.00613496932515	0.0	10.0	0.00858895705521	0.00122549019608
250880	Cheng Sheng	3	0.0304313211258	0.00142555311267	1048.0	0.00981595092025	0.00124591141182
53459	Sihem Amer-Yahia	3	0.045560035057	0.00371975672589	-2950.0	0.0134969325153	0.00180188435903
34128	Gustavo Alonso	3	0.0102249488753	6.93387196455e-05	128.0	0.0122699386503	0.00212175272509
193916	Arvind Arasu	3	0.0284750219106	5.93901207398e-05	1120.0	0.00613496932515	0.00102864320391
34358	Michael J. Franklin	3	0.0422971147744	0.0040849550052	13012.0	0.0233128834356	0.00266779426938
323144	Daniel J. Abadi	3	0.0168686851984	0.00275093833376	18430.0	0.0159509202454	0.00221947835179
54863	Nan Zhang 0004	3	0.0359955130247	6.15506750476e-05	886.0	0.00981595092025	0.00135971410583
52835	Yufei Tao	3	0.0304313211258	0.00142555311267	1048.0	0.00981595092025	0.00124591141182
52827	Beng Chin Ooi	3	0.0429811651481	0.00365348297864	-1290.0	0.0122699386503	0.00167841297322
816879	Arjun Dasgupta	3	0.0359955130247	6.15506750476e-05	886.0	0.00981595092025	0.00135971410583
52990	Zachary G. Ives	3	0.020965769543	0.00118177296091	6730.0	0.0147239263804	0.0022160099782
55210	Boon Thau Loo	3	0.0211428452993	0.00252031172277	13334.0	0.0208588957055	0.0026590250338
51198	Peter J. Haas	3	0.0216528329123	0.000693387196455	1518.0	0.0159509202454	0.001731772423
53083	Marios Hadjieleftheriou	2	0.0425226993865	0.00118440725803	750.0	0.00736196319018	0.00100367920256
323601	Jennifer Neville	2	0.0081799591002	7.53681735277e-05	180.0	0.00858895705521	0.00151266192826
55322	Jeffrey Jestes	2	0.0229439025467	0.0	1390.0	0.00613496932515	0.000861329802853
440357	Zaiben Chen	2	0.0265744467456	0.000182893434427	942.0	0.00858895705521	0.00122328341132
208949	Pradeep Dubey	2	0.0110429447853	1.50736347055e-06	18.0	0.0134969325153	0.00129382643641
940092	Ioana Roxana Stanoi	2	0.0184049079755	8.13976274099e-05	120.0	0.0220858895706	0.00157595360876
634977	Sachin Thatte	2	0.0196499458679	5.42650849399e-06	136.0	0.0147239263804	0.00137696089765
176235	Lucian Popa	2	0.0184049079755	8.13976274099e-05	120.0	0.0220858895706	0.00157595360876
55424	Jie Liu	2	0.00709903593339	3.01472694111e-06	28.0	0.00736196319018	0.00143179928465
55439	Matthias Renz	2	0.00736196319018	9.04418082332e-06	12.0	0.00981595092025	0.00157299692674
561339	Hyun Jin Moon	2	0.00438212094654	0.0	14.0	0.00613496932515	0.00119616124254
940235	Quoc Trung Tran	2	0.00245398773006	0.0	4.0	0.00490797546012	0.00122549019608
442648	Zhuowei Bao	2	0.0239780927532	0.00523959542364	28458.0	0.0134969325153	0.00182806907175
53547	Ben Kao	2	0.00876424189308	2.713254247e-05	20.0	0.00981595092025	0.00167856973988
53550	David Wai-Lok Cheung	2	0.00721761097077	0.0	34.0	0.00613496932515	0.0010280174231
940398	Doug Burdick	2	0.0234420406845	6.10482205574e-05	114.0	0.0171779141104	0.00150605806104
561525	Subi Arumugam	2	0.00490797546012	0.0	8.0	0.00736196319018	0.00122549019608
100728	Donald Kossmann	2	0.00943841434639	4.82356310577e-05	102.0	0.0110429447853	0.00182998764758
53665	Christopher M. Jermaine	2	0.00490797546012	0.0	8.0	0.00736196319018	0.00122549019608
209331	Justin Talbot	2	0.0148115687993	0.000120589077644	198.0	0.0171779141104	0.00203785024293
381298	Venkatesh Raghavan	2	0.0101314636284	0.0	70.0	0.00490797546012	0.00082479707959
442883	Chee-Yong Chan	2	0.00245398773006	0.0	4.0	0.00490797546012	0.00122549019608
84581	Yehoshua Sagiv	2	0.00490797546012	3.01472694111e-06	8.0	0.00736196319018	0.00143055176063
62158	Micah Sherr	2	0.0182990707853	2.41178155289e-05	1368.0	0.0134969325153	0.00169671949365
195296	Wai Kit Wong	2	0.00721761097077	0.0	34.0	0.00613496932515	0.0010280174231
74468	Erik Vee	2	0.0110429447853	2.26104520583e-05	18.0	0.0134969325153	0.00168891526381
54020	Kevin Chen-Chuan Chang	2	0.00613496932515	1.80883616466e-05	34.0	0.00858895705521	0.0017631876777
131864	Christoph Koch	2	0.0210362427179	0.0043050300719	27316.0	0.0110429447853	0.00168234891107
54046	Nikos Sarkas	2	0.0402677077524	0.0016430261829	6416.0	0.00858895705521	0.00134946982099
215842	Malú Castellanos	2	0.00613496932515	6.02945388221e-06	10.0	0.00858895705521	0.00152962644912
54068	Johannes Gehrke	2	0.023527376724	0.00506474126106	31078.0	0.00981595092025	0.00151220480979
4918	Yi Chen	2	0.0298013438504	0.00297101340046	840.0	0.00858895705521	0.00110776520439
55607	Luc Bouganim	2	0.0122699386503	7.53681735277e-05	120.0	0.0147239263804	0.00196688995883
48268	Jiawei Han	2	0.0114204813591	9.04418082332e-05	170.0	0.0134969325153	0.00188574709388
250727	Stavros Harizopoulos	2	0.00490797546012	0.0	8.0	0.00736196319018	0.00122549019608
250735	Luis Leopoldo Perez	2	0.00490797546012	0.0	8.0	0.00736196319018	0.00122549019608
# Periodo: 2011-2012
54068	Johannes Gehrke	7	0.0579962058014	0.0230409000623	81388.0	0.0228640192539	0.00291500739317
53732	Anastasia Ailamaki	5	0.0192539109507	0.000239224044191	332.0	0.0216606498195	0.0029755927819
340136	Suman Nath	5	0.050161063792	0.0153103388282	71068.0	0.0180505415162	0.00256638125336
52827	Beng Chin Ooi	5	0.0259236500499	0.00182892822795	4240.0	0.0240673886883	0.00313085836312
52973	Haixun Wang	5	0.04323606699	0.00483377553535	21534.0	0.0192539109507	0.00306342689162
53786	Gautam Das	4	0.00481347773767	2.89968538414e-06	8.0	0.0072202166065	0.00140304114985
48268	Jiawei Han	4	0.050726258877	0.01624838705	41644.0	0.028880866426	0.00275418802431
54469	Neoklis Polyzotis	4	0.0157240272764	0.000200078291505	322.0	0.0180505415162	0.0029887606883
54863	Nan Zhang 0004	4	0.00481347773767	2.89968538414e-06	8.0	0.0072202166065	0.00140304114985
52911	Jignesh M. Patel	4	0.0139109506619	0.00016093253882	334.0	0.0132370637786	0.00186871117212
55002	Ruoming Jin	4	0.0440827953521	0.0111724877851	56686.0	0.0180505415162	0.00233904972809
53109	Jeffrey Xu Yu	4	0.0379511525845	0.00791034172792	41832.0	0.0204572803851	0.00269644915074
53131	Divesh Srivastava	4	0.0194945848375	0.000597335189132	1874.0	0.0132370637786	0.00203682867499
81933	Bill Howe	3	0.0115523465704	0.000130485842286	246.0	0.0132370637786	0.0023975437008
38960	Marianne Winslett	3	0.0544042957744	0.0204311832166	103790.0	0.0132370637786	0.00162224029154
442524	Nitin Gupta 0003	3	0.0502310234347	0.0143012483146	69824.0	0.0168471720818	0.00189432087744
49320	Christos Faloutsos	3	0.0124118961664	0.000173981123048	438.0	0.0132370637786	0.00182782053098
506034	Russell Sears	3	0.0359796641385	0.0029054847549	15946.0	0.0132370637786	0.00165714699582
561354	Reynold Xin	3	0.0430294430139	0.00771171327911	38194.0	0.0216606498195	0.00245850644481
76068	Samuel Madden	3	0.011200592428	8.84404042161e-05	170.0	0.0132370637786	0.0019434977854
561521	Gabriel Bender	3	0.0539156344351	0.00492946515303	1336.0	0.0108303249097	0.00130269990641
53678	Wenfei Fan	3	0.00962695547533	1.73981123048e-05	16.0	0.0120336943442	0.00164269666152
52989	Alon Y. Halevy	3	0.0425214212546	0.00274310237339	13750.0	0.014440433213	0.00170090765697
53796	Nicolas Bruno	3	0.00842358604091	2.31974830731e-05	38.0	0.0108303249097	0.00173843237298
54056	Guoliang Li	3	0.00481347773767	4.3495280762e-06	8.0	0.0072202166065	0.00153506479933
45196	Tova Milo	3	0.0131720167821	0.000371159729169	1722.0	0.00962695547533	0.00185902943799
250753	Pierre Senellart	3	0.0163545174812	0.000788714424485	3034.0	0.0132370637786	0.00217706675204
54217	Kaushik Chakrabarti	3	0.0349327291975	0.00196888637583	11642.0	0.00962695547533	0.00179670795596
250860	Georgia Koutrika	3	0.0310528015027	0.00158032853435	4066.0	0.0216606498195	0.00215464657681
54321	Wook-Shin Han	3	0.0325050936847	0.00169873235421	1548.0	0.0132370637786	0.0017463234135
54328	Amol Deshpande	3	0.00696235172769	6.66927638351e-05	164.0	0.00842358604091	0.00196491249857
251037	Magdalena Balazinska	3	0.00962695547533	6.95924492193e-05	140.0	0.00962695547533	0.00181607092251
517305	Hongrae Lee	3	0.0425214212546	0.00274310237339	11794.0	0.0192539109507	0.00222353244183
54470	Alkis Simitsis	3	0.0265242679503	0.00121786786134	3288.0	0.0156438026474	0.00184523185996
54475	Jianhua Feng	3	0.00481347773767	4.3495280762e-06	8.0	0.0072202166065	0.00153506479933
323028	Alexandra Meliou	3	0.0406497108382	0.000247923100344	1772.0	0.0072202166065	0.00114807646806
52783	Christian S. Jensen	3	0.0213756412692	0.000487147144535	1452.0	0.0108303249097	0.00188683733396
52836	Xiaokui Xiao	3	0.0568070091524	0.019996230409	-4622.0	0.0156438026474	0.00202145880382
34358	Michael J. Franklin	3	0.0365641053834	0.00384933234744	21498.0	0.0180505415162	0.00222703852013
48837	Xifeng Yan	3	0.013575511432	0.000150783639975	16.0	0.014440433213	0.00192579634772
52993	Dan Suciu	3	0.0406497108382	0.000247923100344	1772.0	0.0072202166065	0.00114807646806
42867	Jianzhong Li	3	0.00962695547533	1.73981123048e-05	16.0	0.0120336943442	0.00164269666152
55209	Wenchao Zhou	3	0.042723183633	0.00874545111855	41814.0	0.0192539109507	0.00240088527746
53193	Divyakant Agrawal	3	0.0194945848375	0.000410402138035	1228.0	0.014440433213	0.00196651853088
53248	Mohamed F. Mokbel	2	0.0353094547085	0.000487147144535	2040.0	0.00962695547533	0.00126164278249
53250	James Cheng	2	0.0072202166065	8.69905615241e-06	12.0	0.00962695547533	0.00154274698584
53249	Yiping Ke	2	0.0072202166065	8.69905615241e-06	12.0	0.00962695547533	0.00154274698584
569358	Ziyu Guan	2	0.012776951936	6.95924492193e-05	68.0	0.0120336943442	0.00156814614939
323616	U. Kang	2	0.00868832731649	0.0	100.0	0.0072202166065	0.00104891627821
940094	Meiyu Lu	2	0.0193398659103	5.77037391443e-05	252.0	0.0132370637786	0.00157113037597
817233	Alan Halverson	2	0.0165606555498	9.27899322923e-05	42.0	0.0180505415162	0.00183295294343
512087	Ahmed ElDawy	2	0.0353094547085	0.000487147144535	2040.0	0.00962695547533	0.00126164278249
520288	Nedyalko Borisov	2	0.00481347773767	2.89968538414e-06	8.0	0.0072202166065	0.00140304114985
53607	Feifei Li	2	0.00700142216388	2.0297797689e-05	56.0	0.00842358604091	0.00149743219405
53360	Lise Getoor	2	0.00513015390462	2.31974830731e-05	90.0	0.00601684717208	0.00141508446942
323701	Hazem Elmeleegy	2	0.00481347773767	0.0	8.0	0.0072202166065	0.00120192307692
442525	Sudip Roy 0002	2	0.0478295402426	0.0	1506.0	0.00842358604091	0.00100906591443
118968	Evimaria Terzi	2	0.045589422535	0.000991692401374	5416.0	0.00962695547533	0.00146513565096
53462	Seung-won Hwang	2	0.0282475637668	3.86624717885e-06	2550.0	0.00962695547533	0.00128240184342
784609	Arijit Khan	2	0.00987309922328	1.15987415365e-05	88.0	0.0108303249097	0.00145674997642
52947	Jiaheng Lu	2	0.0198115699569	0.00114827541212	4122.0	0.0108303249097	0.00163675471678
561398	Meihui Zhang	2	0.0198115699569	7.88714424485e-05	246.0	0.014440433213	0.00175464235926
55546	Gao Cong	2	0.0234309913913	0.00125846345671	4344.0	0.00842358604091	0.00127641498472
561405	Jinsoo Lee	2	0.0324465259483	0.000726371188726	2220.0	0.0108303249097	0.0014165406976
323015	Michael J. Cafarella	2	0.0356237821985	0.00196018731968	12090.0	0.00601684717208	0.00104103056093
442653	Aditya G. Parameswaran	2	0.0107209276884	1.73981123048e-05	44.0	0.00962695547533	0.00145425026519
8490	Jian Li	2	0.00649819494585	5.21943369144e-05	144.0	0.0072202166065	0.00162310304565
43338	Hector Garcia-Molina	2	0.0107209276884	1.73981123048e-05	44.0	0.00962695547533	0.00145425026519
250936	Ning Ruan	2	0.0372062435978	5.50940222986e-05	1936.0	0.00842358604091	0.00115935749429
53606	Ke Yi	2	0.00855729375585	4.3495280762e-05	84.0	0.0108303249097	0.00187473977276
53619	Xiaofang Zhou	2	0.00601684717208	1.73981123048e-05	34.0	0.00842358604091	0.00172928022236
51614	Robert C. Miller	2	0.00808931675358	1.44984269207e-06	36.0	0.00962695547533	0.00132548474317
53714	Zhenjie Zhang	2	0.049608324797	0.00020297797689	1452.0	0.00962695547533	0.00122469107203
173820	Alin Deutsch	2	0.00541516245487	2.31974830731e-05	56.0	0.0072202166065	0.001606888842
53744	Anthony K. H. Tung	2	0.0193398659103	5.77037391443e-05	252.0	0.0132370637786	0.00157113037597
78381	Alan J. Demers	2	0.0457051317292	0.0	1576.0	0.00962695547533	0.00117136377609
53865	Piero Fraternali	2	0.00962695547533	0.000104388673829	252.0	0.0120336943442	0.00161918767264
53870	Bolin Ding	2	0.0492016991839	0.00627636901396	1464.0	0.00962695547533	0.00118317949869
410265	Yinan Li	2	0.00891727606529	1.44984269207e-06	78.0	0.00601684717208	0.000980306942472
21148	Marco Tagliasacchi	2	0.0086642599278	4.05955953779e-05	40.0	0.0072202166065	0.00115166319032
53931	Xuemin Lin	2	0.0324465259483	0.00196018731968	12420.0	0.0120336943442	0.00172017658536
115436	David R. Karger	2	0.00808931675358	1.44984269207e-06	36.0	0.00962695547533	0.00132548474317
516850	YongChul Kwon	2	0.0086642599278	1.15987415365e-05	40.0	0.0072202166065	0.00129193299105
