# Periodo: 1975-1977
80697	Dennis Tsichritzis	3	0.0323232323232	0.000618429189858	24.0	0.0505050505051	0.0128114094914
48665	Michael Stonebraker	2	0.010101010101	0.0	2.0	0.030303030303	0.01
320621	J. Wesley Graham	2	0.010101010101	0.0	2.0	0.030303030303	0.01
611471	Nell B. Dale	2	0.010101010101	0.0	2.0	0.030303030303	0.01
320622	James W. Welch	2	0.010101010101	0.0	2.0	0.030303030303	0.01
442521	G. C. H. Sharman	2	0.0	0.0	0.0	0.020202020202	0.01
442595	J. Richard Swenson	2	0.0323232323232	0.000618429189858	24.0	0.0505050505051	0.0128114094914
55533	Guy M. Lohman	2	0.020202020202	0.000206143063286	8.0	0.040404040404	0.0124817518248
940371	L. S. Schneider	2	0.010101010101	0.0	2.0	0.030303030303	0.01
254396	Alfred G. Dale	2	0.010101010101	0.0	2.0	0.030303030303	0.01
# Periodo: 1978-1980
250793	Michael Hammer	4	0.0322580645161	0.000786782061369	32.0	0.0483870967742	0.0145019920319
48665	Michael Stonebraker	3	0.0336021505376	0.000917912404931	44.0	0.0483870967742	0.0126401724579
49669	Gerald J. Popek	2	0.0241935483871	0.000262260687123	14.0	0.0403225806452	0.0103706865891
48192	Stanley Y. W. Su	2	0.00806451612903	0.0	2.0	0.0241935483871	0.008
39004	K. Lam	2	0.0241935483871	0.0	6.0	0.0403225806452	0.008
48221	Philip A. Bernstein	2	0.0322580645161	0.000524521374246	24.0	0.0483870967742	0.0112574850299
84581	Yehoshua Sagiv	2	0.0336021505376	0.000786782061369	40.0	0.0483870967742	0.0112529544793
52851	Daniel J. Rosenkrantz	2	0.00806451612903	0.0	2.0	0.0241935483871	0.008
48344	Gio Wiederhold	2	0.0241935483871	0.000262260687123	14.0	0.0403225806452	0.0103706865891
48987	David J. DeWitt	2	0.00806451612903	0.0	2.0	0.0241935483871	0.008
49038	Clement T. Yu	2	0.0241935483871	0.0	6.0	0.0403225806452	0.008
24995	H. T. Kung	2	0.0161290322581	0.000131130343562	8.0	0.0322580645161	0.00998540145985
# Periodo: 1981-1983
30365	David Maier	5	0.0359712230216	0.000417057658221	26.0	0.0503597122302	0.00914783225068
50398	David Scott Warren	4	0.0299760191847	0.0	12.0	0.0431654676259	0.00739803561788
115713	Witold Lipski Jr.	3	0.00719424460432	0.0	2.0	0.0215827338129	0.00714285714286
53798	Tomasz Imielinski	3	0.00719424460432	0.0	2.0	0.0215827338129	0.00714285714286
50460	Umeshwar Dayal	3	0.0460431654676	0.000729850901887	52.0	0.0575539568345	0.00842052304041
14128	Matthias Jarke	3	0.0287769784173	0.000521322072777	28.0	0.0431654676259	0.0113819177151
48665	Michael Stonebraker	2	0.0	0.0	0.0	0.0143884892086	0.00714285714286
48221	Philip A. Bernstein	2	0.00719424460432	0.0	2.0	0.0215827338129	0.00714285714286
48222	Nathan Goodman	2	0.0418574231524	0.0	22.0	0.0503597122302	0.00687284140632
84581	Yehoshua Sagiv	2	0.00719424460432	0.0	2.0	0.0215827338129	0.00714285714286
118921	Michele Missikoff	2	0.00719424460432	0.0	2.0	0.0215827338129	0.00714285714286
51388	Daniel R. Ries	2	0.0511590727418	0.000278038438814	18.0	0.0647482014388	0.00888350012173
84196	Yahiko Kambayashi	2	0.0143884892086	0.0	4.0	0.0287769784173	0.00714285714286
618781	Wen-Te K. Lin	2	0.0354178195905	0.0	26.0	0.0431654676259	0.00591370281746
# Periodo: 1984-1986
48665	Michael Stonebraker	3	0.0519573978123	0.00340025906736	460.0	0.0569948186528	0.00985516835267
48987	David J. DeWitt	3	0.0566807976134	0.00507340241796	742.0	0.0466321243523	0.00818713124722
51046	Stavros Christodoulakis	3	0.0103626943005	0.0	4.0	0.020725388601	0.00515463917526
49520	Michael J. Carey	3	0.0334011843079	0.0018890328152	400.0	0.0310880829016	0.00739539054268
50124	Haran Boral	3	0.0381727820662	0.000971502590674	230.0	0.020725388601	0.00436586869073
255002	Georg Walch	2	0.0518134715026	5.39723661485e-05	20.0	0.0621761658031	0.00564806674282
44037	Larry Kerschberg	2	0.00518134715026	0.0	2.0	0.0155440414508	0.00515463917526
53798	Tomasz Imielinski	2	0.00518134715026	0.0	2.0	0.0155440414508	0.00515463917526
38446	Won Kim	2	0.0165803108808	0.000215889464594	30.0	0.0259067357513	0.00648575031302
39012	Amihai Motro	2	0.0	0.0	0.0	0.0103626943005	0.00515463917526
50279	Leonard D. Shapiro	2	0.0479606749037	0.000971502590674	190.0	0.0414507772021	0.00703442173718
50322	Vincent Y. Lum	2	0.0518134715026	5.39723661485e-05	20.0	0.0621761658031	0.00564806674282
49320	Christos Faloutsos	2	0.0	0.0	0.0	0.0103626943005	0.00515463917526
49321	Timos K. Sellis	2	0.0328151986183	0.0	114.0	0.0155440414508	0.00283021834311
256702	Peter Pistor	2	0.0518134715026	5.39723661485e-05	20.0	0.0621761658031	0.00564806674282
61136	James Clifford	2	0.0155440414508	0.000107944732297	14.0	0.0259067357513	0.00668214342036
49895	Randy H. Katz	2	0.0492227979275	0.00183506044905	288.0	0.0466321243523	0.00794683211867
312	Nick Roussopoulos	2	0.00518134715026	0.0	2.0	0.0155440414508	0.00515463917526
53727	Per-Åke Larson	2	0.0155440414508	0.000107944732297	14.0	0.0259067357513	0.00668214342036
# Periodo: 1987-1989
48987	David J. DeWitt	5	0.0252513444003	0.00196617108382	698.0	0.029304029304	0.00711453954358
49520	Michael J. Carey	5	0.028946663093	0.00280112044818	970.0	0.029304029304	0.00733057792292
49321	Timos K. Sellis	4	0.0204622963244	0.0016160310278	676.0	0.025641025641	0.0059402434215
49396	Alexander Borgida	4	0.0376766091052	0.00126589097177	248.0	0.043956043956	0.00710650386769
38446	Won Kim	3	0.019943019943	0.000269338504633	66.0	0.025641025641	0.00539677959669
115761	Serge Abiteboul	3	0.0117216117216	0.000107735401853	30.0	0.018315018315	0.00459210058555
51304	David W. Stemple	3	0.010989010989	5.38677009265e-05	14.0	0.018315018315	0.00473115264069
3181	H. V. Jagadish	3	0.0251177394035	0.000121202327085	42.0	0.018315018315	0.00329205492216
231	Jim Gray	3	0.004884004884	0.0	6.0	0.010989010989	0.00319676061591
49519	Rakesh Agrawal	3	0.0263736263736	0.000417474682181	100.0	0.021978021978	0.0042279380451
55180	George P. Copeland	3	0.010989010989	0.0	6.0	0.018315018315	0.0036496350365
53648	Henry F. Korth	3	0.019943019943	0.000296272355096	70.0	0.025641025641	0.00567984287305
53229	Yannis E. Ioannidis	3	0.0242206772819	0.00207390648567	834.0	0.018315018315	0.00432258590007
940079	W. Bradley Rubenstein	2	0.00732600732601	0.0	4.0	0.014652014652	0.0036496350365
52796	Hongjun Lu	2	0.010989010989	5.38677009265e-05	14.0	0.018315018315	0.00473115264069
51291	Lawrence J. Henschen	2	0.00732600732601	0.0	4.0	0.014652014652	0.0036496350365
53879	Daniel Alexander Ford	2	0.003663003663	0.0	2.0	0.010989010989	0.0036496350365
53368	Tom W. Keller	2	0.010989010989	0.0	6.0	0.018315018315	0.0036496350365
151164	Subhasish Mazumdar	2	0.00824175824176	0.0	8.0	0.014652014652	0.00358341967297
48268	Jiawei Han	2	0.00732600732601	0.0	4.0	0.014652014652	0.0036496350365
53407	Marc Gyssens	2	0.00732600732601	0.0	4.0	0.014652014652	0.0036496350365
34980	Raghu Ramakrishnan	2	0.018315018315	0.00016160310278	34.0	0.025641025641	0.00525095308395
54438	Jeffrey F. Naughton	2	0.0130821559393	0.0	14.0	0.018315018315	0.00356229041572
50387	Goetz Graefe	2	0.0191421481744	0.000457875457875	280.0	0.014652014652	0.00358008981617
48357	Gultekin Özsoyoglu	2	0.00732600732601	0.0	4.0	0.014652014652	0.0036496350365
49895	Randy H. Katz	2	0.010989010989	5.38677009265e-05	14.0	0.018315018315	0.00473115264069
53799	Arun N. Swami	2	0.003663003663	0.0	2.0	0.010989010989	0.0036496350365
# Periodo: 1990-1992
49520	Michael J. Carey	6	0.0703737998928	0.0093954248366	2916.0	0.0484429065744	0.00738396977909
48665	Michael Stonebraker	5	0.0616856764492	0.00593521722414	2022.0	0.038062283737	0.0060169673886
48987	David J. DeWitt	5	0.0601992746071	0.00792964244521	2556.0	0.0519031141869	0.00852580932886
55536	Hamid Pirahesh	5	0.0629258374059	0.0126633986928	-1090.0	0.0553633217993	0.00721481334705
54438	Jeffrey F. Naughton	4	0.0388777466775	0.00285947712418	1480.0	0.0276816608997	0.00533255722983
48404	C. Mohan	4	0.0504446795733	0.00208653722927	882.0	0.0449826989619	0.00603588528016
48407	Abraham Silberschatz	4	0.0398941583554	0.00528642829681	2500.0	0.0346020761246	0.00586844775519
34328	Krithi Ramamritham	3	0.0103806228374	4.80584390619e-05	14.0	0.0173010380623	0.00447012352948
3181	H. V. Jagadish	3	0.0311418685121	0.0	392.0	0.0138408304498	0.0026262123322
216724	Betty Salzberg	3	0.0438292964245	0.000889081122645	528.0	0.0276816608997	0.004172113306
54734	Anant Jhingran	3	0.0462642573369	0.0033400615148	1332.0	0.0311418685121	0.00560345568393
49904	David B. Lomet	3	0.0330896674993	0.0	302.0	0.0103806228374	0.00178061758696
51537	Jack A. Orenstein	3	0.0103806228374	0.0	6.0	0.0173010380623	0.00344827586207
231	Jim Gray	3	0.0601992746071	0.00461361014994	1526.0	0.0415224913495	0.00590286261121
49519	Rakesh Agrawal	3	0.0508650519031	0.0036524413687	1608.0	0.0415224913495	0.00533786736861
53637	Jennifer Widom	3	0.0504446795733	0.000816993464052	214.0	0.0449826989619	0.00564644839467
49097	Narain H. Gehani	3	0.0391269630024	0.00192233756248	1088.0	0.0207612456747	0.00365167099832
53229	Yannis E. Ioannidis	3	0.00692041522491	2.40292195309e-05	8.0	0.0138408304498	0.00430405235339
53670	Manolis M. Tsangaris	2	0.0308273041837	0.0	396.0	0.0103806228374	0.00202568040538
53193	Divyakant Agrawal	2	0.0103806228374	4.80584390619e-05	14.0	0.0173010380623	0.00447012352948
8227	J. Srinivasan	2	0.0386316849897	0.0	316.0	0.0138408304498	0.00216348408145
100901	Harald Schöning	2	0.0207612456747	0.0	12.0	0.0276816608997	0.00344827586207
38452	Sushil Jajodia	2	0.00692041522491	2.40292195309e-05	8.0	0.0138408304498	0.00430405235339
51766	Ouri Wolfson	2	0.0138408304498	7.20876585928e-05	20.0	0.0207612456747	0.00446290224465
175690	Arnon Rosenthal	2	0.00346020761246	0.0	2.0	0.0103806228374	0.00344827586207
53527	Waqar Hasan	2	0.0575830776262	0.00973183391003	4280.0	0.0207612456747	0.00315639023724
250956	Sheldon J. Finkelstein	2	0.0476859861592	0.000160194796873	256.0	0.0207612456747	0.00286908587925
53571	Ravi Krishnamurthy	2	0.0476859861592	0.00444540561323	2048.0	0.0207612456747	0.00358368209247
53887	Meichun Hsu	2	0.0138408304498	9.61168781238e-05	24.0	0.0207612456747	0.00485236423704
# Periodo: 1993-1995
49520	Michael J. Carey	8	0.056287447434	0.00781548440411	8038.0	0.0532544378698	0.00537313025717
43338	Hector Garcia-Molina	8	0.0380952380952	0.00680200512976	8962.0	0.0355029585799	0.00546533850688
51264	Amit P. Sheth	5	0.0271437963746	0.000662659525536	438.0	0.0295857988166	0.00436637932553
53798	Tomasz Imielinski	5	0.044860672391	0.00237777829751	2606.0	0.0315581854043	0.00383787884625
48987	David J. DeWitt	5	0.0417235624336	0.000420983698576	678.0	0.0276134122288	0.00266180418319
34980	Raghu Ramakrishnan	4	0.0357273618444	0.00313398975606	3902.0	0.0157790927022	0.00238504227109
49320	Christos Faloutsos	4	0.0438710987354	0.00123176711805	1390.0	0.0295857988166	0.0034461796395
231	Jim Gray	4	0.025121976539	0.000997887285513	844.0	0.0295857988166	0.00431441255256
54438	Jeffrey F. Naughton	4	0.0417235624336	0.000420983698576	678.0	0.0276134122288	0.00266180418319
48404	C. Mohan	4	0.00197238658777	0.0	2.0	0.00591715976331	0.00196850393701
30103	Miron Livny	4	0.0445258912538	0.00402663111693	5344.0	0.0138067061144	0.00190894737599
52917	Hans-Peter Kriegel	4	0.00788954635108	2.33879832542e-05	20.0	0.0118343195266	0.00254771978533
217117	Ashish Gupta	3	0.0327198364008	0.00481402655316	7538.0	0.0118343195266	0.00193255457658
217134	Ming-Chien Shan	3	0.0289855072464	0.000187103866034	368.0	0.0138067061144	0.00215968322436
55391	Anthony Tomasic	3	0.0304761904762	5.84699581355e-05	350.0	0.00986193293886	0.00148211432456
45196	Tova Milo	3	0.0123274161736	0.000179307871616	170.0	0.0118343195266	0.00252099845369
53423	Bernhard Seeger	3	0.00631163708087	0.0	10.0	0.00986193293886	0.00200934608016
55536	Hamid Pirahesh	3	0.022695035461	0.00149683092827	2702.0	0.0138067061144	0.00225986727106
53587	Gerhard Weikum	3	0.0190927021696	0.000709435492044	744.0	0.0177514792899	0.00308647805323
53637	Jennifer Widom	3	0.036036036036	0.00489588449455	7628.0	0.0177514792899	0.00256279940065
53799	Arun N. Swami	3	0.0432352857102	0.000420983698576	658.0	0.025641025641	0.00277718843725
53938	Omran A. Bukhres	3	0.0157790927022	0.000128633907898	76.0	0.0197238658777	0.0033522800366
43875	Philip S. Yu	3	0.0140387515953	8.96539358078e-05	34.0	0.0138067061144	0.00222429699539
100849	Thomas Brinkhoff	3	0.00631163708087	0.0	10.0	0.00986193293886	0.00200934608016
322546	Praveen Seshadri	3	0.034290054184	0.000514535631592	348.0	0.0138067061144	0.002059523553
115761	Serge Abiteboul	3	0.0140884756269	0.000194899860452	136.0	0.0177514792899	0.00337112120199
54324	Inderpal Singh Mumick	3	0.0277777777778	0.00187493665755	3060.0	0.0118343195266	0.00198040500001
250947	José A. Blakeley	3	0.00887573964497	6.23679553445e-05	56.0	0.0118343195266	0.00276822841427
3181	H. V. Jagadish	3	0.0231258504962	0.0	516.0	0.0118343195266	0.00200816670093
50387	Goetz Graefe	3	0.00887573964497	7.01639497626e-05	60.0	0.0118343195266	0.00294271065974
50460	Umeshwar Dayal	3	0.029304029304	0.00096670330784	1284.0	0.0177514792899	0.00295661132234
322921	Christine Tomlinson	3	0.0237508218277	0.000187103866034	48.0	0.0236686390533	0.00296694953112
499110	Seth J. White	3	0.0414338154723	0.0	288.0	0.025641025641	0.00231491799069
48665	Michael Stonebraker	3	0.00788954635108	2.33879832542e-05	20.0	0.0118343195266	0.00254771978533
34358	Michael J. Franklin	3	0.0429242404893	0.00163715882779	1860.0	0.0335305719921	0.0034656657315
50904	Ming-Syan Chen	3	0.0140387515953	8.96539358078e-05	34.0	0.0138067061144	0.00222429699539
38675	V. S. Subrahmanian	3	0.0283687943262	0.00346142152162	5240.0	0.0177514792899	0.00301227487341
55250	Darrell Woelk	3	0.0237508218277	0.000187103866034	48.0	0.0236686390533	0.00296694953112
122923	Konstantinos F. Sagonas	2	0.00394477317554	0.0	4.0	0.00788954635108	0.00196850393701
122924	Terrance Swift	2	0.00394477317554	0.0	4.0	0.00788954635108	0.00196850393701
354	Jim Melton	2	0.0222008164763	0.00044437168183	504.0	0.0157790927022	0.00234930531473
151633	Rafael Alonso	2	0.0315686213122	0.000420983698576	862.0	0.0118343195266	0.00181782470797
64889	Joachim Hammer	2	0.0319361277445	7.79599441807e-06	334.0	0.0157790927022	0.00223426511089
53547	Ben Kao	2	0.0289855072464	2.33879832542e-05	368.0	0.0138067061144	0.00214256538557
442680	Susanne Englert	2	0.0170470555086	0.0	112.0	0.0118343195266	0.00174131893313
176451	Robert L. Grossman	2	0.00394477317554	0.0	4.0	0.00788954635108	0.00196850393701
49519	Rakesh Agrawal	2	0.0429242404893	0.0	278.0	0.0236686390533	0.00241354136682
216486	Patrick E. O'Neil	2	0.023865877712	0.000350819748813	80.0	0.0157790927022	0.00227415711285
51695	Kurt A. Shoens	2	0.0329218106996	0.00414746903041	6012.0	0.0157790927022	0.00205334729702
84514	Jiansan Chen	2	0.0114757037834	1.16939916271e-05	22.0	0.0138067061144	0.00227621553219
# Periodo: 1996-1998
43338	Hector Garcia-Molina	8	0.0626947305406	0.00643129781364	2582.0	0.0429104477612	0.00473663130313
49520	Michael J. Carey	7	0.0755781531901	0.0227739805645	28064.0	0.044776119403	0.00534983153365
54243	Joseph M. Hellerstein	7	0.0947329468361	0.055502278328	30148.0	0.0485074626866	0.00603677939173
54438	Jeffrey F. Naughton	6	0.0841812966989	0.0333745989678	-12028.0	0.044776119403	0.00384004279855
53054	Surajit Chaudhuri	6	0.0529454344904	0.00139566962694	5564.0	0.0111940298507	0.00179798564685
53637	Jennifer Widom	5	0.0708301950597	0.00435945952964	1642.0	0.035447761194	0.00334056696379
54334	Dennis Shasha	5	0.0584830947304	0.0116473706235	26744.0	0.0261194029851	0.00413428150625
48268	Jiawei Han	5	0.0220934799686	0.00043241735249	322.0	0.0242537313433	0.00342550841769
30103	Miron Livny	5	0.0808180016486	0.0129382294137	-1206.0	0.0298507462687	0.00372527192228
34358	Michael J. Franklin	5	0.0826636050517	0.00988108522807	12196.0	0.0167910447761	0.0030117680882
53150	Rajeev Motwani	5	0.0611887183301	0.0046346231379	886.0	0.0223880597015	0.00261080158686
53209	Jeffrey D. Ullman	5	0.072395915161	0.0228308451673	-2902.0	0.0466417910448	0.00445536867913
34980	Raghu Ramakrishnan	4	0.0893196355883	0.0144638954759	-4308.0	0.0317164179104	0.00371048790253
49519	Rakesh Agrawal	4	0.0610800349938	0.00656297949505	15356.0	0.0186567164179	0.00309819843894
100728	Donald Kossmann	4	0.0763330958968	0.0100362672618	9894.0	0.0167910447761	0.00272704972203
322604	Dallan Quass	4	0.082071741531	0.0606569953968	132174.0	0.0298507462687	0.00291693318532
3180	Stefan Berchtold	4	0.0077736318408	0.0	12.0	0.0111940298507	0.00192872440876
322737	Stanley B. Zdonik	4	0.0674275680421	0.00133212442461	4460.0	0.00932835820896	0.0019082929932
30195	Svetlozar Nestorov	4	0.0713445222023	0.0072635185524	1304.0	0.0410447761194	0.00380017718997
52917	Hans-Peter Kriegel	4	0.00932835820896	2.7897893709e-05	26.0	0.0130597014925	0.00238490966023
48987	David J. DeWitt	4	0.072933318561	0.00198075045334	1886.0	0.0373134328358	0.00301511154941
53131	Divesh Srivastava	4	0.0976933514247	0.0415225275492	-2554.0	0.0261194029851	0.00356823923548
53229	Yannis E. Ioannidis	4	0.068707411991	0.0040911098712	6428.0	0.0205223880597	0.00332366479595
53272	Vivek R. Narasayya	3	0.0525008545061	0.0	2620.0	0.00746268656716	0.00109776406332
53453	Daniel A. Keim	3	0.0077736318408	0.0	12.0	0.0111940298507	0.00192872440876
84264	Richard Hull	3	0.0607026649629	0.00396847538011	10188.0	0.0111940298507	0.00236350721844
119159	Yossi Matias	3	0.014064293915	0.000313851304227	384.0	0.0130597014925	0.00251080458761
465396	Roberto J. Bayardo Jr.	3	0.0279850746269	0.0	30.0	0.0317164179104	0.00186219739292
322546	Praveen Seshadri	3	0.0865108420163	0.00526572743758	9434.0	0.0242537313433	0.00329997181206
115761	Serge Abiteboul	3	0.070684603703	0.00278206411	1946.0	0.0317164179104	0.00287693004997
54324	Inderpal Singh Mumick	3	0.0890882375686	0.0615846003627	127624.0	0.0205223880597	0.00286055972313
3182	Kenneth A. Ross	3	0.0937004351539	0.063042265309	139986.0	0.0167910447761	0.00241476442436
322761	Prasad Deshpande	3	0.0684339496547	2.32482447575e-06	2010.0	0.0111940298507	0.00117201239224
48407	Abraham Silberschatz	3	0.0146268656716	0.000369647091645	406.0	0.0167910447761	0.0032630949817
816729	William O'Connell	3	0.0261194029851	3.95220160878e-05	28.0	0.0298507462687	0.00231132178491
173685	Anand Rajaraman	3	0.0706120322413	0.00217020251335	1946.0	0.0298507462687	0.00275838730517
52993	Dan Suciu	3	0.0130597014925	8.36936811271e-05	62.0	0.0167910447761	0.002835369926
239377	Alexandros Biliris	3	0.0261194029851	3.95220160878e-05	28.0	0.0298507462687	0.00231132178491
38675	V. S. Subrahmanian	3	0.0537733537162	0.00525177849072	11348.0	0.0186567164179	0.00287399740067
90055	Euthimios Panagos	3	0.0261194029851	3.95220160878e-05	28.0	0.0298507462687	0.00231132178491
53265	Sergey Brin	2	0.060649135276	0.000346700772144	2268.0	0.0111940298507	0.00132573560116
714779	C. Unnikrishnan	2	0.0279850746269	0.0	30.0	0.0317164179104	0.00186219739292
24616	Andrzej Cichocki	2	0.0279850746269	0.0	30.0	0.0317164179104	0.00186219739292
137288	Shinichi Morishita	2	0.00559701492537	0.0	6.0	0.00932835820896	0.00186219739292
6236	Krzysztof Koperski	2	0.0149920042644	1.39489468545e-05	56.0	0.0149253731343	0.00205229540951
84150	Vipul Kashyap	2	0.0279850746269	0.0	30.0	0.0317164179104	0.00186219739292
55505	Vasilis Vassalos	2	0.0619046979325	9.76426279816e-05	2222.0	0.0205223880597	0.00209370280049
53470	Laks V. S. Lakshmanan	2	0.0182511356262	0.000306876830799	286.0	0.0167910447761	0.00254709351362
55536	Hamid Pirahesh	2	0.0861856132869	0.00133212442461	3572.0	0.0186567164179	0.00239186064208
12535	Alfons Kemper	2	0.0631552978907	6.97447342726e-06	2178.0	0.0111940298507	0.00190647184844
84571	Amy Unruh	2	0.0279850746269	0.0	30.0	0.0317164179104	0.00186219739292
49428	Marek Rusinkiewicz	2	0.0279850746269	0.0	30.0	0.0317164179104	0.00186219739292
940329	Guangshun Chen	2	0.0754124116261	0.0	1824.0	0.0167910447761	0.00189668430044
# Periodo: 1999-2001
53022	Rajeev Rastogi	10	0.0625022889022	0.0141198255888	684.0	0.0479338842975	0.00387762376224
43338	Hector Garcia-Molina	6	0.0249087065155	0.00145312243446	2128.0	0.0181818181818	0.00295887932694
53470	Laks V. S. Lakshmanan	5	0.0624101026354	0.0203236458504	52428.0	0.0198347107438	0.00282645291843
312	Nick Roussopoulos	5	0.0148760330579	0.000109463083575	98.0	0.0181818181818	0.00276599185573
580230	Sridhar Ramaswamy	5	0.0513520019257	0.00424169448853	11988.0	0.0132231404959	0.00175426701554
54243	Joseph M. Hellerstein	5	0.00495867768595	1.64194625363e-05	18.0	0.00826446280992	0.00251777755095
48268	Jiawei Han	5	0.052958760434	0.00901063616295	23040.0	0.0231404958678	0.00335096385302
54787	S. Seshadri	5	0.0618626455947	0.0141335084743	916.0	0.0446280991736	0.00337539733886
54788	S. Sudarshan	5	0.0543184205222	0.0116824475945	10172.0	0.0479338842975	0.00384819615767
52917	Hans-Peter Kriegel	5	0.0451109270648	0.00565559265138	14944.0	0.0214876033058	0.00353642427137
52993	Dan Suciu	5	0.0305619834711	0.00142302008648	2210.0	0.0148760330579	0.00231114611013
53054	Surajit Chaudhuri	5	0.0460435795286	0.0082945651579	22684.0	0.0148760330579	0.00288304484281
53096	Elke A. Rundensteiner	5	0.0336300063573	0.00044651816175	32.0	0.0363636363636	0.00358968304664
53131	Divesh Srivastava	5	0.0712357737151	0.0297383832303	58272.0	0.0181818181818	0.00256431976509
463451	Swarup Acharya	4	0.0432217054002	0.0	1958.0	0.00826446280992	0.00128845126287
43874	Charu C. Aggarwal	4	0.00661157024793	0.0	8.0	0.0099173553719	0.0016501650165
43875	Philip S. Yu	4	0.00661157024793	0.0	8.0	0.0099173553719	0.0016501650165
250813	Viswanath Poosala	4	0.0432217054002	0.0	1958.0	0.00826446280992	0.00128845126287
54334	Dennis Shasha	4	0.0321705089169	0.00252312407641	3536.0	0.0297520661157	0.00377718608442
3181	H. V. Jagadish	4	0.0690278133553	0.0180586722128	25518.0	0.0165289256198	0.00228783546415
48273	Raymond T. Ng	4	0.0530916556923	0.0105814314123	28064.0	0.0181818181818	0.00281619547157
50627	Ling Liu	4	0.0099173553719	1.09463083575e-05	12.0	0.0132231404959	0.00194753351702
34328	Krithi Ramamritham	4	0.0462954590665	0.00918942586613	25132.0	0.0264462809917	0.00369747823353
50745	Phillip B. Gibbons	4	0.0433101838145	0.00172951672049	6486.0	0.0115702479339	0.00197870532839
52837	Jian Pei	4	0.0447767720495	0.00261616769744	8484.0	0.0214876033058	0.00323222882744
53023	Kyuseok Shim	4	0.0590978346184	0.00154434167077	1432.0	0.0132231404959	0.00142913875302
53052	Minos N. Garofalakis	4	0.0591804889326	0.00187090653677	1430.0	0.0148760330579	0.00164295441383
20335	Kian-Lee Tan	4	0.0565695850091	0.00627770784303	8696.0	0.0231404958678	0.00344037346871
51162	Calton Pu	4	0.0099173553719	1.09463083575e-05	12.0	0.0132231404959	0.00194753351702
53225	Xin Zhang 0002	4	0.0323844505663	0.000375823253608	54.0	0.0347107438017	0.00341804826813
53272	Vivek R. Narasayya	3	0.0455970361926	0.000812763395545	1856.0	0.0099173553719	0.00186168405261
34980	Raghu Ramakrishnan	3	0.051227662938	0.0104591976356	32240.0	0.0099173553719	0.00157708087806
55463	Daniel S. Weld	3	0.0293865225683	0.000445697188623	150.0	0.0148760330579	0.00172671461625
49320	Christos Faloutsos	3	0.0133333333333	0.000169667779541	186.0	0.0148760330579	0.00291884077627
123193	Alon Y. Levy	3	0.033584597221	0.00110448251327	20.0	0.0280991735537	0.00283550412474
43360	Sharad Mehrotra	3	0.00661157024793	1.64194625363e-05	20.0	0.0099173553719	0.00213571229529
53637	Jennifer Widom	3	0.00826446280992	4.378523343e-05	42.0	0.0115702479339	0.0028134197095
50941	Roberta Cochrane	3	0.0383626922818	0.0050736139237	17218.0	0.0181818181818	0.00298615318063
52990	Zachary G. Ives	3	0.0315071994547	0.000768978162115	194.0	0.0264462809917	0.00258494775659
84498	Daniela Florescu	3	0.0368216668326	0.00257676098736	3564.0	0.0181818181818	0.00222695040813
53961	Flip Korn	3	0.0595972529391	0.00513929177385	3156.0	0.0099173553719	0.00143640586685
49904	David B. Lomet	3	0.00330578512397	5.47315417875e-06	8.0	0.00661157024793	0.0020596950206
53423	Bernhard Seeger	3	0.0133333333333	0.00017514093372	190.0	0.0148760330579	0.00300968291067
54068	Johannes Gehrke	3	0.0608835245853	0.0168792074873	36430.0	0.0132231404959	0.00189199525829
322546	Praveen Seshadri	3	0.0432217054002	0.0	1958.0	0.0214876033058	0.00172558518818
54266	Dimitrios Gunopulos	3	0.0650985378258	0.0135351102841	35592.0	0.0132231404959	0.0020852350911
23074	John R. Smith	3	0.00826446280992	0.0	10.0	0.0115702479339	0.0016501650165
322848	Kajal T. Claypool	3	0.0242883379247	5.4275445606e-05	72.0	0.0247933884298	0.0023759823211
255284	David Buttler	3	0.00850059031877	0.0	14.0	0.0115702479339	0.00166268579547
396722	Markus M. Breunig	3	0.0448242050707	0.000549139802602	1888.0	0.0115702479339	0.00178476242751
52827	Beng Chin Ooi	3	0.0562686829611	0.00286245963549	1504.0	0.0165289256198	0.00243636986914
52958	Luis Gravano	3	0.0397315019594	0.0051009796946	16718.0	0.0165289256198	0.00298241439384
52989	Alon Y. Halevy	3	0.0233297583749	0.000471785890209	942.0	0.0132231404959	0.00180998298411
53050	Jörg Sander	3	0.0448242050707	0.000549139802602	1888.0	0.0115702479339	0.00178476242751
53129	Nick Koudas	3	0.073207698247	0.0385255322642	100480.0	0.0132231404959	0.00182248653938
53130	Yannis Papakonstantinou	3	0.0586067168792	0.00589458705052	13620.0	0.0181818181818	0.00254320725875
53193	Divyakant Agrawal	3	0.0315021876519	0.000777187893383	116.0	0.0314049586777	0.00262177717249
49214	Maurizio Lenzerini	2	0.0164316966456	0.000120409391933	138.0	0.0181818181818	0.00225445348161
47192	Dimitris Papadias	2	0.00330578512397	5.47315417875e-06	8.0	0.00661157024793	0.0020596950206
634990	Henrique Paques	2	0.00850059031877	0.0	14.0	0.0115702479339	0.00166268579547
# Periodo: 2002-2004
53054	Surajit Chaudhuri	11	0.120869208211	0.0608595952889	-8102.0	0.0278592375367	0.00442077181895
54438	Jeffrey F. Naughton	9	0.129465732874	0.0782288485691	-43472.0	0.0307917888563	0.0039537489066
53131	Divesh Srivastava	9	0.106926051142	0.0554825143911	53844.0	0.0381231671554	0.00423352543446
54243	Joseph M. Hellerstein	8	0.0988139373865	0.0156972767452	35732.0	0.033724340176	0.003166130157
53470	Laks V. S. Lakshmanan	7	0.0958062842511	0.0298824280793	-2210.0	0.0263929618768	0.00284537646639
55536	Hamid Pirahesh	7	0.110767236264	0.0189054514697	-6774.0	0.0366568914956	0.00407865688194
53637	Jennifer Widom	7	0.0969746535712	0.0131254100025	-2608.0	0.0307917888563	0.00349543337703
53052	Minos N. Garofalakis	7	0.102640292299	0.0157839087011	5958.0	0.0161290322581	0.00224507657554
54068	Johannes Gehrke	6	0.105654902282	0.0198958529208	26058.0	0.0190615835777	0.0029180547127
47192	Dimitris Papadias	5	0.0662369619745	0.0121371452194	51680.0	0.0205278592375	0.00264516530601
49519	Rakesh Agrawal	5	0.0874849509345	0.00946727470814	-306.0	0.0175953079179	0.00251284617762
3181	H. V. Jagadish	5	0.0898789472123	0.00051660558979	3362.0	0.0234604105572	0.00242557223999
50332	Theodore Johnson	5	0.0880970905329	0.00246876897438	3430.0	0.0161290322581	0.00196799029463
54334	Dennis Shasha	5	0.064705143582	0.00137799768324	9978.0	0.0102639296188	0.00170449951011
48404	C. Mohan	5	0.108539159672	0.0076513861482	19814.0	0.024926686217	0.00271260906693
53096	Elke A. Rundensteiner	5	0.0234604105572	0.0003455759815	348.0	0.0263929618768	0.0035167920786
53459	Sihem Amer-Yahia	4	0.107382025774	0.0319343636386	-13620.0	0.0146627565982	0.00186775222531
55533	Guy M. Lohman	4	0.104125782401	0.00928896625939	2160.0	0.0175953079179	0.00215684354783
76068	Samuel Madden	4	0.0970369365857	0.000465266694096	3114.0	0.0175953079179	0.00171590789701
53678	Wenfei Fan	4	0.105360188469	0.0505444488068	133174.0	0.0263929618768	0.00292165772661
53727	Per-Åke Larson	4	0.0852151778138	0.0054646220626	16074.0	0.0131964809384	0.00230497962359
43875	Philip S. Yu	4	0.0629264932378	0.00445409042823	3570.0	0.0131964809384	0.00192836495959
54020	Kevin Chen-Chuan Chang	4	0.0804079352123	0.00274738288096	12542.0	0.00733137829912	0.00154317317252
31596	Yunyue Zhu	4	0.0747953021109	0.006803863561	27972.0	0.0117302052786	0.00170569293567
250803	Brian Babcock	4	0.103201168213	0.0083088819794	1380.0	0.0190615835777	0.00225747138679
250804	Shivnath Babu	4	0.089825511453	1.67328290108e-05	3364.0	0.0161290322581	0.00179564110112
34980	Raghu Ramakrishnan	4	0.10313072373	0.0134613148682	41950.0	0.0146627565982	0.0023380068823
54338	Chin-Wan Chung	4	0.00733137829912	3.2296820701e-05	38.0	0.0102639296188	0.00251791420415
48268	Jiawei Han	4	0.0718091778821	0.0299240809401	123522.0	0.0219941348974	0.00296258856854
55155	Jayant R. Haritsa	4	0.0853596103186	0.00548184703364	20224.0	0.0146627565982	0.00260737812059
322885	Sailesh Krishnamurthy	4	0.113088705287	0.0228213206537	-4452.0	0.0307917888563	0.00304599768335
193942	Jayavel Shanmugasundaram	4	0.117121325786	0.0417283402028	-21572.0	0.0219941348974	0.00297191914514
54786	Philip Bohannon	4	0.112751127063	0.0357638721974	-16960.0	0.0190615835777	0.00228400712361
48665	Michael Stonebraker	4	0.0314386751768	0.000861248552026	1106.0	0.0322580645161	0.00248078974711
34358	Michael J. Franklin	4	0.101196590934	0.0144647624092	7198.0	0.0293255131965	0.00319348552103
50745	Phillip B. Gibbons	4	0.0977906215301	0.0117352868556	12378.0	0.0131964809384	0.00192235335272
52835	Yufei Tao	4	0.0582670691338	4.52155489814e-05	5186.0	0.0146627565982	0.00210200652928
52837	Jian Pei	4	0.0824258102913	0.034621160903	138418.0	0.0190615835777	0.00232021695219
52923	S. Muthukrishnan	4	0.0883030451572	0.0051977785529	3398.0	0.0146627565982	0.00179712833286
52989	Alon Y. Halevy	4	0.0988139373865	0.0171789823227	27976.0	0.0219941348974	0.00273953070056
53022	Rajeev Rastogi	4	0.100057291566	0.00637114579738	2534.0	0.0146627565982	0.00188098908313
53129	Nick Koudas	4	0.0958670750406	0.0030282133267	2552.0	0.0131964809384	0.00165066267941
53150	Rajeev Motwani	4	0.103271708998	0.00957355964326	-190.0	0.0205278592375	0.00262355902484
51198	Peter J. Haas	4	0.106100077433	0.0215910207083	43400.0	0.0175953079179	0.00242275514627
53328	Wei Wang 0010	3	0.06295271261	0.00720577955195	26504.0	0.0146627565982	0.00210639344627
55408	Volker Markl	3	0.0974751679122	0.00230177390544	2936.0	0.0146627565982	0.00178116093805
45196	Tova Milo	3	0.0151257910171	4.01915990945e-05	38.0	0.0161290322581	0.00202687601161
55506	Antonios Deligiannakis	3	0.00439882697947	0.0	6.0	0.00733137829912	0.00146412884334
231	Jim Gray	3	0.0242935217275	0.000602873986418	886.0	0.0175953079179	0.00186176169318
237825	Oliver Spatscheck	3	0.0880457519021	0.00179771281093	3432.0	0.0146627565982	0.00176929036636
168213	Philippe Bonnet	3	0.0569064068791	0.0	5310.0	0.00439882697947	0.000801895816609
115761	Serge Abiteboul	3	0.0151257910171	4.01915990945e-05	38.0	0.0161290322581	0.00202687601161
312	Nick Roussopoulos	3	0.00439882697947	0.0	6.0	0.00733137829912	0.00146412884334
53272	Vivek R. Narasayya	3	0.0966644339501	0.000689390162887	3118.0	0.0102639296188	0.00174719553221
53648	Henry F. Korth	3	0.108150687376	0.00287511607255	2794.0	0.0146627565982	0.0017380372892
216829	Ihab F. Ilyas	3	0.0939592725522	0.0100261532477	27204.0	0.0205278592375	0.00277322618012
53786	Gautam Das	3	0.0991381300944	0.000160845002397	3048.0	0.00879765395894	0.0013097397211
53796	Nicolas Bruno	3	0.109801242924	0.0355809416642	-15542.0	0.00733137829912	0.000949461295773
326240	Chris Olston	3	0.0892418843851	0.000206770793631	3386.0	0.00733137829912	0.000957566824039
68254	Bin He	3	0.0687381757343	0.0	4396.0	0.0058651026393	0.00126356231718
53961	Flip Korn	3	0.0881999476147	0.00402547573217	3426.0	0.0117302052786	0.00141869712573
54292	Mirek Riedewald	3	0.0866818762272	0.00410815559316	16464.0	0.00879765395894	0.00156318807752
250901	Raghav Kaushik	3	0.116220392511	0.010194462586	2600.0	0.0117302052786	0.00154568135004
54328	Amol Deshpande	3	0.100389707817	0.0102862156609	-2154.0	0.0205278592375	0.00218914004511
54342	Yuqing Wu	3	0.0912909427577	0.0133689263871	1662.0	0.024926686217	0.00258651016716
322663	Vijayshankar Raman	3	0.100189993544	0.00452916148989	2234.0	0.0131964809384	0.00141278934447
322778	Mehul A. Shah	3	0.0970992996555	0.000992236095804	3112.0	0.0190615835777	0.00190442762458
54583	Vladislav Shkapenyuk	3	0.0746474853083	1.89474681446e-05	4048.0	0.0117302052786	0.00148013995621
# Periodo: 2005-2007
54020	Kevin Chen-Chuan Chang	9	0.0563257396329	0.0139330811388	19184.0	0.0218894009217	0.00306207836835
54068	Johannes Gehrke	8	0.0225014400922	0.000263723452695	114.0	0.0230414746544	0.0024981996812
53054	Surajit Chaudhuri	8	0.0598499179174	0.0120633580945	36354.0	0.0195852534562	0.0029828740734
53131	Divesh Srivastava	7	0.0525015936045	0.00397844147147	13362.0	0.0138248847926	0.00227645114717
34980	Raghu Ramakrishnan	6	0.0815598930712	0.0595644715249	217116.0	0.0218894009217	0.00284840086889
100728	Donald Kossmann	6	0.0668896616983	0.0346397946218	-9704.0	0.0149769585253	0.00234078141484
53744	Anthony K. H. Tung	6	0.0636480857852	0.014662027769	34094.0	0.0184331797235	0.00284418518315
3181	H. V. Jagadish	6	0.0592287126133	0.0136893467064	100668.0	0.0207373271889	0.00276780226233
251021	Jun Yang 0001	6	0.0677939463505	0.0384917249632	-33772.0	0.0149769585253	0.00240601810369
52827	Beng Chin Ooi	6	0.0593136283303	0.0179377127195	125790.0	0.0207373271889	0.00315215423117
173820	Alin Deutsch	6	0.0594201159933	0.00449933294001	30816.0	0.0126728110599	0.00191727868621
53052	Minos N. Garofalakis	6	0.0804888244365	0.0463461312687	-92788.0	0.0172811059908	0.00223494332211
20335	Kian-Lee Tan	6	0.0668356312768	0.0426679354394	-49344.0	0.0207373271889	0.00311251440101
53129	Nick Koudas	6	0.0524849422904	0.00297386506785	6306.0	0.0126728110599	0.0020188495593
370	Sergey Melnik	5	0.061450064256	0.00162512822966	5242.0	0.0103686635945	0.00155950131616
193942	Jayavel Shanmugasundaram	5	0.0189485811302	0.000167429400603	46.0	0.0184331797235	0.00199495085337
78381	Alan J. Demers	5	0.0200012800819	0.000100280466393	72.0	0.0184331797235	0.00187436813637
48268	Jiawei Han	5	0.0573009082554	0.0125586403653	37540.0	0.0172811059908	0.00225632625952
250804	Shivnath Babu	5	0.0748123973967	0.0462494643651	-24402.0	0.0172811059908	0.00231721923149
48221	Philip A. Bernstein	5	0.0705392255079	0.0270066280782	179922.0	0.0115207373272	0.00158480020547
52989	Alon Y. Halevy	5	0.0617942580439	0.0184052748234	125306.0	0.0195852534562	0.00263111605298
48987	David J. DeWitt	5	0.0840879182121	0.0662519745318	-207264.0	0.0138248847926	0.00199070164905
53130	Yannis Papakonstantinou	5	0.0681008325274	0.0217739247416	124402.0	0.0103686635945	0.00142709266212
53272	Vivek R. Narasayya	4	0.0615872806258	0.007125926704	9870.0	0.0149769585253	0.00214894423966
47192	Dimitris Papadias	4	0.0122887864823	0.000151483743402	328.0	0.0115207373272	0.00202051478468
76068	Samuel Madden	4	0.0664065100487	0.019272984336	123142.0	0.0184331797235	0.00207598985715
100711	Wolfgang Lehner	4	0.0642909957426	0.00594861600554	42642.0	0.0103686635945	0.00161139912118
360	M. Tamer Özsu	4	0.0646931286323	0.0399271720648	125200.0	0.0126728110599	0.00206440367063
53727	Per-Åke Larson	4	0.0561918584182	0.00100014705439	5890.0	0.00806451612903	0.00134663178803
53083	Marios Hadjieleftheriou	4	0.0122887864823	0.000156798962469	348.0	0.0138248847926	0.0023219416164
43875	Philip S. Yu	4	0.0618635600155	0.017329545143	54288.0	0.0115207373272	0.00180746000482
250749	Alin Dobra	4	0.00691244239631	1.50597873558e-05	32.0	0.00921658986175	0.00159202549729
54150	Qiong Luo	4	0.0511862118903	0.0173980408103	141462.0	0.0161290322581	0.00229873772755
322530	Kevin S. Beyer	4	0.0799830947518	0.0344068914969	-14884.0	0.0264976958525	0.00223359215373
322663	Vijayshankar Raman	4	0.0853015582688	0.0584421496262	-53742.0	0.0218894009217	0.00255350042182
322831	Zhen Hua Liu	4	0.0620026313381	0.00264520735555	5338.0	0.0172811059908	0.00168496159958
816543	Muralidhar Krishnaprasad	4	0.0620026313381	0.00264520735555	5338.0	0.0172811059908	0.00168496159958
323111	Jingren Zhou	4	0.0561918584182	0.00100014705439	5890.0	0.00806451612903	0.00134663178803
52935	K. Selçuk Candan	4	0.0110599078341	7.17554574012e-05	156.0	0.0126728110599	0.00177825209346
53051	Graham Cormode	4	0.0711763539963	0.00200383758817	15450.0	0.00806451612903	0.00133579878908
250893	Abhijit Pol	3	0.00592495062541	1.77173968892e-06	14.0	0.00806451612903	0.00132155580792
55408	Volker Markl	3	0.0758062405137	0.00231803347525	4348.0	0.0161290322581	0.00192118569022
45196	Tova Milo	3	0.00933179723502	6.90978478678e-05	134.0	0.0115207373272	0.00226729160049
49320	Christos Faloutsos	3	0.0484724730643	0.00300309877272	29558.0	0.00806451612903	0.0017891686284
55536	Hamid Pirahesh	3	0.0742751449917	0.00681527281395	3396.0	0.0241935483871	0.00201033323103
55546	Gao Cong	3	0.0678773679415	0.0404015185512	-67136.0	0.00921658986175	0.00139328159239
53587	Gerhard Weikum	3	0.0527190261362	0.00200383758817	20334.0	0.00576036866359	0.00109259078671
49519	Rakesh Agrawal	3	0.00806451612903	4.2521752534e-05	78.0	0.0103686635945	0.00216222158129
49520	Michael J. Carey	3	0.0544000733207	0.00299778355365	26574.0	0.0138248847926	0.00182440527653
49904	David B. Lomet	3	0.010752688172	5.66956700454e-05	30.0	0.0103686635945	0.00144481619837
53678	Wenfei Fan	3	0.070180247261	0.0205543826984	4282.0	0.00806451612903	0.00127140737936
100769	Torsten Grust	3	0.00848345203184	8.85869844459e-06	22.0	0.0103686635945	0.00142978105503
216488	Dieter Gawlick	3	0.0544358628426	0.00300309877272	26566.0	0.00806451612903	0.00128529890567
84498	Daniela Florescu	3	0.0715765670595	0.0429341939754	34998.0	0.0172811059908	0.00168043041077
54371	Berthold Reinwald	3	0.0762603792818	0.0084824618149	1696.0	0.0115207373272	0.00130995930673
53854	Weiyi Meng	3	0.0115207373272	1.86032667336e-05	20.0	0.0138248847926	0.00148214695729
442981	Chengkai Li	3	0.0548872381564	0.000774250244057	6030.0	0.00921658986175	0.00126978237458
131864	Christoph Koch	3	0.0153201294245	0.000123578843302	366.0	0.0115207373272	0.00136533571141
54067	Venkatesh Ganti	3	0.0585580407082	0.00950899565162	-10094.0	0.0138248847926	0.00190356955495
250728	Anastassia Ailamaki	3	0.0141129032258	0.000156798962469	296.0	0.0161290322581	0.00237122496847
250816	Yunyao Li	3	0.0523852557903	3.98641430007e-05	6318.0	0.0126728110599	0.00163608500974
54243	Joseph M. Hellerstein	3	0.081600109981	0.0227470452655	-10420.0	0.0149769585253	0.00171702146907
54292	Mirek Riedewald	3	0.0189485811302	7.01608916812e-05	76.0	0.0161290322581	0.00161963819046
322582	Jan Rittinger	3	0.00848345203184	8.85869844459e-06	22.0	0.0103686635945	0.00142978105503
216829	Ihab F. Ilyas	3	0.0499502031517	2.65760953338e-06	6626.0	0.00691244239631	0.00100989228794
322650	Fatma Özcan	3	0.0729008912077	0.00149725437784	4540.0	0.0218894009217	0.00171887232915
250981	Eric Sedlar	3	0.0618635600155	0.0	5350.0	0.0138248847926	0.00125793349925
54438	Jeffrey F. Naughton	3	0.072676777796	0.0123124069274	-6344.0	0.00921658986175	0.00156209428186
322734	Yanif Ahmad	3	0.0161290322581	1.77173968892e-05	28.0	0.0184331797235	0.00139463703433
322833	Vikas Arora	3	0.0619098477521	0.000657315424589	5346.0	0.0161290322581	0.00150287759253
816426	Olga Papaemmanouil	3	0.0161290322581	1.77173968892e-05	28.0	0.0184331797235	0.00139463703433
34128	Gustavo Alonso	3	0.0581874201974	0.00200560932786	18564.0	0.0103686635945	0.0017032836255
75097	Naga K. Govindaraju	3	0.0459936139637	0.0039890719096	38948.0	0.0138248847926	0.00196258599562
499095	Fan Yang 0002	3	0.0175620995841	0.000107633186102	82.0	0.0149769585253	0.00158130861134
499143	Rui Wang 0002	3	0.0112903225806	5.93532795788e-05	24.0	0.0115207373272	0.0016037989135
214494	Atul Adya	3	0.0609072591246	0.00140188902886	5434.0	0.00806451612903	0.00124967073213
34358	Michael J. Franklin	3	0.00960061443932	3.32201191672e-05	64.0	0.0115207373272	0.00169562564876
52973	Haixun Wang	3	0.0608400820005	0.0187107121997	10542.0	0.0138248847926	0.00202535421649
151129	Ugur Çetintemel	3	0.0161290322581	1.77173968892e-05	28.0	0.0184331797235	0.00139463703433
52826	Chee Yong Chan	3	0.0585373268629	0.00103558184817	12062.0	0.00921658986175	0.00141594534999
52835	Yufei Tao	3	0.0101700301923	3.98641430007e-05	144.0	0.00806451612903	0.00139588534499
216724	Betty Salzberg	3	0.0118845500849	0.000124021778224	268.0	0.0126728110599	0.00175972436035
52923	S. Muthukrishnan	3	0.0712376336812	0.0039970447382	26214.0	0.0103686635945	0.00181973296135
48837	Xifeng Yan	3	0.0561346753872	0.00238564749113	5868.0	0.0126728110599	0.00163832130837
52991	Jayant Madhavan	3	0.0542929865622	0.00200782400247	19788.0	0.0103686635945	0.00163854710174
67890	Walker M. White	3	0.0160010240655	1.12505470246e-05	90.0	0.0138248847926	0.00140412591487
# Periodo: 2008-2010
53054	Surajit Chaudhuri	9	0.0829175369382	0.0400944489289	379434.0	0.0161870503597	0.00231049405074
52827	Beng Chin Ooi	8	0.0912583542633	0.0412964915341	-96010.0	0.0188848920863	0.00253745346661
53129	Nick Koudas	8	0.0970851017028	0.0930723200485	550110.0	0.0152877697842	0.00203622976709
53131	Divesh Srivastava	8	0.0931480872248	0.0213052520352	83306.0	0.0170863309353	0.00245153145991
53744	Anthony K. H. Tung	7	0.0945761130911	0.0274321524547	16154.0	0.0170863309353	0.00233373729893
76068	Samuel Madden	7	0.0409477083609	0.00551898715051	93944.0	0.0134892086331	0.00206883720918
20335	Kian-Lee Tan	7	0.0912969413053	0.0363412553083	7716.0	0.0170863309353	0.00239648336986
53786	Gautam Das	6	0.0953698172204	0.0506101111083	-168082.0	0.0152877697842	0.00201343602142
53931	Xuemin Lin	6	0.0724068632418	0.0376161168329	-41830.0	0.0188848920863	0.00224019133471
48268	Jiawei Han	6	0.0617435705425	0.0126862506395	-10976.0	0.0161870503597	0.0018138647299
52835	Yufei Tao	6	0.0801177240026	0.0611948881615	-128060.0	0.0107913669065	0.0013460545638
52973	Haixun Wang	6	0.0628397165853	0.0109046875911	117246.0	0.0206834532374	0.00277743042168
52989	Alon Y. Halevy	5	0.0774730054492	0.0138261659389	-8402.0	0.0188848920863	0.00186275217445
34980	Raghu Ramakrishnan	5	0.0744285646974	0.0169135548473	-34798.0	0.0143884892086	0.00172981170952
53606	Ke Yi	5	0.0740965223703	0.00264832131127	4310.0	0.0089928057554	0.00118277031589
340136	Suman Nath	5	0.00809352517986	4.69471407572e-05	130.0	0.00989208633094	0.00210084039383
322547	AnHai Doan	5	0.084145466168	0.0253399364396	-1274.0	0.0161870503597	0.00201096574066
250901	Raghav Kaushik	5	0.0725772323318	0.00232950844824	5950.0	0.00629496402878	0.000913877398985
323144	Daniel J. Abadi	5	0.0448892445295	0.0152451396219	232620.0	0.0134892086331	0.00186638519186
52837	Jian Pei	5	0.0704231135639	0.00620261361257	55708.0	0.0143884892086	0.00165302678477
52978	Nikos Mamoulis	5	0.00979216626699	8.17527795945e-05	252.0	0.0107913669065	0.00170805096476
53096	Elke A. Rundensteiner	5	0.0543598353945	0.00859132675858	105776.0	0.0143884892086	0.00222416067074
47192	Dimitris Papadias	4	0.0882014976254	0.00407099081188	4546.0	0.00989208633094	0.00128585689025
193916	Arvind Arasu	4	0.0725772323318	0.00232950844824	5950.0	0.00629496402878	0.000913877398985
53972	Wei Wang 0011	4	0.0669303366978	0.00434521674668	6452.0	0.0152877697842	0.00181339138214
43338	Hector Garcia-Molina	4	0.00809352517986	1.37603688426e-05	18.0	0.00989208633094	0.00134211827813
53607	Feifei Li	4	0.0681772232987	0.000466643579134	6334.0	0.00809352517986	0.00107484677062
49520	Michael J. Carey	4	0.0708855108953	0.011044005462	73792.0	0.0206834532374	0.00194080789584
53619	Xiaofang Zhou	4	0.056140734838	0.00523217789405	59612.0	0.011690647482	0.00179278241421
100728	Donald Kossmann	4	0.0115107913669	0.000108194272665	348.0	0.0125899280576	0.00184091332582
84581	Yehoshua Sagiv	4	0.0044964028777	4.04716730666e-06	10.0	0.00629496402878	0.00120384421813
54068	Johannes Gehrke	4	0.0618142760341	0.0265154213263	359638.0	0.011690647482	0.00127502095259
250735	Luis Leopoldo Perez	4	0.0575625876265	0.000693860828453	7502.0	0.0107913669065	0.0011511493461
250788	Benny Kimelfeld	4	0.0044964028777	4.04716730666e-06	10.0	0.00629496402878	0.00120384421813
250860	Georgia Koutrika	4	0.00809352517986	1.37603688426e-05	18.0	0.00989208633094	0.00134211827813
250888	Utkarsh Srivastava	4	0.065409653495	0.00727016946299	78292.0	0.011690647482	0.00150686617315
100900	Thomas Neumann	4	0.00647482014388	5.18037415252e-05	272.0	0.00719424460432	0.000995689529829
34128	Gustavo Alonso	4	0.0100093837973	8.57999469012e-05	314.0	0.00989208633094	0.00170049000296
34358	Michael J. Franklin	4	0.0841126864772	0.019817300382	74232.0	0.0188848920863	0.00210382443395
52836	Xiaokui Xiao	4	0.0701713572269	0.0315201964928	366126.0	0.0089928057554	0.00122285094053
53459	Sihem Amer-Yahia	4	0.0892958090104	0.00724028191069	2358.0	0.011690647482	0.00153173162296
53109	Jeffrey Xu Yu	4	0.0639754862776	0.0124134234879	112544.0	0.0134892086331	0.00187344241972
51198	Peter J. Haas	4	0.0659088114124	0.0244803634662	-71498.0	0.0152877697842	0.00161082092175
53250	James Cheng	3	0.0628946304069	0.00338419707956	4046.0	0.00989208633094	0.00140125705323
53272	Vivek R. Narasayya	3	0.0699213944906	0.000383671460671	6172.0	0.00629496402878	0.00101941741877
55301	Ming Hua	3	0.0701257766116	0.000144911520561	6158.0	0.00539568345324	0.000656778973709
176235	Lucian Popa	3	0.0523055392895	0.00411980776485	3580.0	0.0179856115108	0.00147229574949
442650	Benjamin Bercovitz	3	0.00607014388489	1.61886692266e-06	24.0	0.00719424460432	0.000964373771287
53547	Ben Kao	3	0.00881294964029	3.39962053759e-05	24.0	0.0089928057554	0.00130057768075
53574	Carlo Zaniolo	3	0.0044964028777	9.71320153598e-06	34.0	0.00629496402878	0.00129268746182
53587	Gerhard Weikum	3	0.00616649537513	1.13320684586e-05	42.0	0.0089928057554	0.00115469350569
53665	Christopher M. Jermaine	3	0.0575319121202	0.00065502600972	7506.0	0.0089928057554	0.000965232155021
53714	Zhenjie Zhang	3	0.0850402781359	0.00038820159855	4964.0	0.0089928057554	0.00116163947183
52990	Zachary G. Ives	3	0.0757870362187	0.00315355276535	32362.0	0.0107913669065	0.00160989289158
52991	Jayant Madhavan	3	0.0680268639531	0.00109178265766	6348.0	0.0152877697842	0.00139377143806
100865	Tim Kraska	3	0.00793847680476	6.20565653688e-06	58.0	0.00809352517986	0.00117371327993
78381	Alan J. Demers	3	0.0547041464877	5.66603422932e-05	7894.0	0.00989208633094	0.00102488301746
53916	Dong Xin	3	0.0708622468615	0.0159442203213	174388.0	0.00809352517986	0.00101314695543
74468	Erik Vee	3	0.0642802221456	0.00702021641013	75676.0	0.0143884892086	0.00171766267818
54046	Nikos Sarkas	3	0.0884906828635	0.00494358017508	36960.0	0.00809352517986	0.00113992012464
4918	Yi Chen	3	0.0702855684203	0.00593500358856	6144.0	0.00719424460432	0.000954032696869
43875	Philip S. Yu	3	0.0543324776515	0.00274478886738	5044.0	0.0089928057554	0.00112606792694
250727	Stavros Harizopoulos	3	0.0408779375591	0.00314707729766	56676.0	0.00809352517986	0.00115855096755
54148	David W. Cheung	3	0.0083932853717	2.67113042239e-05	34.0	0.00809352517986	0.00116710785186
521135	Yizhou Sun	3	0.0543598353945	3.07584715306e-05	7944.0	0.0107913669065	0.00121264413862
322530	Kevin S. Beyer	3	0.0747635963252	0.0389313138941	-212202.0	0.0143884892086	0.00167124159581
250880	Cheng Sheng	3	0.0762419725237	0.00235383040505	5664.0	0.00719424460432	0.000883640056204
250936	Ning Ruan	3	0.0550809352518	0.000262796063779	7840.0	0.00629496402878	0.000878803231963
250938	Ziyang Liu	3	0.0702855684203	0.00593500358856	6144.0	0.00719424460432	0.000954032696869
3181	H. V. Jagadish	3	0.00269784172662	3.23773384533e-06	14.0	0.0044964028777	0.00116472221343
250998	Ashraf Aboulnaga	3	0.0734912410439	0.00702102584359	70126.0	0.0125899280576	0.0016380515015
322693	Brian F. Cooper	3	0.0652515159223	0.000298788871693	6618.0	0.00809352517986	0.000983151181091
322700	Adam Silberstein	3	0.0652515159223	0.000298788871693	6618.0	0.00809352517986	0.000983151181091
251037	Magdalena Balazinska	3	0.00996126175982	3.23773384533e-05	110.0	0.011690647482	0.00127365177717
54539	Sai Wu	3	0.0818798885806	6.78417369907e-05	5274.0	0.00629496402878	0.000824481342776
54627	Chen Li	3	0.0699893893637	0.00750546897264	14600.0	0.00809352517986	0.00116357133425
64884	Susan B. Davidson	3	0.0736165244415	0.0170873160238	57868.0	0.00809352517986	0.00112847831046
53145	Sunil Prabhakar	3	0.00759892086331	4.53282738346e-05	16.0	0.0089928057554	0.00128591653431
64903	Cong Yu	3	0.0812635552078	0.000552854091819	5314.0	0.00809352517986	0.00112270609662
222673	Fei Xu	3	0.0650941411477	0.00443079612585	4018.0	0.011690647482	0.00123305435802
323084	Laura Chiticariu	3	0.0470920973145	0.00364898730151	48400.0	0.00989208633094	0.00137429355816
561419	Jiewen Huang	3	0.0494769170914	0.0181054076631	269472.0	0.00809352517986	0.00111467943666
54863	Nan Zhang 0004	3	0.0805360933186	0.000106305594588	5362.0	0.00719424460432	0.000965609345446
48837	Xifeng Yan	3	0.0543051474314	0.00117610681932	6984.0	0.00719424460432	0.000893734780517
52935	K. Selçuk Candan	3	0.00629496402878	1.05226349973e-05	38.0	0.00809352517986	0.00120014860211
55002	Ruoming Jin	3	0.0550809352518	0.000262796063779	7840.0	0.00629496402878	0.000878803231963
816879	Arjun Dasgupta	3	0.0805360933186	0.000106305594588	5362.0	0.00719424460432	0.000965609345446
81651	Juliana Freire	3	0.0633932079234	0.00626825272455	68956.0	0.00989208633094	0.00149426289393
52993	Dan Suciu	3	0.00924974306269	1.78075361493e-05	76.0	0.0107913669065	0.00114441281814
53070	Panos Kalnis	3	0.0838513655095	0.0233315178455	586.0	0.0107913669065	0.00139665762204
42867	Jianzhong Li	3	0.0862633904063	0.037689334908	-14944.0	0.00809352517986	0.00103579379999
34681	Yang Xiang	3	0.0550809352518	0.000262796063779	7840.0	0.00629496402878	0.000878803231963
53148	Sudipto Guha	3	0.0859885568248	0.0241838194487	-72562.0	0.0107913669065	0.00152848189822
55210	Boon Thau Loo	3	0.0759202764371	0.00702102584359	65376.0	0.0152877697842	0.00193427081279
54607	Peter A. Boncz	3	0.0555057239555	0.00855409281935	107366.0	0.0089928057554	0.00138067968539
53248	Mohamed F. Mokbel	2	0.0044964028777	9.71320153598e-06	34.0	0.00629496402878	0.00129268746182
53083	Marios Hadjieleftheriou	2	0.0911043317245	0.00575176489344	4740.0	0.00539568345324	0.000694294624672
323601	Jennifer Neville	2	0.00723706748887	6.47546769065e-05	294.0	0.00629496402878	0.000956752545601
55322	Jeffrey Jestes	2	0.063486405818	0.0	6802.0	0.0044964028777	0.000627268597968
55330	Yanlei Diao	2	0.00629496402878	1.9426403072e-05	62.0	0.00809352517986	0.00136800867049
440357	Zaiben Chen	2	0.0560532882106	0.000518037415252	7704.0	0.00629496402878	0.000894242042572
208949	Pradeep Dubey	2	0.00809352517986	8.09433461332e-07	18.0	0.00989208633094	0.00094857355985
940092	Ioana Roxana Stanoi	2	0.0521161636947	0.000763025942882	8286.0	0.0161870503597	0.00122997663454
52922	Yannis Kotidis	2	0.00719424460432	5.18037415252e-05	228.0	0.00719424460432	0.00116080764196
634977	Sachin Thatte	2	0.0612357533145	2.91396046079e-06	7052.0	0.0107913669065	0.00101089094104
55607	Luc Bouganim	2	0.0089928057554	4.04716730666e-05	120.0	0.0107913669065	0.00144203253046
55424	Jie Liu	2	0.00520298047276	1.61886692266e-06	28.0	0.00539568345324	0.00104972885559
12535	Alfons Kemper	2	0.00489608313349	2.15848923022e-06	18.0	0.00629496402878	0.000957551846697
55439	Matthias Renz	2	0.00539568345324	4.85660076799e-06	12.0	0.00719424460432	0.00115324842068
452753	Yannis Sismanis	2	0.0649179994549	0.00236516457401	29512.0	0.0089928057554	0.00119041746061
522394	Julie Letchner	2	0.00863309352518	0.0	30.0	0.00989208633094	0.000979436843606
# Periodo: 2011-2013
54068	Johannes Gehrke	7	0.0579962058014	0.0230409000623	81388.0	0.0228640192539	0.00291500739317
53732	Anastasia Ailamaki	5	0.0192539109507	0.000239224044191	332.0	0.0216606498195	0.0029755927819
340136	Suman Nath	5	0.050161063792	0.0153103388282	71068.0	0.0180505415162	0.00256638125336
52827	Beng Chin Ooi	5	0.0259236500499	0.00182892822795	4240.0	0.0240673886883	0.00313085836312
52973	Haixun Wang	5	0.04323606699	0.00483377553535	21534.0	0.0192539109507	0.00306342689162
53786	Gautam Das	4	0.00481347773767	2.89968538414e-06	8.0	0.0072202166065	0.00140304114985
48268	Jiawei Han	4	0.050726258877	0.01624838705	41644.0	0.028880866426	0.00275418802431
54469	Neoklis Polyzotis	4	0.0157240272764	0.000200078291505	322.0	0.0180505415162	0.0029887606883
54863	Nan Zhang 0004	4	0.00481347773767	2.89968538414e-06	8.0	0.0072202166065	0.00140304114985
52911	Jignesh M. Patel	4	0.0139109506619	0.00016093253882	334.0	0.0132370637786	0.00186871117212
55002	Ruoming Jin	4	0.0440827953521	0.0111724877851	56686.0	0.0180505415162	0.00233904972809
53109	Jeffrey Xu Yu	4	0.0379511525845	0.00791034172792	41832.0	0.0204572803851	0.00269644915074
53131	Divesh Srivastava	4	0.0194945848375	0.000597335189132	1874.0	0.0132370637786	0.00203682867499
81933	Bill Howe	3	0.0115523465704	0.000130485842286	246.0	0.0132370637786	0.0023975437008
38960	Marianne Winslett	3	0.0544042957744	0.0204311832166	103790.0	0.0132370637786	0.00162224029154
442524	Nitin Gupta 0003	3	0.0502310234347	0.0143012483146	69824.0	0.0168471720818	0.00189432087744
49320	Christos Faloutsos	3	0.0124118961664	0.000173981123048	438.0	0.0132370637786	0.00182782053098
506034	Russell Sears	3	0.0359796641385	0.0029054847549	15946.0	0.0132370637786	0.00165714699582
561354	Reynold Xin	3	0.0430294430139	0.00771171327911	38194.0	0.0216606498195	0.00245850644481
76068	Samuel Madden	3	0.011200592428	8.84404042161e-05	170.0	0.0132370637786	0.0019434977854
561521	Gabriel Bender	3	0.0539156344351	0.00492946515303	1336.0	0.0108303249097	0.00130269990641
53678	Wenfei Fan	3	0.00962695547533	1.73981123048e-05	16.0	0.0120336943442	0.00164269666152
52989	Alon Y. Halevy	3	0.0425214212546	0.00274310237339	13750.0	0.014440433213	0.00170090765697
53796	Nicolas Bruno	3	0.00842358604091	2.31974830731e-05	38.0	0.0108303249097	0.00173843237298
54056	Guoliang Li	3	0.00481347773767	4.3495280762e-06	8.0	0.0072202166065	0.00153506479933
45196	Tova Milo	3	0.0131720167821	0.000371159729169	1722.0	0.00962695547533	0.00185902943799
250753	Pierre Senellart	3	0.0163545174812	0.000788714424485	3034.0	0.0132370637786	0.00217706675204
54217	Kaushik Chakrabarti	3	0.0349327291975	0.00196888637583	11642.0	0.00962695547533	0.00179670795596
250860	Georgia Koutrika	3	0.0310528015027	0.00158032853435	4066.0	0.0216606498195	0.00215464657681
54321	Wook-Shin Han	3	0.0325050936847	0.00169873235421	1548.0	0.0132370637786	0.0017463234135
54328	Amol Deshpande	3	0.00696235172769	6.66927638351e-05	164.0	0.00842358604091	0.00196491249857
251037	Magdalena Balazinska	3	0.00962695547533	6.95924492193e-05	140.0	0.00962695547533	0.00181607092251
517305	Hongrae Lee	3	0.0425214212546	0.00274310237339	11794.0	0.0192539109507	0.00222353244183
54470	Alkis Simitsis	3	0.0265242679503	0.00121786786134	3288.0	0.0156438026474	0.00184523185996
54475	Jianhua Feng	3	0.00481347773767	4.3495280762e-06	8.0	0.0072202166065	0.00153506479933
323028	Alexandra Meliou	3	0.0406497108382	0.000247923100344	1772.0	0.0072202166065	0.00114807646806
52783	Christian S. Jensen	3	0.0213756412692	0.000487147144535	1452.0	0.0108303249097	0.00188683733396
52836	Xiaokui Xiao	3	0.0568070091524	0.019996230409	-4622.0	0.0156438026474	0.00202145880382
34358	Michael J. Franklin	3	0.0365641053834	0.00384933234744	21498.0	0.0180505415162	0.00222703852013
48837	Xifeng Yan	3	0.013575511432	0.000150783639975	16.0	0.014440433213	0.00192579634772
52993	Dan Suciu	3	0.0406497108382	0.000247923100344	1772.0	0.0072202166065	0.00114807646806
42867	Jianzhong Li	3	0.00962695547533	1.73981123048e-05	16.0	0.0120336943442	0.00164269666152
55209	Wenchao Zhou	3	0.042723183633	0.00874545111855	41814.0	0.0192539109507	0.00240088527746
53193	Divyakant Agrawal	3	0.0194945848375	0.000410402138035	1228.0	0.014440433213	0.00196651853088
53248	Mohamed F. Mokbel	2	0.0353094547085	0.000487147144535	2040.0	0.00962695547533	0.00126164278249
53250	James Cheng	2	0.0072202166065	8.69905615241e-06	12.0	0.00962695547533	0.00154274698584
53249	Yiping Ke	2	0.0072202166065	8.69905615241e-06	12.0	0.00962695547533	0.00154274698584
569358	Ziyu Guan	2	0.012776951936	6.95924492193e-05	68.0	0.0120336943442	0.00156814614939
323616	U. Kang	2	0.00868832731649	0.0	100.0	0.0072202166065	0.00104891627821
940094	Meiyu Lu	2	0.0193398659103	5.77037391443e-05	252.0	0.0132370637786	0.00157113037597
817233	Alan Halverson	2	0.0165606555498	9.27899322923e-05	42.0	0.0180505415162	0.00183295294343
512087	Ahmed ElDawy	2	0.0353094547085	0.000487147144535	2040.0	0.00962695547533	0.00126164278249
520288	Nedyalko Borisov	2	0.00481347773767	2.89968538414e-06	8.0	0.0072202166065	0.00140304114985
53607	Feifei Li	2	0.00700142216388	2.0297797689e-05	56.0	0.00842358604091	0.00149743219405
53360	Lise Getoor	2	0.00513015390462	2.31974830731e-05	90.0	0.00601684717208	0.00141508446942
323701	Hazem Elmeleegy	2	0.00481347773767	0.0	8.0	0.0072202166065	0.00120192307692
442525	Sudip Roy 0002	2	0.0478295402426	0.0	1506.0	0.00842358604091	0.00100906591443
118968	Evimaria Terzi	2	0.045589422535	0.000991692401374	5416.0	0.00962695547533	0.00146513565096
53462	Seung-won Hwang	2	0.0282475637668	3.86624717885e-06	2550.0	0.00962695547533	0.00128240184342
784609	Arijit Khan	2	0.00987309922328	1.15987415365e-05	88.0	0.0108303249097	0.00145674997642
52947	Jiaheng Lu	2	0.0198115699569	0.00114827541212	4122.0	0.0108303249097	0.00163675471678
561398	Meihui Zhang	2	0.0198115699569	7.88714424485e-05	246.0	0.014440433213	0.00175464235926
55546	Gao Cong	2	0.0234309913913	0.00125846345671	4344.0	0.00842358604091	0.00127641498472
561405	Jinsoo Lee	2	0.0324465259483	0.000726371188726	2220.0	0.0108303249097	0.0014165406976
323015	Michael J. Cafarella	2	0.0356237821985	0.00196018731968	12090.0	0.00601684717208	0.00104103056093
442653	Aditya G. Parameswaran	2	0.0107209276884	1.73981123048e-05	44.0	0.00962695547533	0.00145425026519
8490	Jian Li	2	0.00649819494585	5.21943369144e-05	144.0	0.0072202166065	0.00162310304565
43338	Hector Garcia-Molina	2	0.0107209276884	1.73981123048e-05	44.0	0.00962695547533	0.00145425026519
250936	Ning Ruan	2	0.0372062435978	5.50940222986e-05	1936.0	0.00842358604091	0.00115935749429
53606	Ke Yi	2	0.00855729375585	4.3495280762e-05	84.0	0.0108303249097	0.00187473977276
53619	Xiaofang Zhou	2	0.00601684717208	1.73981123048e-05	34.0	0.00842358604091	0.00172928022236
51614	Robert C. Miller	2	0.00808931675358	1.44984269207e-06	36.0	0.00962695547533	0.00132548474317
53714	Zhenjie Zhang	2	0.049608324797	0.00020297797689	1452.0	0.00962695547533	0.00122469107203
173820	Alin Deutsch	2	0.00541516245487	2.31974830731e-05	56.0	0.0072202166065	0.001606888842
53744	Anthony K. H. Tung	2	0.0193398659103	5.77037391443e-05	252.0	0.0132370637786	0.00157113037597
78381	Alan J. Demers	2	0.0457051317292	0.0	1576.0	0.00962695547533	0.00117136377609
53865	Piero Fraternali	2	0.00962695547533	0.000104388673829	252.0	0.0120336943442	0.00161918767264
53870	Bolin Ding	2	0.0492016991839	0.00627636901396	1464.0	0.00962695547533	0.00118317949869
410265	Yinan Li	2	0.00891727606529	1.44984269207e-06	78.0	0.00601684717208	0.000980306942472
21148	Marco Tagliasacchi	2	0.0086642599278	4.05955953779e-05	40.0	0.0072202166065	0.00115166319032
53931	Xuemin Lin	2	0.0324465259483	0.00196018731968	12420.0	0.0120336943442	0.00172017658536
115436	David R. Karger	2	0.00808931675358	1.44984269207e-06	36.0	0.00962695547533	0.00132548474317
516850	YongChul Kwon	2	0.0086642599278	1.15987415365e-05	40.0	0.0072202166065	0.00129193299105
