# Periodo: 1975-1977
80697	Dennis Tsichritzis	3	0.0323232323232	0.000618429189858	24.0	0.0505050505051	0.0128114094914
48665	Michael Stonebraker	2	0.010101010101	0.0	2.0	0.030303030303	0.01
320621	J. Wesley Graham	2	0.010101010101	0.0	2.0	0.030303030303	0.01
611471	Nell B. Dale	2	0.010101010101	0.0	2.0	0.030303030303	0.01
320622	James W. Welch	2	0.010101010101	0.0	2.0	0.030303030303	0.01
442521	G. C. H. Sharman	2	0.0	0.0	0.0	0.020202020202	0.01
442595	J. Richard Swenson	2	0.0323232323232	0.000618429189858	24.0	0.0505050505051	0.0128114094914
55533	Guy M. Lohman	2	0.020202020202	0.000206143063286	8.0	0.040404040404	0.0124817518248
940371	L. S. Schneider	2	0.010101010101	0.0	2.0	0.030303030303	0.01
254396	Alfred G. Dale	2	0.010101010101	0.0	2.0	0.030303030303	0.01
# Periodo: 1978-1980
250793	Michael Hammer	4	0.0322580645161	0.000786782061369	32.0	0.0483870967742	0.0145019920319
48665	Michael Stonebraker	3	0.0336021505376	0.000917912404931	44.0	0.0483870967742	0.0126401724579
49669	Gerald J. Popek	2	0.0241935483871	0.000262260687123	14.0	0.0403225806452	0.0103706865891
48192	Stanley Y. W. Su	2	0.00806451612903	0.0	2.0	0.0241935483871	0.008
39004	K. Lam	2	0.0241935483871	0.0	6.0	0.0403225806452	0.008
48221	Philip A. Bernstein	2	0.0322580645161	0.000524521374246	24.0	0.0483870967742	0.0112574850299
84581	Yehoshua Sagiv	2	0.0336021505376	0.000786782061369	40.0	0.0483870967742	0.0112529544793
52851	Daniel J. Rosenkrantz	2	0.00806451612903	0.0	2.0	0.0241935483871	0.008
48344	Gio Wiederhold	2	0.0241935483871	0.000262260687123	14.0	0.0403225806452	0.0103706865891
48987	David J. DeWitt	2	0.00806451612903	0.0	2.0	0.0241935483871	0.008
49038	Clement T. Yu	2	0.0241935483871	0.0	6.0	0.0403225806452	0.008
24995	H. T. Kung	2	0.0161290322581	0.000131130343562	8.0	0.0322580645161	0.00998540145985
# Periodo: 1979-1981
48665	Michael Stonebraker	3	0.0178571428571	0.000160875160875	8.0	0.0357142857143	0.0110457980751
250941	R. G. G. Cattell	2	0.0178571428571	0.0	4.0	0.0357142857143	0.00884955752212
39004	K. Lam	2	0.0267857142857	0.0	6.0	0.0446428571429	0.00884955752212
84581	Yehoshua Sagiv	2	0.0200892857143	0.0	8.0	0.0357142857143	0.0086889992757
52851	Daniel J. Rosenkrantz	2	0.0178571428571	0.000160875160875	8.0	0.0357142857143	0.0110457980751
30365	David Maier	2	0.0267857142857	0.00032175032175	14.0	0.0446428571429	0.0114719987002
48344	Gio Wiederhold	2	0.0267857142857	0.00032175032175	14.0	0.0446428571429	0.0114719987002
36103	Christos H. Papadimitriou	2	0.0119047619048	0.0	6.0	0.0267857142857	0.00775143724566
116495	Peter Buneman	2	0.0178571428571	0.000160875160875	8.0	0.0357142857143	0.0110457980751
50460	Umeshwar Dayal	2	0.0267857142857	0.00032175032175	14.0	0.0446428571429	0.0114719987002
55612	Edward Sciore	2	0.0	0.0	0.0	0.0178571428571	0.00884955752212
# Periodo: 1982-1984
30365	David Maier	5	0.0380434782609	0.00108695652174	82.0	0.0496894409938	0.0096712292655
14128	Matthias Jarke	4	0.0310559006211	0.000582298136646	38.0	0.0434782608696	0.0106156506261
115713	Witold Lipski Jr.	3	0.00621118012422	0.0	2.0	0.0186335403727	0.00617283950617
48665	Michael Stonebraker	3	0.0526123492875	0.00209627329193	172.0	0.0621118012422	0.00991265469535
53798	Tomasz Imielinski	3	0.00621118012422	0.0	2.0	0.0186335403727	0.00617283950617
50398	David Scott Warren	3	0.0276679841897	0.0	22.0	0.0372670807453	0.006563403996
48987	David J. DeWitt	3	0.0526123492875	0.00209627329193	184.0	0.055900621118	0.00920342604195
50124	Haran Boral	3	0.0357763975155	0.000854037267081	120.0	0.0310559006211	0.00611400263737
27103	Patrick Valduriez	3	0.0124223602484	7.76397515528e-05	8.0	0.0248447204969	0.00770478507705
48221	Philip A. Bernstein	2	0.00621118012422	0.0	2.0	0.0186335403727	0.00617283950617
48222	Nathan Goodman	2	0.0338164251208	0.0	18.0	0.0434782608696	0.00572151190952
118921	Michele Missikoff	2	0.00621118012422	0.0	2.0	0.0186335403727	0.00617283950617
50322	Vincent Y. Lum	2	0.055900621118	0.00108695652174	74.0	0.0683229813665	0.0086588752437
51388	Daniel R. Ries	2	0.0434782608696	0.000155279503106	14.0	0.055900621118	0.00741629308878
61136	James Clifford	2	0.0221827861579	3.88198757764e-05	14.0	0.0310559006211	0.0070237579306
84196	Yahiko Kambayashi	2	0.0124223602484	0.0	4.0	0.0248447204969	0.00617283950617
# Periodo: 1983-1985
48665	Michael Stonebraker	3	0.0491803278689	0.00216177265358	254.0	0.0546448087432	0.00900650124521
30365	David Maier	3	0.0245901639344	0.000720590884525	80.0	0.0327868852459	0.00829416975508
61136	James Clifford	3	0.0227686703097	0.000270221581697	30.0	0.0327868852459	0.0077675231846
14128	Matthias Jarke	3	0.0227686703097	0.000270221581697	30.0	0.0327868852459	0.0077675231846
48987	David J. DeWitt	3	0.0534568781183	0.00336275746112	394.0	0.0491803278689	0.00853833796487
51046	Stavros Christodoulakis	3	0.0	0.0	0.0	0.0109289617486	0.0054347826087
53209	Jeffrey D. Ullman	3	0.0178837555887	0.000300246201886	52.0	0.0218579234973	0.00557476280682
44037	Larry Kerschberg	2	0.00546448087432	0.0	2.0	0.016393442623	0.0054347826087
53798	Tomasz Imielinski	2	0.0109289617486	6.00492403771e-05	8.0	0.0218579234973	0.00678356077436
50279	Leonard D. Shapiro	2	0.0455373406193	0.00084068936528	134.0	0.0437158469945	0.00733809398671
50322	Vincent Y. Lum	2	0.0491803278689	0.00084068936528	74.0	0.0601092896175	0.00762357493796
49895	Randy H. Katz	2	0.0455373406193	0.00084068936528	134.0	0.0437158469945	0.00733809398671
27103	Patrick Valduriez	2	0.0109289617486	6.00492403771e-05	8.0	0.0218579234973	0.00678356077436
53574	Carlo Zaniolo	2	0.00546448087432	0.0	2.0	0.016393442623	0.0054347826087
49519	Rakesh Agrawal	2	0.0372578241431	0.0015612802498	242.0	0.0273224043716	0.00547171832952
49520	Michael J. Carey	2	0.0267284390592	0.0	92.0	0.0218579234973	0.00456451991415
940408	Sharon McCure Kuck	2	0.0109289617486	6.00492403771e-05	8.0	0.0218579234973	0.00678356077436
55180	George P. Copeland	2	0.0178837555887	0.000300246201886	52.0	0.0218579234973	0.00557476280682
# Periodo: 1986-1988
49520	Michael J. Carey	5	0.0279665954554	0.00123001230012	314.0	0.0258302583026	0.00625583274722
49321	Timos K. Sellis	4	0.0147601476015	0.000109334426678	24.0	0.0221402214022	0.00517347657626
48987	David J. DeWitt	4	0.025303110174	0.00101134344677	262.0	0.029520295203	0.00719620767553
38446	Won Kim	3	0.0236162361624	0.00046467131338	100.0	0.029520295203	0.00650172304784
52796	Hongjun Lu	3	0.0221402214022	0.000792674593413	236.0	0.0221402214022	0.00532420162845
51304	David W. Stemple	3	0.0110701107011	5.46672133388e-05	14.0	0.0184501845018	0.00476594052776
53648	Henry F. Korth	3	0.0214693056021	0.000355336886702	86.0	0.0258302583026	0.00578337861253
48665	Michael Stonebraker	2	0.00738007380074	2.73336066694e-05	8.0	0.0147601476015	0.00458887934736
940079	W. Bradley Rubenstein	2	0.00738007380074	0.0	4.0	0.0147601476015	0.00367647058824
51291	Lawrence J. Henschen	2	0.00738007380074	0.0	4.0	0.0147601476015	0.00367647058824
51046	Stavros Christodoulakis	2	0.0110701107011	5.46672133388e-05	14.0	0.0184501845018	0.00476594052776
151164	Subhasish Mazumdar	2	0.00830258302583	0.0	8.0	0.0147601476015	0.00360976834704
48268	Jiawei Han	2	0.00738007380074	0.0	4.0	0.0147601476015	0.00367647058824
34980	Raghu Ramakrishnan	2	0.0110701107011	5.46672133388e-05	14.0	0.0184501845018	0.00476594052776
49320	Christos Faloutsos	2	0.00984009840098	0.0	12.0	0.0147601476015	0.00330221909123
50138	Richard T. Snodgrass	2	0.00738007380074	2.73336066694e-05	8.0	0.0147601476015	0.00458887934736
224	Bruce G. Lindsay	2	0.0184501845018	4.10004100041e-05	10.0	0.0258302583026	0.00433723822786
49896	Tobin J. Lehman	2	0.0177121771218	0.0	60.0	0.0110701107011	0.00250037138778
55533	Guy M. Lohman	2	0.00369003690037	0.0	2.0	0.0110701107011	0.00367647058824
55536	Hamid Pirahesh	2	0.0184501845018	4.10004100041e-05	10.0	0.0258302583026	0.00433723822786
49396	Alexander Borgida	2	0.0184501845018	0.0	10.0	0.0258302583026	0.00367647058824
250750	Dina Bitton	2	0.0	0.0	0.0	0.00738007380074	0.00367647058824
48888	Eric N. Hanson	2	0.0	0.0	0.0	0.00738007380074	0.00367647058824
48404	C. Mohan	2	0.0153751537515	0.0	12.0	0.0221402214022	0.00363337704652
48407	Abraham Silberschatz	2	0.00738007380074	2.73336066694e-05	8.0	0.0147601476015	0.00458887934736
50458	Z. Meral Özsoyoglu	2	0.00738007380074	2.73336066694e-05	8.0	0.0147601476015	0.00458887934736
231	Jim Gray	2	0.00492004920049	0.0	6.0	0.0110701107011	0.00322026620867
# Periodo: 1987-1989
48987	David J. DeWitt	5	0.0252513444003	0.00196617108382	698.0	0.029304029304	0.00711453954358
49520	Michael J. Carey	5	0.028946663093	0.00280112044818	970.0	0.029304029304	0.00733057792292
49321	Timos K. Sellis	4	0.0204622963244	0.0016160310278	676.0	0.025641025641	0.0059402434215
49396	Alexander Borgida	4	0.0376766091052	0.00126589097177	248.0	0.043956043956	0.00710650386769
38446	Won Kim	3	0.019943019943	0.000269338504633	66.0	0.025641025641	0.00539677959669
115761	Serge Abiteboul	3	0.0117216117216	0.000107735401853	30.0	0.018315018315	0.00459210058555
51304	David W. Stemple	3	0.010989010989	5.38677009265e-05	14.0	0.018315018315	0.00473115264069
3181	H. V. Jagadish	3	0.0251177394035	0.000121202327085	42.0	0.018315018315	0.00329205492216
231	Jim Gray	3	0.004884004884	0.0	6.0	0.010989010989	0.00319676061591
49519	Rakesh Agrawal	3	0.0263736263736	0.000417474682181	100.0	0.021978021978	0.0042279380451
55180	George P. Copeland	3	0.010989010989	0.0	6.0	0.018315018315	0.0036496350365
53648	Henry F. Korth	3	0.019943019943	0.000296272355096	70.0	0.025641025641	0.00567984287305
53229	Yannis E. Ioannidis	3	0.0242206772819	0.00207390648567	834.0	0.018315018315	0.00432258590007
940079	W. Bradley Rubenstein	2	0.00732600732601	0.0	4.0	0.014652014652	0.0036496350365
52796	Hongjun Lu	2	0.010989010989	5.38677009265e-05	14.0	0.018315018315	0.00473115264069
51291	Lawrence J. Henschen	2	0.00732600732601	0.0	4.0	0.014652014652	0.0036496350365
53879	Daniel Alexander Ford	2	0.003663003663	0.0	2.0	0.010989010989	0.0036496350365
53368	Tom W. Keller	2	0.010989010989	0.0	6.0	0.018315018315	0.0036496350365
151164	Subhasish Mazumdar	2	0.00824175824176	0.0	8.0	0.014652014652	0.00358341967297
48268	Jiawei Han	2	0.00732600732601	0.0	4.0	0.014652014652	0.0036496350365
53407	Marc Gyssens	2	0.00732600732601	0.0	4.0	0.014652014652	0.0036496350365
34980	Raghu Ramakrishnan	2	0.018315018315	0.00016160310278	34.0	0.025641025641	0.00525095308395
54438	Jeffrey F. Naughton	2	0.0130821559393	0.0	14.0	0.018315018315	0.00356229041572
50387	Goetz Graefe	2	0.0191421481744	0.000457875457875	280.0	0.014652014652	0.00358008981617
48357	Gultekin Özsoyoglu	2	0.00732600732601	0.0	4.0	0.014652014652	0.0036496350365
49895	Randy H. Katz	2	0.010989010989	5.38677009265e-05	14.0	0.018315018315	0.00473115264069
53799	Arun N. Swami	2	0.003663003663	0.0	2.0	0.010989010989	0.0036496350365
# Periodo: 1990-1992
49520	Michael J. Carey	6	0.0703737998928	0.0093954248366	2916.0	0.0484429065744	0.00738396977909
48665	Michael Stonebraker	5	0.0616856764492	0.00593521722414	2022.0	0.038062283737	0.0060169673886
48987	David J. DeWitt	5	0.0601992746071	0.00792964244521	2556.0	0.0519031141869	0.00852580932886
55536	Hamid Pirahesh	5	0.0629258374059	0.0126633986928	-1090.0	0.0553633217993	0.00721481334705
54438	Jeffrey F. Naughton	4	0.0388777466775	0.00285947712418	1480.0	0.0276816608997	0.00533255722983
48404	C. Mohan	4	0.0504446795733	0.00208653722927	882.0	0.0449826989619	0.00603588528016
48407	Abraham Silberschatz	4	0.0398941583554	0.00528642829681	2500.0	0.0346020761246	0.00586844775519
34328	Krithi Ramamritham	3	0.0103806228374	4.80584390619e-05	14.0	0.0173010380623	0.00447012352948
3181	H. V. Jagadish	3	0.0311418685121	0.0	392.0	0.0138408304498	0.0026262123322
216724	Betty Salzberg	3	0.0438292964245	0.000889081122645	528.0	0.0276816608997	0.004172113306
54734	Anant Jhingran	3	0.0462642573369	0.0033400615148	1332.0	0.0311418685121	0.00560345568393
49904	David B. Lomet	3	0.0330896674993	0.0	302.0	0.0103806228374	0.00178061758696
51537	Jack A. Orenstein	3	0.0103806228374	0.0	6.0	0.0173010380623	0.00344827586207
231	Jim Gray	3	0.0601992746071	0.00461361014994	1526.0	0.0415224913495	0.00590286261121
49519	Rakesh Agrawal	3	0.0508650519031	0.0036524413687	1608.0	0.0415224913495	0.00533786736861
53637	Jennifer Widom	3	0.0504446795733	0.000816993464052	214.0	0.0449826989619	0.00564644839467
49097	Narain H. Gehani	3	0.0391269630024	0.00192233756248	1088.0	0.0207612456747	0.00365167099832
53229	Yannis E. Ioannidis	3	0.00692041522491	2.40292195309e-05	8.0	0.0138408304498	0.00430405235339
53670	Manolis M. Tsangaris	2	0.0308273041837	0.0	396.0	0.0103806228374	0.00202568040538
53193	Divyakant Agrawal	2	0.0103806228374	4.80584390619e-05	14.0	0.0173010380623	0.00447012352948
8227	J. Srinivasan	2	0.0386316849897	0.0	316.0	0.0138408304498	0.00216348408145
100901	Harald Schöning	2	0.0207612456747	0.0	12.0	0.0276816608997	0.00344827586207
38452	Sushil Jajodia	2	0.00692041522491	2.40292195309e-05	8.0	0.0138408304498	0.00430405235339
51766	Ouri Wolfson	2	0.0138408304498	7.20876585928e-05	20.0	0.0207612456747	0.00446290224465
175690	Arnon Rosenthal	2	0.00346020761246	0.0	2.0	0.0103806228374	0.00344827586207
53527	Waqar Hasan	2	0.0575830776262	0.00973183391003	4280.0	0.0207612456747	0.00315639023724
250956	Sheldon J. Finkelstein	2	0.0476859861592	0.000160194796873	256.0	0.0207612456747	0.00286908587925
53571	Ravi Krishnamurthy	2	0.0476859861592	0.00444540561323	2048.0	0.0207612456747	0.00358368209247
53887	Meichun Hsu	2	0.0138408304498	9.61168781238e-05	24.0	0.0207612456747	0.00485236423704
# Periodo: 1991-1993
49520	Michael J. Carey	7	0.033257918552	0.00115351657768	50.0	0.0307692307692	0.00540694322713
48404	C. Mohan	6	0.0486805165637	0.0014545294751	1014.0	0.0333333333333	0.00438384544897
54438	Jeffrey F. Naughton	5	0.0323076923077	0.00143695207963	738.0	0.0230769230769	0.00411673902188
48665	Michael Stonebraker	5	0.0381098901099	0.00194230219937	1670.0	0.0179487179487	0.0028835554639
48987	David J. DeWitt	5	0.0323076923077	0.00112055896118	474.0	0.0282051282051	0.0052740709448
55536	Hamid Pirahesh	4	0.0579933110368	0.00716498582822	-648.0	0.0410256410256	0.00495333203932
51264	Amit P. Sheth	3	0.025641025641	0.000355942258256	128.0	0.0307692307692	0.00454065304551
256709	Wolfgang Käfer	3	0.0444615384615	0.00355942258256	2568.0	0.0307692307692	0.00363113508992
34980	Raghu Ramakrishnan	3	0.0230769230769	0.00014940786149	98.0	0.0179487179487	0.00286092770194
53527	Waqar Hasan	3	0.0472995090016	0.00472831938128	-1350.0	0.0282051282051	0.00396955273533
43338	Hector Garcia-Molina	3	0.0153846153846	0.000118647419419	48.0	0.0205128205128	0.00400414123698
53587	Gerhard Weikum	3	0.0153846153846	0.000118647419419	44.0	0.0205128205128	0.00411333782887
53637	Jennifer Widom	3	0.0521033653846	0.00448443301914	2926.0	0.0333333333333	0.00420839144805
53648	Henry F. Korth	3	0.0153846153846	8.56898029135e-05	32.0	0.0205128205128	0.00373079023802
54243	Joseph M. Hellerstein	3	0.0483277591973	0.00270252455342	-112.0	0.0179487179487	0.00246514661149
3181	H. V. Jagadish	3	0.00512820512821	0.0	4.0	0.0102564102564	0.00255754475703
53131	Divesh Srivastava	3	0.0230769230769	0.00014940786149	98.0	0.0179487179487	0.00286092770194
30103	Miron Livny	3	0.0226153846154	3.29576165052e-05	100.0	0.0179487179487	0.00307242933281
54788	S. Sudarshan	3	0.0230769230769	0.00014940786149	98.0	0.0179487179487	0.00286092770194
217117	Ashish Gupta	2	0.0396978021978	0.00303210071848	2754.0	0.0128205128205	0.00225540561678
53938	Omran A. Bukhres	2	0.0128205128205	1.97745699031e-05	10.0	0.0179487179487	0.00301720920199
217134	Ming-Chien Shan	2	0.0115384615385	0.0	16.0	0.0153846153846	0.00271827769925
49320	Christos Faloutsos	2	0.00769230769231	2.63660932041e-05	14.0	0.0128205128205	0.00331543688888
53423	Bernhard Seeger	2	0.00769230769231	2.63660932041e-05	14.0	0.0128205128205	0.00331543688888
53571	Ravi Krishnamurthy	2	0.0358560794045	0.000751433656318	288.0	0.0153846153846	0.00247851116191
51537	Jack A. Orenstein	2	0.00769230769231	0.0	6.0	0.0128205128205	0.00255754475703
49519	Rakesh Agrawal	2	0.0509101585437	0.00498319161558	4072.0	0.0307692307692	0.00390267529012
442782	Andrew E. Wade	2	0.0	0.0	0.0	0.00512820512821	0.00255754475703
53670	Manolis M. Tsangaris	2	0.0205594405594	0.0	110.0	0.00769230769231	0.00142788735574
27103	Patrick Valduriez	2	0.0102564102564	5.27321864083e-05	24.0	0.0153846153846	0.00359894022696
84514	Jiansan Chen	2	0.0128205128205	1.97745699031e-05	10.0	0.0179487179487	0.00301720920199
100901	Harald Schöning	2	0.034201183432	0.0	390.0	0.0205128205128	0.00244712311455
53798	Tomasz Imielinski	2	0.0399355135882	0.00355942258256	3274.0	0.0153846153846	0.0026565393512
53799	Arun N. Swami	2	0.0387745974955	0.000659152330103	786.0	0.0128205128205	0.00225299707634
256669	Peter Muth	2	0.0025641025641	0.0	2.0	0.00769230769231	0.00255754475703
49896	Tobin J. Lehman	2	0.0509101585437	0.00146331817283	262.0	0.0333333333333	0.00388128797406
49904	David B. Lomet	2	0.0025641025641	0.0	2.0	0.00769230769231	0.00255754475703
43875	Philip S. Yu	2	0.0102564102564	3.95491398062e-05	20.0	0.0153846153846	0.00331008094872
238465	V. Srinivasan	2	0.0209401709402	0.0	108.0	0.00769230769231	0.00139381037922
# Periodo: 1994-1996
49520	Michael J. Carey	8	0.0743321718931	0.0212207264639	20314.0	0.0711382113821	0.0070822346552
43338	Hector Garcia-Molina	7	0.0418612696765	0.00360361852091	3596.0	0.0345528455285	0.00484386074338
231	Jim Gray	5	0.0352303523035	0.00161442551289	926.0	0.0345528455285	0.00491369618295
239377	Alexandros Biliris	5	0.0464806633178	0.0095513276925	13994.0	0.0406504065041	0.00365331097184
48987	David J. DeWitt	5	0.0606204120294	0.00156475088172	2226.0	0.030487804878	0.00319169414686
34980	Raghu Ramakrishnan	4	0.0661897785056	0.0144359997571	17900.0	0.0243902439024	0.00291960771493
49320	Christos Faloutsos	4	0.0583542284021	0.0023264285596	3116.0	0.030487804878	0.00358696393599
53637	Jennifer Widom	4	0.0427712972782	0.00113106375463	156.0	0.0386178861789	0.0038550024918
53798	Tomasz Imielinski	4	0.0589047399908	0.00456178696207	5852.0	0.0325203252033	0.00399122179131
54334	Dennis Shasha	4	0.0298692117356	0.0013163777259	1048.0	0.0264227642276	0.00379917658399
30103	Miron Livny	4	0.0704199523198	0.0119163920763	-1388.0	0.0162601626016	0.00207016519171
48684	Balakrishna R. Iyer	4	0.0585365853659	0.00307982713228	3920.0	0.0325203252033	0.00389083981749
34358	Michael J. Franklin	4	0.0616174582798	0.00462801980362	5468.0	0.0386178861789	0.0043356680553
90055	Euthimios Panagos	4	0.0386220769424	4.69149294344e-05	970.0	0.0325203252033	0.00263462515283
53229	Yannis E. Ioannidis	4	0.0110659439928	9.10701571374e-05	70.0	0.0142276422764	0.00315674837136
55536	Hamid Pirahesh	3	0.0562513733245	0.00515512283432	-496.0	0.020325203252	0.00241073188863
53991	Guido Moerkotte	3	0.0289335246294	0.00129402414187	1242.0	0.020325203252	0.00318566302767
54243	Joseph M. Hellerstein	3	0.0652672728818	0.00618449158015	-218.0	0.020325203252	0.00230103092483
54249	Leonid Libkin	3	0.0374634146341	0.00155647177653	3368.0	0.0162601626016	0.00272770159664
175147	Sophie Cluet	3	0.0309839318866	0.00044196623229	226.0	0.0142276422764	0.00197197290332
115761	Serge Abiteboul	3	0.0378361475922	0.00176013776431	-564.0	0.0345528455285	0.0035656760202
54324	Inderpal Singh Mumick	3	0.045465309022	0.00471081085556	7110.0	0.0182926829268	0.00276608588139
48268	Jiawei Han	3	0.0162601626016	4.96746311659e-05	16.0	0.020325203252	0.00277225886893
54438	Jeffrey F. Naughton	3	0.0691206912069	0.00676954834721	556.0	0.030487804878	0.00303381133134
48404	C. Mohan	3	0.0020325203252	0.0	2.0	0.00609756097561	0.00202839756592
48407	Abraham Silberschatz	3	0.0142276422764	0.000124186577915	74.0	0.0182926829268	0.00362234145734
53131	Divesh Srivastava	3	0.0555837012376	0.00213186958753	2390.0	0.0243902439024	0.0031204513573
499110	Seth J. White	3	0.0602305701514	0.0	622.0	0.0264227642276	0.0024554595437
816729	William O'Connell	3	0.0386220769424	4.69149294344e-05	970.0	0.0325203252033	0.00263462515283
173685	Anand Rajaraman	3	0.0393495934959	0.000714762748442	198.0	0.0325203252033	0.00315681239239
30365	David Maier	3	0.00813008130081	7.45119467488e-05	66.0	0.010162601626	0.00252313268674
52917	Hans-Peter Kriegel	3	0.00813008130081	2.48373155829e-05	20.0	0.0121951219512	0.0026252366145
53209	Jeffrey D. Ullman	3	0.0423113908558	0.00105820762892	170.0	0.0365853658537	0.00360595282064
817189	Mark L. McAuliffe	2	0.0602305701514	0.0	622.0	0.0264227642276	0.0024554595437
122923	Konstantinos F. Sagonas	2	0.00406504065041	0.0	4.0	0.00813008130081	0.00202839756592
122924	Terrance Swift	2	0.00406504065041	0.0	4.0	0.00813008130081	0.00202839756592
51264	Amit P. Sheth	2	0.00609756097561	0.0	6.0	0.010162601626	0.00202839756592
137288	Shinichi Morishita	2	0.00609756097561	0.0	6.0	0.010162601626	0.00202839756592
354	Jim Melton	2	0.0254441433303	0.000571258258407	632.0	0.0162601626016	0.00235703205133
55391	Anthony Tomasic	2	0.0302689180738	2.48373155829e-05	260.0	0.010162601626	0.00162444722147
45196	Tova Milo	2	0.0287223310189	0.000356001523355	632.0	0.010162601626	0.00158293381153
53423	Bernhard Seeger	2	0.00650406504065	0.0	10.0	0.010162601626	0.00207048237063
53453	Daniel A. Keim	2	0.00464576074332	0.0	14.0	0.00609756097561	0.00130530410322
64889	Joachim Hammer	2	0.0364348087925	3.03567190458e-05	216.0	0.0162601626016	0.00188441078046
49519	Rakesh Agrawal	2	0.0578139114724	0.0	648.0	0.0243902439024	0.00251844143427
84264	Richard Hull	2	0.00609756097561	1.65582103886e-05	14.0	0.010162601626	0.00262948442911
49459	Asuman Dogac	2	0.0325203252033	0.000132465683109	32.0	0.0365853658537	0.0029070082763
312	Nick Roussopoulos	2	0.00609756097561	1.65582103886e-05	14.0	0.010162601626	0.00262948442911
176451	Robert L. Grossman	2	0.00406504065041	0.0	4.0	0.00813008130081	0.00202839756592
# Periodo: 1995-1997
43338	Hector Garcia-Molina	11	0.0674552042378	0.0147315627031	23818.0	0.0487329434698	0.00580892219342
49520	Michael J. Carey	7	0.0817778845897	0.0432299281189	35162.0	0.046783625731	0.00560113526303
53637	Jennifer Widom	7	0.0772287913978	0.0135280693052	1290.0	0.0428849902534	0.00423684728246
54243	Joseph M. Hellerstein	5	0.0790700076165	0.0245625456871	8694.0	0.0350877192982	0.00465732961479
54334	Dennis Shasha	5	0.0689351683031	0.0102872197856	18192.0	0.0253411306043	0.00359438029388
54438	Jeffrey F. Naughton	5	0.0750916424534	0.0208156930231	4392.0	0.046783625731	0.00439993317096
30103	Miron Livny	5	0.0737010564821	0.0131372086176	-2098.0	0.0311890838207	0.0038474375189
48987	David J. DeWitt	5	0.0714944380245	0.006571332846	5698.0	0.0428849902534	0.00390177830768
34980	Raghu Ramakrishnan	4	0.0767324624042	0.0101958455166	-812.0	0.0331384015595	0.00382902530275
322604	Dallan Quass	4	0.0866442028309	0.055370015026	95688.0	0.0311890838207	0.00309152222907
54324	Inderpal Singh Mumick	4	0.0826840107347	0.0322249126868	-21326.0	0.0233918128655	0.00327768413599
53054	Surajit Chaudhuri	4	0.0492150500828	0.00520833333333	14134.0	0.00974658869396	0.0018431760051
53209	Jeffrey D. Ullman	4	0.0772287913978	0.0155321028265	-124.0	0.0409356725146	0.00418392840738
53229	Yannis E. Ioannidis	4	0.0621852664068	0.00341067149935	3668.0	0.0194931773879	0.00299231498217
53265	Sergey Brin	3	0.0647482166491	0.00106077549197	1798.0	0.0155945419103	0.00208259386552
714779	C. Unnikrishnan	3	0.0358187134503	0.000121832358674	48.0	0.0389863547758	0.00258743918809
49320	Christos Faloutsos	3	0.00584795321637	1.52290448343e-05	14.0	0.00974658869396	0.00252205413142
84150	Vipul Kashyap	3	0.0358187134503	0.000411184210526	282.0	0.0389863547758	0.002852722534
53453	Daniel A. Keim	3	0.00779727095517	0.0	8.0	0.0116959064327	0.00194552529183
231	Jim Gray	3	0.0752810286891	0.00289986395387	1586.0	0.0175438596491	0.00232089145304
84264	Richard Hull	3	0.05680100452	0.00394432261209	9430.0	0.0116959064327	0.00246785538643
100728	Donald Kossmann	3	0.0673790696958	0.0115131578947	22218.0	0.0155945419103	0.00263329170311
216486	Patrick E. O'Neil	3	0.0840814869725	0.0324594399773	-22636.0	0.0194931773879	0.00249607771035
47677	Barbara Liskov	3	0.0155945419103	0.0	16.0	0.0194931773879	0.00194552529183
100929	Nelson Mendonça Mattos	3	0.0823418700007	0.0295410473522	-7816.0	0.0136452241715	0.00215857572937
467693	Umesh Maheshwari	3	0.0155945419103	0.0	16.0	0.0194931773879	0.00194552529183
54248	Timothy Griffin	3	0.0676079906574	0.00520833333333	11168.0	0.0136452241715	0.00212085572065
54249	Leonid Libkin	3	0.0674552042378	0.00263462475634	5994.0	0.0155945419103	0.00247613034084
3182	Kenneth A. Ross	3	0.0821153449113	0.0293534762833	-11812.0	0.0175438596491	0.0023800776957
48268	Jiawei Han	3	0.0116959064327	1.52290448343e-05	12.0	0.0155945419103	0.00229611928271
322737	Stanley B. Zdonik	3	0.0488925927522	0.00132492690058	5230.0	0.0116959064327	0.0023209767867
48407	Abraham Silberschatz	3	0.0136452241715	0.000114217836257	74.0	0.0175438596491	0.003474346962
50460	Umeshwar Dayal	3	0.043196711831	0.00263462475634	8976.0	0.0116959064327	0.00247065778479
64889	Joachim Hammer	3	0.0660374510514	0.000312775573192	1808.0	0.0233918128655	0.00246302786599
48684	Balakrishna R. Iyer	3	0.00779727095517	3.04580896686e-05	24.0	0.0116959064327	0.00273771523102
34358	Michael J. Franklin	3	0.05680100452	0.00520833333333	12180.0	0.0136452241715	0.00251610962414
816729	William O'Connell	3	0.0272904483431	4.31489603639e-05	28.0	0.0311890838207	0.00241474668968
173685	Anand Rajaraman	3	0.0752810286891	0.00334910264666	1584.0	0.0311890838207	0.00300287520368
30365	David Maier	3	0.00928246542282	0.000129446881092	154.0	0.00974658869396	0.00232323341734
52917	Hans-Peter Kriegel	3	0.00779727095517	0.0	8.0	0.0116959064327	0.00194552529183
53002	William Bohrer	3	0.0358187134503	0.000121832358674	48.0	0.0389863547758	0.00258743918809
239377	Alexandros Biliris	3	0.0272904483431	4.31489603639e-05	28.0	0.0311890838207	0.00241474668968
38675	V. S. Subrahmanian	3	0.0574017843755	0.00867422825002	14404.0	0.0214424951267	0.00327953626662
53131	Divesh Srivastava	3	0.0815544477466	0.0162703307749	5076.0	0.0233918128655	0.00301368295346
90055	Euthimios Panagos	3	0.0272904483431	4.31489603639e-05	28.0	0.0311890838207	0.00241474668968
55250	Darrell Woelk	3	0.0358187134503	0.000121832358674	48.0	0.0389863547758	0.00258743918809
24616	Andrzej Cichocki	2	0.0318388564003	0.0	54.0	0.0331384015595	0.00211506804577
51264	Amit P. Sheth	2	0.0204678362573	0.0	84.0	0.00974658869396	0.00115710507958
137288	Shinichi Morishita	2	0.00584795321637	0.0	6.0	0.00974658869396	0.00194552529183
6236	Krzysztof Koperski	2	0.0116959064327	1.52290448343e-05	12.0	0.0155945419103	0.00229611928271
49428	Marek Rusinkiewicz	2	0.0318388564003	0.0	54.0	0.0331384015595	0.00211506804577
# Periodo: 1998-2000
53022	Rajeev Rastogi	8	0.0464711248721	0.00180009267277	-346.0	0.0472175379427	0.00366351738626
43338	Hector Garcia-Molina	7	0.0379426644182	0.00337837837838	4418.0	0.0236087689713	0.00303079997824
312	Nick Roussopoulos	6	0.0151770657673	0.00011394193519	98.0	0.0185497470489	0.00282187047907
53470	Laks V. S. Lakshmanan	5	0.0265356360606	0.00188194096289	3274.0	0.0168634064081	0.00257097221816
580230	Sridhar Ramaswamy	5	0.0325832024966	0.00119639031949	1856.0	0.0134907251265	0.00176321977374
53023	Kyuseok Shim	5	0.0325832024966	0.00011394193519	174.0	0.0151770657673	0.00163289026311
54243	Joseph M. Hellerstein	5	0.0203063518831	0.000250672257418	266.0	0.0202360876897	0.0026613000009
48268	Jiawei Han	5	0.0248236595405	0.00155150935083	2420.0	0.0202360876897	0.00320910302641
54787	S. Seshadri	5	0.0416873326059	0.000569519772724	116.0	0.0455311973019	0.0033730875676
52993	Dan Suciu	5	0.0282981819862	0.000676055482126	346.0	0.0151770657673	0.00206247409112
53054	Surajit Chaudhuri	5	0.0190773173052	0.000250672257418	802.0	0.00843170320405	0.00154372376641
53272	Vivek R. Narasayya	4	0.0189713322091	0.0	360.0	0.00674536256324	0.00111460932291
123193	Alon Y. Levy	4	0.0303789306616	0.00102072983608	-62.0	0.0320404721754	0.00322489471861
49519	Rakesh Agrawal	4	0.015196448993	0.000695045804658	1292.0	0.0151770657673	0.00314627385402
84498	Daniela Florescu	4	0.0312995043181	0.00160183370554	2078.0	0.0219224283305	0.00263189846902
463451	Swarup Acharya	4	0.0232355624361	0.0	244.0	0.00843170320405	0.0013037060109
49904	David B. Lomet	4	0.00751188103633	6.26680643544e-05	82.0	0.00843170320405	0.00197073066512
250813	Viswanath Poosala	4	0.0232355624361	0.0	244.0	0.00843170320405	0.0013037060109
322546	Praveen Seshadri	4	0.0219224283305	5.69709675949e-05	26.0	0.0252951096121	0.00213080231943
48273	Raymond T. Ng	4	0.0248236595405	0.00143756741564	2544.0	0.0151770657673	0.00241423785691
50627	Ling Liu	4	0.0151770657673	4.55767740759e-06	18.0	0.0185497470489	0.00181316554723
54788	S. Sudarshan	4	0.0416873326059	0.0011882244808	1126.0	0.0455311973019	0.00345829742927
34358	Michael J. Franklin	4	0.0197316268143	0.00139009160932	2536.0	0.0185497470489	0.00298753489041
50745	Phillip B. Gibbons	4	0.0238213329177	0.000649469030582	1302.0	0.0101180438449	0.00166470802107
52917	Hans-Peter Kriegel	4	0.0200747855415	0.000989395803898	1834.0	0.0151770657673	0.00283179935107
53131	Divesh Srivastava	4	0.0235571462987	0.00160942983456	2802.0	0.0151770657673	0.00238360628512
53150	Rajeev Motwani	4	0.0247452159249	0.000717834191696	1416.0	0.0168634064081	0.00231074211852
51162	Calton Pu	4	0.0151770657673	4.55767740759e-06	18.0	0.0185497470489	0.00181316554723
34980	Raghu Ramakrishnan	3	0.0183623758666	0.00111663096486	2160.0	0.0101180438449	0.00177136280911
49320	Christos Faloutsos	3	0.0136031478359	0.000176609999544	186.0	0.0151770657673	0.00297780725628
53453	Daniel A. Keim	3	0.0128255574293	0.000205095483342	790.0	0.00674536256324	0.00159471085613
224	Bruce G. Lindsay	3	0.0153731518883	0.000296249031494	612.0	0.0118043844857	0.00216841528535
55536	Hamid Pirahesh	3	0.0130900105188	0.000170912902785	456.0	0.0151770657673	0.00259945260477
561410	Ramana Yerneni	3	0.030219821218	5.69709675949e-05	226.0	0.0151770657673	0.00182108572452
53966	Wei Tang	3	0.0151770657673	4.55767740759e-06	18.0	0.0185497470489	0.00181316554723
53423	Bernhard Seeger	3	0.0136031478359	0.000182307096304	190.0	0.0151770657673	0.00307048458603
43874	Charu C. Aggarwal	3	0.00674536256324	0.0	8.0	0.0101180438449	0.0016835016835
43875	Philip S. Yu	3	0.00674536256324	0.0	8.0	0.0101180438449	0.0016835016835
11291	Wei Han	3	0.0151770657673	4.55767740759e-06	18.0	0.0185497470489	0.00181316554723
175147	Sophie Cluet	3	0.0134907251265	9.68506449114e-05	80.0	0.0168634064081	0.00286308048523
54334	Dennis Shasha	3	0.0251922839633	0.00127045257737	1808.0	0.0219224283305	0.00271945638379
3181	H. V. Jagadish	3	0.0213759290488	7.12137094936e-05	216.0	0.0118043844857	0.00182930988052
322737	Stanley B. Zdonik	3	0.0157047641991	0.000205095483342	658.0	0.0134907251265	0.00215135612998
255284	David Buttler	3	0.0151770657673	4.55767740759e-06	18.0	0.0185497470489	0.00181316554723
803459	Tobias Mayr	3	0.0219224283305	5.69709675949e-05	26.0	0.0252951096121	0.00213080231943
52922	Yannis Kotidis	3	0.0085370994941	0.0	32.0	0.00674536256324	0.00113627133057
50941	Roberta Cochrane	3	0.0163221118814	0.000854564513924	1520.0	0.0185497470489	0.00312683284063
53096	Elke A. Rundensteiner	3	0.0252951096121	0.000179458547924	10.0	0.0286677908938	0.00287938382729
53130	Yannis Papakonstantinou	3	0.0316188870152	0.00133312064172	1908.0	0.0236087689713	0.0027447584287
53209	Jeffrey D. Ullman	3	0.032522283787	0.00184585935008	2802.0	0.0236087689713	0.00281548560745
49214	Maurizio Lenzerini	2	0.0167642098998	0.000125336128709	138.0	0.0185497470489	0.00229999799639
55038	Jérôme Siméon	2	0.00899381675098	5.69709675949e-06	24.0	0.0101180438449	0.00175185997623
55505	Vasilis Vassalos	2	0.029954735067	0.0	228.0	0.0134907251265	0.00158520549775
231	Jim Gray	2	0.0101180438449	1.1394193519e-05	12.0	0.0134907251265	0.00198687762848
12535	Alfons Kemper	2	0.00505902192243	2.84854837975e-06	6.0	0.00843170320405	0.00189240335226
49427	Yuri Breitbart	2	0.0311509738154	0.000110428725521	178.0	0.0151770657673	0.00134090980795
55585	Leonidas Fegaras	2	0.00505902192243	0.0	6.0	0.00843170320405	0.0016835016835
84266	Arnaud Sahuguet	2	0.0166594135886	0.000376008386126	868.0	0.0118043844857	0.00216035484712
117064	Paolo Atzeni	2	0.0101180438449	7.59612901266e-06	12.0	0.0134907251265	0.00196898326574
# Periodo: 1999-2001
53022	Rajeev Rastogi	10	0.0625022889022	0.0141198255888	684.0	0.0479338842975	0.00387762376224
43338	Hector Garcia-Molina	6	0.0249087065155	0.00145312243446	2128.0	0.0181818181818	0.00295887932694
53470	Laks V. S. Lakshmanan	5	0.0624101026354	0.0203236458504	52428.0	0.0198347107438	0.00282645291843
312	Nick Roussopoulos	5	0.0148760330579	0.000109463083575	98.0	0.0181818181818	0.00276599185573
580230	Sridhar Ramaswamy	5	0.0513520019257	0.00424169448853	11988.0	0.0132231404959	0.00175426701554
54243	Joseph M. Hellerstein	5	0.00495867768595	1.64194625363e-05	18.0	0.00826446280992	0.00251777755095
48268	Jiawei Han	5	0.052958760434	0.00901063616295	23040.0	0.0231404958678	0.00335096385302
54787	S. Seshadri	5	0.0618626455947	0.0141335084743	916.0	0.0446280991736	0.00337539733886
54788	S. Sudarshan	5	0.0543184205222	0.0116824475945	10172.0	0.0479338842975	0.00384819615767
52917	Hans-Peter Kriegel	5	0.0451109270648	0.00565559265138	14944.0	0.0214876033058	0.00353642427137
52993	Dan Suciu	5	0.0305619834711	0.00142302008648	2210.0	0.0148760330579	0.00231114611013
53054	Surajit Chaudhuri	5	0.0460435795286	0.0082945651579	22684.0	0.0148760330579	0.00288304484281
53096	Elke A. Rundensteiner	5	0.0336300063573	0.00044651816175	32.0	0.0363636363636	0.00358968304664
53131	Divesh Srivastava	5	0.0712357737151	0.0297383832303	58272.0	0.0181818181818	0.00256431976509
463451	Swarup Acharya	4	0.0432217054002	0.0	1958.0	0.00826446280992	0.00128845126287
43874	Charu C. Aggarwal	4	0.00661157024793	0.0	8.0	0.0099173553719	0.0016501650165
43875	Philip S. Yu	4	0.00661157024793	0.0	8.0	0.0099173553719	0.0016501650165
250813	Viswanath Poosala	4	0.0432217054002	0.0	1958.0	0.00826446280992	0.00128845126287
54334	Dennis Shasha	4	0.0321705089169	0.00252312407641	3536.0	0.0297520661157	0.00377718608442
3181	H. V. Jagadish	4	0.0690278133553	0.0180586722128	25518.0	0.0165289256198	0.00228783546415
48273	Raymond T. Ng	4	0.0530916556923	0.0105814314123	28064.0	0.0181818181818	0.00281619547157
50627	Ling Liu	4	0.0099173553719	1.09463083575e-05	12.0	0.0132231404959	0.00194753351702
34328	Krithi Ramamritham	4	0.0462954590665	0.00918942586613	25132.0	0.0264462809917	0.00369747823353
50745	Phillip B. Gibbons	4	0.0433101838145	0.00172951672049	6486.0	0.0115702479339	0.00197870532839
52837	Jian Pei	4	0.0447767720495	0.00261616769744	8484.0	0.0214876033058	0.00323222882744
53023	Kyuseok Shim	4	0.0590978346184	0.00154434167077	1432.0	0.0132231404959	0.00142913875302
53052	Minos N. Garofalakis	4	0.0591804889326	0.00187090653677	1430.0	0.0148760330579	0.00164295441383
20335	Kian-Lee Tan	4	0.0565695850091	0.00627770784303	8696.0	0.0231404958678	0.00344037346871
51162	Calton Pu	4	0.0099173553719	1.09463083575e-05	12.0	0.0132231404959	0.00194753351702
53225	Xin Zhang 0002	4	0.0323844505663	0.000375823253608	54.0	0.0347107438017	0.00341804826813
53272	Vivek R. Narasayya	3	0.0455970361926	0.000812763395545	1856.0	0.0099173553719	0.00186168405261
34980	Raghu Ramakrishnan	3	0.051227662938	0.0104591976356	32240.0	0.0099173553719	0.00157708087806
55463	Daniel S. Weld	3	0.0293865225683	0.000445697188623	150.0	0.0148760330579	0.00172671461625
49320	Christos Faloutsos	3	0.0133333333333	0.000169667779541	186.0	0.0148760330579	0.00291884077627
123193	Alon Y. Levy	3	0.033584597221	0.00110448251327	20.0	0.0280991735537	0.00283550412474
43360	Sharad Mehrotra	3	0.00661157024793	1.64194625363e-05	20.0	0.0099173553719	0.00213571229529
53637	Jennifer Widom	3	0.00826446280992	4.378523343e-05	42.0	0.0115702479339	0.0028134197095
50941	Roberta Cochrane	3	0.0383626922818	0.0050736139237	17218.0	0.0181818181818	0.00298615318063
52990	Zachary G. Ives	3	0.0315071994547	0.000768978162115	194.0	0.0264462809917	0.00258494775659
84498	Daniela Florescu	3	0.0368216668326	0.00257676098736	3564.0	0.0181818181818	0.00222695040813
53961	Flip Korn	3	0.0595972529391	0.00513929177385	3156.0	0.0099173553719	0.00143640586685
49904	David B. Lomet	3	0.00330578512397	5.47315417875e-06	8.0	0.00661157024793	0.0020596950206
53423	Bernhard Seeger	3	0.0133333333333	0.00017514093372	190.0	0.0148760330579	0.00300968291067
54068	Johannes Gehrke	3	0.0608835245853	0.0168792074873	36430.0	0.0132231404959	0.00189199525829
322546	Praveen Seshadri	3	0.0432217054002	0.0	1958.0	0.0214876033058	0.00172558518818
54266	Dimitrios Gunopulos	3	0.0650985378258	0.0135351102841	35592.0	0.0132231404959	0.0020852350911
23074	John R. Smith	3	0.00826446280992	0.0	10.0	0.0115702479339	0.0016501650165
322848	Kajal T. Claypool	3	0.0242883379247	5.4275445606e-05	72.0	0.0247933884298	0.0023759823211
255284	David Buttler	3	0.00850059031877	0.0	14.0	0.0115702479339	0.00166268579547
396722	Markus M. Breunig	3	0.0448242050707	0.000549139802602	1888.0	0.0115702479339	0.00178476242751
52827	Beng Chin Ooi	3	0.0562686829611	0.00286245963549	1504.0	0.0165289256198	0.00243636986914
52958	Luis Gravano	3	0.0397315019594	0.0051009796946	16718.0	0.0165289256198	0.00298241439384
52989	Alon Y. Halevy	3	0.0233297583749	0.000471785890209	942.0	0.0132231404959	0.00180998298411
53050	Jörg Sander	3	0.0448242050707	0.000549139802602	1888.0	0.0115702479339	0.00178476242751
53129	Nick Koudas	3	0.073207698247	0.0385255322642	100480.0	0.0132231404959	0.00182248653938
53130	Yannis Papakonstantinou	3	0.0586067168792	0.00589458705052	13620.0	0.0181818181818	0.00254320725875
53193	Divyakant Agrawal	3	0.0315021876519	0.000777187893383	116.0	0.0314049586777	0.00262177717249
49214	Maurizio Lenzerini	2	0.0164316966456	0.000120409391933	138.0	0.0181818181818	0.00225445348161
47192	Dimitris Papadias	2	0.00330578512397	5.47315417875e-06	8.0	0.00661157024793	0.0020596950206
634990	Henrique Paques	2	0.00850059031877	0.0	14.0	0.0115702479339	0.00166268579547
# Periodo: 2002-2004
53054	Surajit Chaudhuri	11	0.120869208211	0.0608595952889	-8102.0	0.0278592375367	0.00442077181895
54438	Jeffrey F. Naughton	9	0.129465732874	0.0782288485691	-43472.0	0.0307917888563	0.0039537489066
53131	Divesh Srivastava	9	0.106926051142	0.0554825143911	53844.0	0.0381231671554	0.00423352543446
54243	Joseph M. Hellerstein	8	0.0988139373865	0.0156972767452	35732.0	0.033724340176	0.003166130157
53470	Laks V. S. Lakshmanan	7	0.0958062842511	0.0298824280793	-2210.0	0.0263929618768	0.00284537646639
55536	Hamid Pirahesh	7	0.110767236264	0.0189054514697	-6774.0	0.0366568914956	0.00407865688194
53637	Jennifer Widom	7	0.0969746535712	0.0131254100025	-2608.0	0.0307917888563	0.00349543337703
53052	Minos N. Garofalakis	7	0.102640292299	0.0157839087011	5958.0	0.0161290322581	0.00224507657554
54068	Johannes Gehrke	6	0.105654902282	0.0198958529208	26058.0	0.0190615835777	0.0029180547127
47192	Dimitris Papadias	5	0.0662369619745	0.0121371452194	51680.0	0.0205278592375	0.00264516530601
49519	Rakesh Agrawal	5	0.0874849509345	0.00946727470814	-306.0	0.0175953079179	0.00251284617762
3181	H. V. Jagadish	5	0.0898789472123	0.00051660558979	3362.0	0.0234604105572	0.00242557223999
50332	Theodore Johnson	5	0.0880970905329	0.00246876897438	3430.0	0.0161290322581	0.00196799029463
54334	Dennis Shasha	5	0.064705143582	0.00137799768324	9978.0	0.0102639296188	0.00170449951011
48404	C. Mohan	5	0.108539159672	0.0076513861482	19814.0	0.024926686217	0.00271260906693
53096	Elke A. Rundensteiner	5	0.0234604105572	0.0003455759815	348.0	0.0263929618768	0.0035167920786
53459	Sihem Amer-Yahia	4	0.107382025774	0.0319343636386	-13620.0	0.0146627565982	0.00186775222531
55533	Guy M. Lohman	4	0.104125782401	0.00928896625939	2160.0	0.0175953079179	0.00215684354783
76068	Samuel Madden	4	0.0970369365857	0.000465266694096	3114.0	0.0175953079179	0.00171590789701
53678	Wenfei Fan	4	0.105360188469	0.0505444488068	133174.0	0.0263929618768	0.00292165772661
53727	Per-Åke Larson	4	0.0852151778138	0.0054646220626	16074.0	0.0131964809384	0.00230497962359
43875	Philip S. Yu	4	0.0629264932378	0.00445409042823	3570.0	0.0131964809384	0.00192836495959
54020	Kevin Chen-Chuan Chang	4	0.0804079352123	0.00274738288096	12542.0	0.00733137829912	0.00154317317252
31596	Yunyue Zhu	4	0.0747953021109	0.006803863561	27972.0	0.0117302052786	0.00170569293567
250803	Brian Babcock	4	0.103201168213	0.0083088819794	1380.0	0.0190615835777	0.00225747138679
250804	Shivnath Babu	4	0.089825511453	1.67328290108e-05	3364.0	0.0161290322581	0.00179564110112
34980	Raghu Ramakrishnan	4	0.10313072373	0.0134613148682	41950.0	0.0146627565982	0.0023380068823
54338	Chin-Wan Chung	4	0.00733137829912	3.2296820701e-05	38.0	0.0102639296188	0.00251791420415
48268	Jiawei Han	4	0.0718091778821	0.0299240809401	123522.0	0.0219941348974	0.00296258856854
55155	Jayant R. Haritsa	4	0.0853596103186	0.00548184703364	20224.0	0.0146627565982	0.00260737812059
322885	Sailesh Krishnamurthy	4	0.113088705287	0.0228213206537	-4452.0	0.0307917888563	0.00304599768335
193942	Jayavel Shanmugasundaram	4	0.117121325786	0.0417283402028	-21572.0	0.0219941348974	0.00297191914514
54786	Philip Bohannon	4	0.112751127063	0.0357638721974	-16960.0	0.0190615835777	0.00228400712361
48665	Michael Stonebraker	4	0.0314386751768	0.000861248552026	1106.0	0.0322580645161	0.00248078974711
34358	Michael J. Franklin	4	0.101196590934	0.0144647624092	7198.0	0.0293255131965	0.00319348552103
50745	Phillip B. Gibbons	4	0.0977906215301	0.0117352868556	12378.0	0.0131964809384	0.00192235335272
52835	Yufei Tao	4	0.0582670691338	4.52155489814e-05	5186.0	0.0146627565982	0.00210200652928
52837	Jian Pei	4	0.0824258102913	0.034621160903	138418.0	0.0190615835777	0.00232021695219
52923	S. Muthukrishnan	4	0.0883030451572	0.0051977785529	3398.0	0.0146627565982	0.00179712833286
52989	Alon Y. Halevy	4	0.0988139373865	0.0171789823227	27976.0	0.0219941348974	0.00273953070056
53022	Rajeev Rastogi	4	0.100057291566	0.00637114579738	2534.0	0.0146627565982	0.00188098908313
53129	Nick Koudas	4	0.0958670750406	0.0030282133267	2552.0	0.0131964809384	0.00165066267941
53150	Rajeev Motwani	4	0.103271708998	0.00957355964326	-190.0	0.0205278592375	0.00262355902484
51198	Peter J. Haas	4	0.106100077433	0.0215910207083	43400.0	0.0175953079179	0.00242275514627
53328	Wei Wang 0010	3	0.06295271261	0.00720577955195	26504.0	0.0146627565982	0.00210639344627
55408	Volker Markl	3	0.0974751679122	0.00230177390544	2936.0	0.0146627565982	0.00178116093805
45196	Tova Milo	3	0.0151257910171	4.01915990945e-05	38.0	0.0161290322581	0.00202687601161
55506	Antonios Deligiannakis	3	0.00439882697947	0.0	6.0	0.00733137829912	0.00146412884334
231	Jim Gray	3	0.0242935217275	0.000602873986418	886.0	0.0175953079179	0.00186176169318
237825	Oliver Spatscheck	3	0.0880457519021	0.00179771281093	3432.0	0.0146627565982	0.00176929036636
168213	Philippe Bonnet	3	0.0569064068791	0.0	5310.0	0.00439882697947	0.000801895816609
115761	Serge Abiteboul	3	0.0151257910171	4.01915990945e-05	38.0	0.0161290322581	0.00202687601161
312	Nick Roussopoulos	3	0.00439882697947	0.0	6.0	0.00733137829912	0.00146412884334
53272	Vivek R. Narasayya	3	0.0966644339501	0.000689390162887	3118.0	0.0102639296188	0.00174719553221
53648	Henry F. Korth	3	0.108150687376	0.00287511607255	2794.0	0.0146627565982	0.0017380372892
216829	Ihab F. Ilyas	3	0.0939592725522	0.0100261532477	27204.0	0.0205278592375	0.00277322618012
53786	Gautam Das	3	0.0991381300944	0.000160845002397	3048.0	0.00879765395894	0.0013097397211
53796	Nicolas Bruno	3	0.109801242924	0.0355809416642	-15542.0	0.00733137829912	0.000949461295773
326240	Chris Olston	3	0.0892418843851	0.000206770793631	3386.0	0.00733137829912	0.000957566824039
68254	Bin He	3	0.0687381757343	0.0	4396.0	0.0058651026393	0.00126356231718
53961	Flip Korn	3	0.0881999476147	0.00402547573217	3426.0	0.0117302052786	0.00141869712573
54292	Mirek Riedewald	3	0.0866818762272	0.00410815559316	16464.0	0.00879765395894	0.00156318807752
250901	Raghav Kaushik	3	0.116220392511	0.010194462586	2600.0	0.0117302052786	0.00154568135004
54328	Amol Deshpande	3	0.100389707817	0.0102862156609	-2154.0	0.0205278592375	0.00218914004511
54342	Yuqing Wu	3	0.0912909427577	0.0133689263871	1662.0	0.024926686217	0.00258651016716
322663	Vijayshankar Raman	3	0.100189993544	0.00452916148989	2234.0	0.0131964809384	0.00141278934447
322778	Mehul A. Shah	3	0.0970992996555	0.000992236095804	3112.0	0.0190615835777	0.00190442762458
54583	Vladislav Shkapenyuk	3	0.0746474853083	1.89474681446e-05	4048.0	0.0117302052786	0.00148013995621
# Periodo: 2003-2005
53054	Surajit Chaudhuri	14	0.0987909687758	0.026438412869	22214.0	0.0307692307692	0.00451081274716
53131	Divesh Srivastava	9	0.12061617357	0.0672965797894	-77468.0	0.0333333333333	0.00372581424109
53470	Laks V. S. Lakshmanan	8	0.109071386784	0.0360225020908	132450.0	0.025641025641	0.00291577330944
52989	Alon Y. Halevy	8	0.124841580924	0.0574452246814	50046.0	0.0371794871795	0.00461654785044
55536	Hamid Pirahesh	7	0.128525430853	0.0684111107106	-63786.0	0.0448717948718	0.00418205080947
49519	Rakesh Agrawal	6	0.0973677506464	0.0113894018008	-1146.0	0.0166666666667	0.0023275129079
250804	Shivnath Babu	6	0.0978050309637	0.000725366049122	3980.0	0.0166666666667	0.00186296646806
34358	Michael J. Franklin	6	0.124208670501	0.0513489490041	-66848.0	0.0333333333333	0.00358427091425
52827	Beng Chin Ooi	6	0.102297120069	0.0320308685354	3122.0	0.0307692307692	0.00363498190549
47192	Dimitris Papadias	5	0.018839031339	0.000319278496429	42.0	0.0179487179487	0.00283612328844
53272	Vivek R. Narasayya	5	0.0830162143377	0.00198790991981	10212.0	0.0179487179487	0.00253556163035
34980	Raghu Ramakrishnan	5	0.101345026914	0.0273873923346	100126.0	0.0153846153846	0.00241940947312
53637	Jennifer Widom	5	0.115498693018	0.0163455462498	-6664.0	0.025641025641	0.00286529305867
53678	Wenfei Fan	5	0.0993417547143	0.0115197146739	-3312.0	0.024358974359	0.00265142090103
3181	H. V. Jagadish	5	0.101083693683	0.00257233139133	13182.0	0.0192307692308	0.0021039903535
54020	Kevin Chen-Chuan Chang	5	0.0931122480054	0.00256081103321	14178.0	0.00897435897436	0.00134987863944
31596	Yunyue Zhu	5	0.100875595497	0.0222389374603	-17680.0	0.0166666666667	0.00211913559253
250803	Brian Babcock	5	0.0970303376491	0.00113672973221	3812.0	0.0166666666667	0.0019309367049
54438	Jeffrey F. Naughton	5	0.0869956866628	0.00741016993969	30874.0	0.0141025641026	0.00245118126319
48665	Michael Stonebraker	5	0.0944584491813	0.0303347486916	130030.0	0.0294871794872	0.00217074946087
52923	S. Muthukrishnan	5	0.110923193011	0.0127242252961	2428.0	0.0141025641026	0.00170959405624
20335	Kian-Lee Tan	5	0.088889470318	0.009173117937	31072.0	0.0282051282051	0.00326704697676
49320	Christos Faloutsos	4	0.0147435897436	0.000309403903756	754.0	0.0102564102564	0.00183040066999
53459	Sihem Amer-Yahia	4	0.109192914792	0.0179370211898	54062.0	0.0128205128205	0.001655916415
53727	Per-Åke Larson	4	0.0852921157751	0.0137026430993	-2964.0	0.00897435897436	0.00147596404242
216829	Ihab F. Ilyas	4	0.105150902388	0.0136951334983	-8408.0	0.0217948717949	0.00264232458674
53744	Anthony K. H. Tung	4	0.0860031952836	0.00404829187585	15222.0	0.0128205128205	0.00177025418411
68254	Bin He	4	0.0785891267247	0.0	4988.0	0.00512820512821	0.000884525229032
54068	Johannes Gehrke	4	0.076833117229	0.00256081103321	16854.0	0.0102564102564	0.00172719633904
54243	Joseph M. Hellerstein	4	0.111681642194	0.00615198095301	2836.0	0.0269230769231	0.00248760599046
54786	Philip Bohannon	4	0.109497922934	0.0149215647428	-2702.0	0.0166666666667	0.0019515020414
54334	Dennis Shasha	4	0.0905736053841	0.0	4328.0	0.00769230769231	0.00098019586892
48221	Philip A. Bernstein	4	0.11468770161	0.00187070348236	3418.0	0.0141025641026	0.00162372656063
48268	Jiawei Han	4	0.0784318855747	0.0125242750403	33798.0	0.0179487179487	0.00224888438472
50332	Theodore Johnson	4	0.11687613718	0.0113622545572	7164.0	0.0141025641026	0.00187012168359
52835	Yufei Tao	4	0.0183298683299	0.000264968236727	74.0	0.0166666666667	0.00261036289426
52993	Dan Suciu	4	0.00897435897436	3.62068398012e-05	58.0	0.0115384615385	0.0019689025549
53022	Rajeev Rastogi	4	0.104981940038	0.0074456958844	2822.0	0.0153846153846	0.00180364033938
53052	Minos N. Garofalakis	4	0.104925739856	0.00686963905141	18024.0	0.0128205128205	0.0016739911763
193942	Jayavel Shanmugasundaram	4	0.0904064954111	0.00886080115862	36416.0	0.0128205128205	0.00198082019536
48987	David J. DeWitt	4	0.117789232002	0.029318020735	-21388.0	0.0166666666667	0.00193016107836
53150	Rajeev Motwani	4	0.0970783962612	0.00467157482788	2230.0	0.0179487179487	0.00217910187687
53217	Ramakrishnan Srikant	4	0.081735313616	1.48118890096e-05	4796.0	0.0102564102564	0.00152177931508
51198	Peter J. Haas	4	0.102672227371	0.0123684610371	-480.0	0.0179487179487	0.00217255683822
250893	Abhijit Pol	3	0.00512820512821	0.0	8.0	0.00769230769231	0.00128040973111
55408	Volker Markl	3	0.112193063567	0.00942924615462	2810.0	0.0179487179487	0.00192257537401
45196	Tova Milo	3	0.0136123680241	4.16927246196e-05	68.0	0.0141025641026	0.00176272890049
55533	Guy M. Lohman	3	0.109071386784	0.00540951330037	2974.0	0.0282051282051	0.00243545910116
76068	Samuel Madden	3	0.112838964912	0.0334551199763	140946.0	0.0179487179487	0.00172580516137
293	Donald D. Chamberlin	3	0.111237958031	0.0149698824923	61960.0	0.0115384615385	0.00112634213077
360	M. Tamer Özsu	3	0.0643259868892	0.00383792501893	26694.0	0.0102564102564	0.00201920145288
442981	Chengkai Li	3	0.107046030612	0.00931970241199	-3172.0	0.0141025641026	0.00170167396204
33393	Xin Xu	3	0.085927786958	0.00148748084264	4562.0	0.0102564102564	0.00130046293629
53961	Flip Korn	3	0.10888960114	0.00638078320763	3600.0	0.0102564102564	0.00121589630699
174945	Renée J. Miller	3	0.00769230769231	3.94983706922e-05	60.0	0.0102564102564	0.00235091622762
53051	Graham Cormode	3	0.108168477953	0.00294800130327	3624.0	0.0115384615385	0.00136326224251
250736	Chris Jermaine	3	0.00512820512821	0.0	8.0	0.00769230769231	0.00128040973111
322530	Kevin S. Beyer	3	0.112644414972	0.0027437644309	3480.0	0.024358974359	0.00198822835457
340136	Suman Nath	3	0.0912907694696	0.000640202758303	4294.0	0.00769230769231	0.0011040481063
250901	Raghav Kaushik	3	0.0868415073333	0.00129997894233	4432.0	0.00897435897436	0.0013481787188
53083	Marios Hadjieleftheriou	3	0.0141292735043	0.000202429149798	486.0	0.0128205128205	0.00204925455668
115761	Serge Abiteboul	3	0.0136123680241	4.16927246196e-05	68.0	0.0141025641026	0.00176272890049
54328	Amol Deshpande	3	0.111301125526	0.00509528981929	21440.0	0.0179487179487	0.00191689697684
43875	Philip S. Yu	3	0.0682931296346	0.0113162832033	68590.0	0.00897435897436	0.00131184781748
322650	Fatma Özcan	3	0.112644414972	0.0027437644309	3480.0	0.024358974359	0.00198822835457
193922	Ioana Manolescu	3	0.0178007889546	0.000302820841974	542.0	0.0179487179487	0.0022321901678
64903	Cong Yu	3	0.101188065076	0.00635265461966	30102.0	0.0166666666667	0.00172682878824
19910	Zhen Zhang	3	0.0785891267247	0.0	4988.0	0.00512820512821	0.000884525229032
323111	Jingren Zhou	3	0.0732715073089	0.00130015470195	11478.0	0.00769230769231	0.00138933772119
50745	Phillip B. Gibbons	3	0.0912907694696	0.000640202758303	4294.0	0.00769230769231	0.0011040481063
42554	Erhard Rahm	3	0.100410492854	0.00383134195714	17926.0	0.0102564102564	0.00147862441145
323145	Jonathan Goldstein	3	0.0849225658801	0.0012441986768	4616.0	0.00769230769231	0.00125361677907
52826	Chee Yong Chan	3	0.0900741185897	0.00416887940706	3740.0	0.0115384615385	0.00139324127668
52837	Jian Pei	3	0.0914185084194	0.0255751950232	129934.0	0.0128205128205	0.00155552629484
323206	Calisto Zuzarte	3	0.104145208316	0.0014796424039	3664.0	0.0128205128205	0.0015049712741
216724	Betty Salzberg	3	0.0733537732228	0.00761001942003	41956.0	0.0141025641026	0.00202025045496
48837	Xifeng Yan	3	0.0782752723847	0.00617162042066	5008.0	0.0115384615385	0.00142534633207
48871	Stefano Ceri	3	0.0154273504274	0.000184325729897	318.0	0.0153846153846	0.00210909367162
# Periodo: 2006-2008
54068	Johannes Gehrke	9	0.0254438538957	0.000322971660569	114.0	0.0261506276151	0.00256503027225
20335	Kian-Lee Tan	8	0.0528924263331	0.0125902356386	65670.0	0.0251046025105	0.00358990235729
53129	Nick Koudas	8	0.0558639109586	0.0159366762324	5218.0	0.0167364016736	0.00275419054616
34980	Raghu Ramakrishnan	7	0.0548611932753	0.0249479725733	164544.0	0.0261506276151	0.00330455104385
100728	Donald Kossmann	7	0.0375591167163	0.00566058402156	37676.0	0.0167364016736	0.0024135934176
78381	Alan J. Demers	7	0.0229615266864	0.000144435438527	82.0	0.0219665271967	0.00202394132797
54020	Kevin Chen-Chuan Chang	7	0.0402280945977	0.00324709559173	3052.0	0.0177824267782	0.00250787579759
48268	Jiawei Han	7	0.0410403926617	0.00893487991705	-4668.0	0.0177824267782	0.00222097867454
52827	Beng Chin Ooi	7	0.0515889813262	0.00392863662585	4606.0	0.0209205020921	0.00302636912622
76068	Samuel Madden	6	0.0362942248029	0.00784792657013	55060.0	0.0188284518828	0.00225250750669
53744	Anthony K. H. Tung	6	0.0582358778953	0.0186128940393	-51248.0	0.0198744769874	0.00285323588112
3181	H. V. Jagadish	6	0.0532464586379	0.0099565890454	-26594.0	0.0198744769874	0.00262043044139
251021	Jun Yang 0001	6	0.0519245843895	0.0233060965191	159168.0	0.015690376569	0.00221883703843
100711	Wolfgang Lehner	5	0.0341417206889	0.00167437037686	13146.0	0.00941422594142	0.00148884256748
43875	Philip S. Yu	5	0.0465960790046	0.0148511102835	27912.0	0.015690376569	0.00228358631779
54150	Qiong Luo	5	0.0153765690377	0.000245350391027	510.0	0.0146443514644	0.0021477892933
52835	Yufei Tao	5	0.00651754103637	3.06687988784e-05	98.0	0.00732217573222	0.0013483237667
52935	K. Selçuk Candan	5	0.0110486401674	4.23156403572e-05	4.0	0.0125523012552	0.00155368314762
173820	Alin Deutsch	5	0.0427229909801	0.0026349609703	8526.0	0.010460251046	0.00164000399737
53052	Minos N. Garofalakis	5	0.0465452653961	0.00185108107516	11514.0	0.0135983263598	0.00170819833932
53131	Divesh Srivastava	5	0.0442929895351	0.000438125698263	3978.0	0.010460251046	0.00179914787654
45196	Tova Milo	4	0.00950931913275	7.6671997196e-05	174.0	0.0115062761506	0.00235555406786
370	Sergey Melnik	4	0.0374403582177	0.00169883239501	2280.0	0.00732217573222	0.00110067324839
193942	Jayavel Shanmugasundaram	4	0.0196129707113	0.00016528291967	66.0	0.0167364016736	0.00170230877513
100769	Torsten Grust	4	0.0110486401674	3.8335998598e-05	32.0	0.0125523012552	0.00173258223708
53916	Dong Xin	4	0.0354796412038	0.00125745726449	2226.0	0.00836820083682	0.00110867576211
250749	Alin Dobra	4	0.0298611896415	1.8401279327e-05	2656.0	0.0115062761506	0.00135319757267
322582	Jan Rittinger	4	0.0110486401674	3.8335998598e-05	32.0	0.0125523012552	0.00173258223708
54371	Berthold Reinwald	4	0.0420455651189	0.0029063433299	46.0	0.0125523012552	0.0017000220815
34128	Gustavo Alonso	4	0.031999279648	0.00126764368697	11086.0	0.010460251046	0.00175899054745
52826	Chee Yong Chan	4	0.0499060283595	0.00114788932945	5550.0	0.010460251046	0.00163376992774
52836	Xiaokui Xiao	4	0.00423640167364	0.0	40.0	0.00418410041841	0.000802505412774
67890	Walker M. White	4	0.0192127060029	5.27941466407e-05	98.0	0.0188284518828	0.00173078110944
53054	Surajit Chaudhuri	4	0.0309738812541	0.00168430122602	9376.0	0.010460251046	0.00166091190616
53130	Yannis Papakonstantinou	4	0.045929681989	0.00521873425486	-11526.0	0.00836820083682	0.00124528180465
55301	Ming Hua	3	0.00605200239091	2.19062849131e-06	28.0	0.00627615062762	0.00108314988706
75097	Naga K. Govindaraju	3	0.011828130029	0.000118293938531	402.0	0.0115062761506	0.00161676776556
52989	Alon Y. Halevy	3	0.0268778390228	0.00173497776512	18208.0	0.00627615062762	0.00119037137118
452753	Yannis Sismanis	3	0.0403808168553	0.000304497360293	1970.0	0.00941422594142	0.00127931377423
442524	Nitin Gupta 0003	3	0.0181042806566	2.93909322585e-05	104.0	0.0125523012552	0.00115715772907
47192	Dimitris Papadias	3	0.0471828049852	0.00371092466429	21940.0	0.00941422594142	0.00151728012522
53587	Gerhard Weikum	3	0.00732217573222	2.19062849131e-05	54.0	0.00941422594142	0.00149436989209
53727	Per-Åke Larson	3	0.0293326730107	7.30209497105e-07	2712.0	0.00627615062762	0.00101759316941
84498	Daniela Florescu	3	0.0318710774059	2.92083798842e-06	2496.0	0.00836820083682	0.0011755443051
53786	Gautam Das	3	0.053389402151	0.00460119608316	312.0	0.010460251046	0.00170988425597
53854	Weiyi Meng	3	0.010460251046	1.53343994392e-05	20.0	0.0125523012552	0.00134585758191
55408	Volker Markl	3	0.035013296305	0.00191314888241	12570.0	0.0146443514644	0.00202884276589
27778	Bingsheng He	3	0.013179916318	6.13375977568e-05	70.0	0.010460251046	0.0013852627161
53931	Xuemin Lin	3	0.00770254849753	4.1621941335e-05	106.0	0.00941422594142	0.0016710342807
131864	Christoph Koch	3	0.0165161858621	0.000123770509759	446.0	0.010460251046	0.00116985669195
54067	Venkatesh Ganti	3	0.0351871462228	0.00379237953369	-278.0	0.00836820083682	0.00118776303489
250748	Florin Rusu	3	0.0297940858446	0.0	2670.0	0.00836820083682	0.000948797047886
256925	Rainer Gemulla	3	0.0405454685041	0.00288286709457	19678.0	0.00941422594142	0.00129057348116
251035	Nicola Onose	3	0.0397353692333	0.00520493329536	35126.0	0.0115062761506	0.00164255874467
250804	Shivnath Babu	3	0.0424696600679	0.00341518981796	21094.0	0.0135983263598	0.0017166920474
54243	Joseph M. Hellerstein	3	0.048723753845	0.0155863217157	110160.0	0.0135983263598	0.00156017114252
44045	Jun'ichi Tatemura	3	0.0098210134821	5.07495600488e-06	36.0	0.010460251046	0.00125342612066
54292	Mirek Riedewald	3	0.0196129707113	5.65547255508e-05	96.0	0.0146443514644	0.0013699215676
250958	Chaitanya Mishra	3	0.0469046044841	0.000424981927315	3778.0	0.00523012552301	0.000896297162157
48221	Philip A. Bernstein	3	0.044646452268	0.00420600670332	29404.0	0.00836820083682	0.00115740426879
54370	Andrey Balmin	3	0.0470711297071	0.00439892805246	-2550.0	0.0146443514644	0.00191912889958
322663	Vijayshankar Raman	3	0.0422594142259	0.00930798045959	63228.0	0.0135983263598	0.00173467518418
251037	Magdalena Balazinska	3	0.0125523012552	5.91469692655e-05	132.0	0.0146443514644	0.00155348308823
54438	Jeffrey F. Naughton	3	0.0308842318149	0.00216653157791	19292.0	0.00836820083682	0.00159532792982
54477	Eric Lo	3	0.0372426073057	0.00208109706675	14666.0	0.010460251046	0.00143723496223
322910	Badrish Chandramouli	3	0.0423012966979	4.70985125633e-05	2018.0	0.00941422594142	0.00132366001584
64902	Adriane Chapman	3	0.0449436210198	0.00521457206072	36948.0	0.0115062761506	0.00158769996534
499095	Fan Yang 0002	3	0.0184592665518	0.000115993778615	102.0	0.0135983263598	0.00134421716906
499147	Yan Qi 0002	3	0.00768601055121	6.57188547394e-06	46.0	0.00836820083682	0.00106591840571
214494	Atul Adya	3	0.0374403582177	0.00169883239501	2280.0	0.00732217573222	0.00110067324839
323111	Jingren Zhou	3	0.0293326730107	7.30209497105e-07	2712.0	0.00627615062762	0.00101759316941
323144	Daniel J. Abadi	3	0.0311775079388	1.42390851935e-05	2738.0	0.00732217573222	0.00104087926853
151129	Ugur Çetintemel	3	0.00732217573222	2.62875418958e-05	62.0	0.00941422594142	0.00159100694907
54877	Jae-Gil Lee	3	0.0346726306809	0.000670332318342	2444.0	0.010460251046	0.00134765778547
52837	Jian Pei	3	0.00605200239091	2.19062849131e-06	28.0	0.00627615062762	0.00108314988706
54893	Gang Gou	3	0.00209205020921	0.0	4.0	0.00418410041841	0.00104493207941
54894	Rada Chirkova	3	0.00209205020921	0.0	4.0	0.00418410041841	0.00104493207941
323206	Calisto Zuzarte	3	0.0514555040136	0.0128628593543	-11274.0	0.0115062761506	0.0016046484181
52973	Haixun Wang	3	0.045454747996	0.00593079804596	4056.0	0.0125523012552	0.00178609999278
81651	Juliana Freire	3	0.00732217573222	1.42390851935e-05	38.0	0.00941422594142	0.00139578411092
116495	Peter Buneman	3	0.0376658187524	0.00447326337926	33422.0	0.00732217573222	0.00127465338014
55096	Jens Teubner	3	0.00930411803567	8.76251396526e-06	38.0	0.00941422594142	0.00129075308228
53051	Graham Cormode	3	0.0383141906357	0.000876251396526	7476.0	0.00523012552301	0.000947194058205
53096	Elke A. Rundensteiner	3	0.010460251046	6.13375977568e-05	132.0	0.0125523012552	0.0019239519655
49038	Clement T. Yu	3	0.010460251046	1.53343994392e-05	20.0	0.0125523012552	0.00134585758191
53193	Divyakant Agrawal	3	0.0110486401674	6.6595106136e-05	170.0	0.0125523012552	0.00161975278854
322700	Adam Silberstein	3	0.0547907681235	0.0214714451576	151996.0	0.010460251046	0.00138811179117
53224	Songting Chen	3	0.0098210134821	5.07495600488e-06	36.0	0.010460251046	0.00125342612066
51198	Peter J. Haas	3	0.0411750565243	0.00626738811365	25060.0	0.015690376569	0.00191689842402
53251	Wilfred Ng	2	0.00523012552301	1.31437709479e-05	34.0	0.00732217573222	0.00150340767503
52911	Jignesh M. Patel	2	0.00313807531381	4.38125698263e-06	14.0	0.00523012552301	0.00135458288772
55330	Yanlei Diao	2	0.00523012552301	1.31437709479e-05	34.0	0.00732217573222	0.00150340767503
66566	Vijay Raghavan	2	0.00871687587169	0.0	24.0	0.010460251046	0.00107627011572
940078	Yenel Yildirim	2	0.00512552301255	0.0	20.0	0.00627615062762	0.00101807593828
53308	Yuan-Chi Chang	2	0.0340095684209	4.76096592112e-05	2504.0	0.00941422594142	0.00127884336459
# Periodo: 2007-2009
54068	Johannes Gehrke	9	0.052997452564	0.0189400690083	192230.0	0.024485798237	0.00249624131565
53054	Surajit Chaudhuri	9	0.0766709880541	0.0434032195967	121138.0	0.0156709108717	0.00245253790974
78381	Alan J. Demers	7	0.0473432877055	7.44816372517e-05	7686.0	0.0195886385896	0.00185760808731
53129	Nick Koudas	7	0.0896699135793	0.0903465323446	436154.0	0.0146914789422	0.00206476781015
34980	Raghu Ramakrishnan	6	0.0570166890167	0.0139453822665	131722.0	0.0156709108717	0.00214046923169
53744	Anthony K. H. Tung	6	0.090114043909	0.0895525523301	850922.0	0.0176297747307	0.00245713491193
3181	H. V. Jagadish	6	0.0434536075119	0.00126557968927	17600.0	0.0127326150833	0.00179626232584
48268	Jiawei Han	6	0.0622017964623	0.00810066109369	1696.0	0.0146914789422	0.00188457197479
52935	K. Selçuk Candan	6	0.0112922740105	6.20626964465e-05	64.0	0.0127326150833	0.0016905184654
76068	Samuel Madden	6	0.0161547266441	0.000548609910827	1844.0	0.0137120470127	0.00208227654813
20335	Kian-Lee Tan	6	0.0850585575747	0.056433797809	317866.0	0.0195886385896	0.00294039406979
53131	Divesh Srivastava	6	0.0752130031634	0.0135574504043	115770.0	0.0146914789422	0.00213966745151
47192	Dimitris Papadias	5	0.0811508718342	0.0164385349308	4032.0	0.0117531831538	0.00163780262704
100728	Donald Kossmann	5	0.0637268842915	0.0182276763138	176272.0	0.0156709108717	0.00226816352961
53931	Xuemin Lin	5	0.0598487679777	0.0161337404697	162088.0	0.0127326150833	0.00183480680409
54020	Kevin Chen-Chuan Chang	5	0.0622017964623	0.0107939068543	35328.0	0.0146914789422	0.00228532386907
131864	Christoph Koch	5	0.0472449375882	0.00246826448503	33358.0	0.0117531831538	0.00130009577781
52835	Yufei Tao	5	0.0680150484682	0.0526089377965	531366.0	0.00979431929481	0.00139372876796
52827	Beng Chin Ooi	5	0.0812233279698	0.0171397204001	7724.0	0.0156709108717	0.00223854772737
67890	Walker M. White	5	0.0473186618081	4.56748157964e-05	7690.0	0.0176297747307	0.00165118300773
52989	Alon Y. Halevy	4	0.0566792070568	0.00328781855543	35500.0	0.00783545543585	0.00158373706292
53587	Gerhard Weikum	4	0.009435194254	0.000153636381095	578.0	0.00979431929481	0.00152534225016
100711	Wolfgang Lehner	4	0.0532144646541	0.00808959561624	90836.0	0.00685602350637	0.00106721235116
370	Sergey Melnik	4	0.00652954619654	1.44034107277e-05	30.0	0.00685602350637	0.00115035235147
53786	Gautam Das	4	0.0855384366019	0.0409853121791	-162720.0	0.00979431929481	0.00142110792541
4918	Yi Chen	4	0.0527057516374	0.00324844923278	6904.0	0.00783545543585	0.0011921599369
43875	Philip S. Yu	4	0.0586714784432	0.0078210428801	47092.0	0.0137120470127	0.00198068935403
54150	Qiong Luo	4	0.0472449375882	0.0028614775979	16262.0	0.0107737512243	0.0013934177039
322547	AnHai Doan	4	0.0568563295788	0.0068649856286	58706.0	0.0137120470127	0.00192089271561
250888	Utkarsh Srivastava	4	0.0505670524325	0.00730156901154	82698.0	0.0127326150833	0.00174051028945
250901	Raghav Kaushik	4	0.0651415161662	1.53636381095e-05	5586.0	0.00685602350637	0.00106495980966
322582	Jan Rittinger	4	0.0444950488267	0.00190765173193	8178.0	0.00979431929481	0.00137941623385
250938	Ziyang Liu	4	0.0527057516374	0.00324844923278	6904.0	0.00783545543585	0.0011921599369
54371	Berthold Reinwald	4	0.0609719352052	0.00240033982904	5666.0	0.0117531831538	0.0015936111856
251021	Jun Yang 0001	4	0.0647704715743	0.0320256499596	217030.0	0.0146914789422	0.0019560890978
54438	Jeffrey F. Naughton	4	0.0502319863756	0.00123901339837	15344.0	0.00881488736533	0.00140006154909
100769	Torsten Grust	4	0.0444950488267	0.00190765173193	8178.0	0.00979431929481	0.00137941623385
34128	Gustavo Alonso	4	0.0556903136371	0.00165735246106	21314.0	0.00881488736533	0.00146697409518
52837	Jian Pei	4	0.0598684615506	0.0167828541799	165614.0	0.0127326150833	0.00152710412276
52836	Xiaokui Xiao	4	0.0596134517209	0.0202223886616	204982.0	0.00587659157689	0.000819247038339
53051	Graham Cormode	4	0.064335309283	0.0048971596474	49648.0	0.00783545543585	0.00114195385037
53052	Minos N. Garofalakis	4	0.056016088255	0.00409825046571	44046.0	0.00685602350637	0.00131583272424
53096	Elke A. Rundensteiner	4	0.0512219185395	0.0105356148336	110194.0	0.0176297747307	0.00246053173571
51198	Peter J. Haas	4	0.0605458418144	0.00492781376344	26362.0	0.0156709108717	0.00196484770645
55301	Ming Hua	3	0.0594575995596	0.000247738664516	6120.0	0.00587659157689	0.000791198348445
53606	Ke Yi	3	0.0662806027877	0.00246682414396	24510.0	0.00783545543585	0.00129044678561
45196	Tova Milo	3	0.00587659157689	2.11250024006e-05	56.0	0.00783545543585	0.00169347087887
452753	Yannis Sismanis	3	0.0603050230866	0.00078642622573	6034.0	0.00881488736533	0.00119227413905
442524	Nitin Gupta 0003	3	0.04720816156	7.68181905475e-06	7708.0	0.0117531831538	0.00113116253056
53972	Wei Wang 0011	3	0.05272102424	9.98636477118e-05	6902.0	0.00881488736533	0.00132034497833
43338	Hector Garcia-Molina	3	0.00832517140059	4.60909143285e-05	68.0	0.00979431929481	0.00132996403236
53585	Peter Zabback	3	0.0474420481492	0.0048971596474	61232.0	0.00783545543585	0.00128597729188
53727	Per-Åke Larson	3	0.047380274649	4.48106111527e-06	7680.0	0.00587659157689	0.000940628055849
53796	Nicolas Bruno	3	0.0658965065745	0.0157861381575	158972.0	0.0048971596474	0.000764744554078
49703	Martin L. Kersten	3	0.00566671330628	3.45681857464e-05	130.0	0.00685602350637	0.00131067793195
84581	Yehoshua Sagiv	3	0.00391772771792	2.88068214553e-06	8.0	0.00587659157689	0.00124968093253
53916	Dong Xin	3	0.0686826178378	0.0202474002987	-28286.0	0.00783545543585	0.00108172737755
27778	Bingsheng He	3	0.0472326725473	0.00203568204951	7704.0	0.00979431929481	0.00119739179002
54056	Guoliang Li	3	0.076445485148	0.00872444309098	2600.0	0.0107737512243	0.00150216718854
250749	Alin Dobra	3	0.0528281807934	0.000517050437544	6880.0	0.0107737512243	0.00126572689683
250788	Benny Kimelfeld	3	0.00391772771792	2.88068214553e-06	8.0	0.00587659157689	0.00124968093253
250804	Shivnath Babu	3	0.0710426609341	0.0340214505652	-14940.0	0.0137120470127	0.00162694553382
250816	Yunyao Li	3	0.0482216418373	0.0120095638647	137578.0	0.0137120470127	0.0018654249406
322530	Kevin S. Beyer	3	0.0694958955891	0.0232705436076	-20686.0	0.0146914789422	0.0017760117857
82917	Sang-Won Lee	3	0.00391772771792	0.0	8.0	0.00587659157689	0.000978473581213
250860	Georgia Koutrika	3	0.00832517140059	4.60909143285e-05	68.0	0.00979431929481	0.00132996403236
44045	Jun'ichi Tatemura	3	0.00959843290891	4.44905353588e-06	40.0	0.00979431929481	0.00120450053051
250958	Chaitanya Mishra	3	0.0765419666186	0.000825795548386	10366.0	0.0048971596474	0.000788947733131
54370	Andrey Balmin	3	0.069575623194	0.0255640421366	236354.0	0.0137120470127	0.00177496610682
251037	Magdalena Balazinska	3	0.0117531831538	5.18522786196e-05	132.0	0.0137120470127	0.00145468034778
100900	Thomas Neumann	3	0.00643308699136	3.0727276219e-05	206.0	0.00391772771792	0.000787219198792
54606	Stefan Manegold	3	0.00610261432984	3.84090952738e-05	140.0	0.00685602350637	0.00132611730572
64902	Adriane Chapman	3	0.0434121342525	0.000408096637284	8382.0	0.00881488736533	0.00118159725634
64903	Cong Yu	3	0.0434432317699	0.00328205719114	45264.0	0.0117531831538	0.00167223879033
499147	Yan Qi 0002	3	0.00767874632713	5.76136429106e-06	50.0	0.00783545543585	0.00102547106375
222673	Fei Xu	3	0.0601654281258	0.0048420883208	3654.0	0.0127326150833	0.00145750070568
214494	Atul Adya	3	0.00652954619654	1.44034107277e-05	30.0	0.00685602350637	0.00115035235147
323111	Jingren Zhou	3	0.047380274649	4.48106111527e-06	7680.0	0.00587659157689	0.000940628055849
323144	Daniel J. Abadi	3	0.0148982479051	0.000124189408052	180.0	0.00979431929481	0.00131889453664
52826	Chee Yong Chan	3	0.0709872238206	0.00164967064201	17090.0	0.00685602350637	0.00128810777722
54926	Yin Yang	3	0.0798333719405	0.0135865407214	4558.0	0.00881488736533	0.0012270851287
54966	Dongqing Yang	3	0.0529665952408	0.0112980353748	119410.0	0.0166503428012	0.0019621839349
52973	Haixun Wang	3	0.0586336624725	0.00658279766363	33324.0	0.0117531831538	0.00171724876193
816879	Arjun Dasgupta	3	0.0733925996984	0.000121665381791	4958.0	0.00685602350637	0.00104029357681
52978	Nikos Mamoulis	3	0.0491996361959	0.00247258550825	32130.0	0.00979431929481	0.00156472516583
55065	Dan Olteanu	3	0.0425193397178	0.0	8558.0	0.0048971596474	0.000682021992894
55096	Jens Teubner	3	0.049547999633	0.00729388719249	85830.0	0.00685602350637	0.000961641786287
53070	Panos Kalnis	3	0.0759349977681	0.053663779583	543756.0	0.0117531831538	0.0016732448662
53080	Bongki Moon	3	0.00391772771792	0.0	8.0	0.00587659157689	0.000978473581213
53148	Sudipto Guha	3	0.0794152137286	0.0412250763838	-11754.0	0.0117531831538	0.00147827508637
53193	Divyakant Agrawal	3	0.0106649254543	6.41431891072e-05	192.0	0.0117531831538	0.00154852844898
53224	Songting Chen	3	0.00959843290891	4.44905353588e-06	40.0	0.00979431929481	0.00120450053051
53251	Wilfred Ng	2	0.0048971596474	1.15227285821e-05	34.0	0.00685602350637	0.00140778977006
75097	Naga K. Govindaraju	2	0.0425491708728	0.0	8552.0	0.00783545543585	0.000962941687549
53272	Vivek R. Narasayya	2	0.065001877332	0.000393693226556	5596.0	0.00587659157689	0.000987730294465
176235	Lucian Popa	2	0.00639895527261	6.33750072017e-05	288.0	0.00685602350637	0.00125311418175
522394	Julie Letchner	2	0.00940254652302	0.0	30.0	0.0107737512243	0.00102929681799
53403	Hong Cheng	2	0.0555203706598	0.0003331989015	6554.0	0.00979431929481	0.00120890831755
53405	Tianyi Wu	2	0.0604251925116	0.00159320927196	6022.0	0.00881488736533	0.00107717807067
49320	Christos Faloutsos	2	0.00391772771792	7.68181905475e-06	24.0	0.00587659157689	0.00137689396159
381137	Paolo Papotti	2	0.006611165524	3.84090952738e-05	128.0	0.00783545543585	0.00122434691257
193916	Arvind Arasu	2	0.0649554639958	0.0	5602.0	0.0048971596474	0.00075933480139
# Periodo: 2010-2012
52973	Haixun Wang	10	0.0747265582698	0.0172004282999	21816.0	0.0253378378378	0.00314130282637
340136	Suman Nath	8	0.0945652280314	0.093513754269	1023466.0	0.0168918918919	0.00252498168547
52827	Beng Chin Ooi	8	0.0879995263211	0.0331496990661	-45792.0	0.0211148648649	0.00251507588231
53131	Divesh Srivastava	8	0.0883867957328	0.0147041764524	18346.0	0.0152027027027	0.00225412318805
53786	Gautam Das	7	0.0839532458504	0.0124733928847	40872.0	0.0126689189189	0.00162207104129
54068	Johannes Gehrke	7	0.10210973586	0.0926775263894	-343958.0	0.0160472972973	0.00201276574875
53732	Anastasia Ailamaki	6	0.075526350765	0.0666158815197	1004468.0	0.0168918918919	0.00217614871224
48268	Jiawei Han	6	0.0850470992165	0.0429329721991	264028.0	0.0261824324324	0.00240944193398
34358	Michael J. Franklin	6	0.0818991827461	0.0214644841415	81988.0	0.027027027027	0.00301538118462
53109	Jeffrey Xu Yu	6	0.0761875093652	0.0170118568744	70916.0	0.0202702702703	0.00244563553771
53250	James Cheng	5	0.0836841649342	0.0201380189961	-38354.0	0.0135135135135	0.00177464467057
53619	Xiaofang Zhou	5	0.0109797297297	8.06755614448e-05	234.0	0.0126689189189	0.0020793187172
52989	Alon Y. Halevy	5	0.0922921861416	0.0247955606352	27604.0	0.0211148648649	0.00204786709972
54469	Neoklis Polyzotis	5	0.0680820324888	0.0593015352631	929040.0	0.0160472972973	0.00235814790796
54863	Nan Zhang 0004	5	0.0713373209275	3.80769611539e-06	7320.0	0.00675675675676	0.000946833258794
52911	Jignesh M. Patel	5	0.0131408982512	0.000212041077426	856.0	0.0126689189189	0.00168244337937
48837	Xifeng Yan	5	0.0728703864344	0.0154026067488	184470.0	0.0135135135135	0.00164199078263
55002	Ruoming Jin	5	0.0743224009663	0.00551866803094	2794.0	0.0135135135135	0.00157966015418
42867	Jianzhong Li	5	0.0759658407316	0.00951785415527	66880.0	0.0135135135135	0.00170698426354
53607	Feifei Li	4	0.0755700707944	0.00320837506069	14928.0	0.0101351351351	0.00144452614263
506034	Russell Sears	4	0.0774761408293	0.013644367089	-20266.0	0.0152027027027	0.00165599819179
53606	Ke Yi	4	0.0756138414696	0.00478476125246	30924.0	0.0118243243243	0.00168480185469
53744	Anthony K. H. Tung	4	0.0795292703608	0.0118571310454	99960.0	0.0143581081081	0.00176378035349
52990	Zachary G. Ives	4	0.0709881986391	0.00394524913756	49628.0	0.0118243243243	0.00166103054166
53931	Xuemin Lin	4	0.0690543757193	0.00240782564231	7340.0	0.0160472972973	0.00181959272409
54217	Kaushik Chakrabarti	4	0.0783362119996	0.00761345875968	942.0	0.00929054054054	0.00119707398755
250860	Georgia Koutrika	4	0.0561131731344	0.0503743917205	807034.0	0.0177364864865	0.00171601779054
250880	Cheng Sheng	4	0.0763657778867	0.00299436366102	6838.0	0.00760135135135	0.00101872774384
250901	Raghav Kaushik	4	0.0754608654898	0.00391597747367	14948.0	0.00591216216216	0.00113157005628
54328	Amol Deshpande	4	0.0574086619601	0.00315705604167	50974.0	0.00591216216216	0.00131164153703
251037	Magdalena Balazinska	4	0.00977316602317	0.000137077060154	616.0	0.00844594594595	0.00153257101966
517305	Hongrae Lee	4	0.0936158460361	0.0284271224599	-74810.0	0.0152027027027	0.00149883112717
3322	Ahmed K. Elmagarmid	4	0.0635266653515	0.00157448234371	8220.0	0.00760135135135	0.00110315595434
54539	Sai Wu	4	0.0768377264846	0.00088179220317	6796.0	0.00929054054054	0.00114055164247
52783	Christian S. Jensen	4	0.0853250309133	0.0125927663394	26616.0	0.0135135135135	0.00166357456504
52836	Xiaokui Xiao	4	0.0976784865674	0.0539947808919	-105604.0	0.0118243243243	0.00141575809543
323144	Daniel J. Abadi	4	0.0118947072072	0.000265110842034	1276.0	0.0118243243243	0.00165625759046
52835	Yufei Tao	4	0.0763657778867	0.00299436366102	6838.0	0.00760135135135	0.00101872774384
76068	Samuel Madden	4	0.012976044226	0.000234887254118	784.0	0.0101351351351	0.00142197376957
52993	Dan Suciu	4	0.078832908996	0.000395524433986	6624.0	0.00506756756757	0.000816495148941
53096	Elke A. Rundensteiner	4	0.0387898669729	0.00472344703114	100794.0	0.0118243243243	0.00160428680966
55209	Wenchao Zhou	4	0.0830453545148	0.0254756982502	128674.0	0.0152027027027	0.00178527535175
55210	Boon Thau Loo	4	0.0710268211628	0.00236529323068	6252.0	0.0135135135135	0.00159181567689
53248	Mohamed F. Mokbel	3	0.0692007936906	0.00157353041968	7546.0	0.00844594594595	0.00113595616
53249	Yiping Ke	3	0.0735477731252	0.000340669811824	7100.0	0.00929054054054	0.00123136676694
81933	Bill Howe	3	0.00882737576286	0.000115658769505	542.0	0.00929054054054	0.00165146344554
38960	Marianne Winslett	3	0.0902192794038	0.0296518941866	-52842.0	0.00929054054054	0.00105105877536
208949	Pradeep Dubey	3	0.0790716519063	0.00211889116096	6604.0	0.0109797297297	0.00103281045459
52991	Jayant Madhavan	3	0.0834701389369	0.00388595580754	6256.0	0.0160472972973	0.00149761813538
323701	Hazem Elmeleegy	3	0.0560168621743	9.51924028847e-07	9322.0	0.00591216216216	0.000862488546948
442524	Nitin Gupta 0003	3	0.0977150428872	0.0445782384464	-80866.0	0.0118243243243	0.00123917334053
49320	Christos Faloutsos	3	0.0560288829602	0.00315277238354	50984.0	0.00929054054054	0.00127240839468
561354	Reynold Xin	3	0.0915158060268	0.0223324997554	-23726.0	0.0152027027027	0.001588611022
53459	Sihem Amer-Yahia	3	0.0838723400561	0.0125194501259	52554.0	0.0143581081081	0.00162807332717
784609	Arijit Khan	3	0.0632037266024	9.99520230289e-06	8262.0	0.00844594594595	0.00110353787865
53972	Wei Wang 0011	3	0.0689996285927	0.00202112530409	7568.0	0.0135135135135	0.00150434020542
442653	Aditya G. Parameswaran	3	0.0615789138195	0.0251722030568	8480.0	0.00844594594595	0.00108201629258
53574	Carlo Zaniolo	3	0.00761261261261	6.8538530077e-05	538.0	0.00506756756757	0.00100001880683
43338	Hector Garcia-Molina	3	0.0615789138195	0.0251722030568	8480.0	0.00844594594595	0.00108201629258
49520	Michael J. Carey	3	0.0778225319209	0.00704947339563	76840.0	0.0168918918919	0.0016929494
561521	Gabriel Bender	3	0.095220494017	0.00407593809028	5484.0	0.00760135135135	0.000881701234631
53678	Wenfei Fan	3	0.0655193461969	8.56731625962e-06	7970.0	0.00844594594595	0.00109361314576
53714	Zhenjie Zhang	3	0.0935822919694	0.0291810083038	-38284.0	0.00929054054054	0.0011140019701
216829	Ihab F. Ilyas	3	0.00717905405405	0.000114230883462	666.0	0.00760135135135	0.00139225540286
53796	Nicolas Bruno	3	0.00591216216216	1.14230883462e-05	38.0	0.00760135135135	0.00122057023993
100728	Donald Kossmann	3	0.0788805421736	0.00741858193781	82340.0	0.0101351351351	0.00129013280492
62158	Micah Sherr	3	0.0710075046491	0.00157710013479	7354.0	0.0126689189189	0.00146609246098
215842	Malú Castellanos	3	0.0461134925105	0.00732648328802	11324.0	0.0109797297297	0.00119562092443
54056	Guoliang Li	3	0.00337837837838	2.14182906491e-06	8.0	0.00506756756757	0.00107778389286
250753	Pierre Senellart	3	0.0590311088841	0.00704090607937	105722.0	0.00929054054054	0.00147974098166
53171	Bin Cui	3	0.0683493703127	0.00627698704622	80700.0	0.00844594594595	0.00138235261999
250804	Shivnath Babu	3	0.00422297297297	7.13943021635e-06	26.0	0.00591216216216	0.00123041174739
34980	Raghu Ramakrishnan	3	0.0666737984154	9.44785549604e-05	7822.0	0.00929054054054	0.00107730749738
322532	Rajasekar Krishnamurthy	3	0.0506586330218	0.00992916257339	714.0	0.0278716216216	0.00176707797646
322536	Shivakumar Vaithyanathan	3	0.0459107780191	3.53401795709e-05	11374.0	0.0211148648649	0.00127090336363
54321	Wook-Shin Han	3	0.0657834705454	0.00275058448135	5738.0	0.00929054054054	0.00119238663833
250979	Jatin Chhugani	3	0.0790716519063	0.00211889116096	6604.0	0.0109797297297	0.00103281045459
250980	Nadathur Satish	3	0.0790716519063	0.00211889116096	6604.0	0.0109797297297	0.00103281045459
54470	Alkis Simitsis	3	0.0507275295501	0.0204694603733	353492.0	0.0109797297297	0.00130581003257
54475	Jianhua Feng	3	0.00337837837838	2.14182906491e-06	8.0	0.00506756756757	0.00107778389286
53916	Dong Xin	3	0.0790716519063	0.0167446890611	-29416.0	0.00929054054054	0.00115339949768
55505	Vasilis Vassalos	3	0.0679049660844	0.00368757694149	21836.0	0.00844594594595	0.00134508595292
50460	Umeshwar Dayal	3	0.0461134925105	0.00732648328802	11324.0	0.0109797297297	0.00119562092443
250936	Ning Ruan	3	0.0688359068269	0.000432652458751	7586.0	0.00760135135135	0.000926106867044
351592	Carlo Curino	3	0.0103808353808	0.000182769413539	1034.0	0.00760135135135	0.00133779607003
193916	Arvind Arasu	3	0.0754390622926	0.00312350071965	6922.0	0.00506756756757	0.000919522359489
323028	Alexandra Meliou	3	0.078832908996	0.000395524433986	6624.0	0.00506756756757	0.000816495148941
7641	Xin Jin	3	0.0713178351802	9.51924028847e-07	7322.0	0.00591216216216	0.000812399720586
45196	Tova Milo	3	0.0525764387021	0.00393953759338	67256.0	0.00675675675676	0.00119653627107
53246	Justin J. Levandoski	3	0.0692007936906	0.00157353041968	7546.0	0.00844594594595	0.00113595616
323162	Anish Das Sarma	3	0.0915800051191	0.00701732263022	-864.0	0.0109797297297	0.00114637045145
52837	Jian Pei	3	0.0825465047722	0.00795481903597	-9876.0	0.00844594594595	0.00109679920483
194163	Changkyu Kim	3	0.0790716519063	0.00211889116096	6604.0	0.0109797297297	0.00103281045459
173820	Alin Deutsch	3	0.0754172716911	0.0056613914153	12908.0	0.00760135135135	0.00127546467662
55096	Jens Teubner	3	0.0592992492834	0.00158209773594	28626.0	0.00506756756757	0.000938972547184
53054	Surajit Chaudhuri	3	0.0845239865959	0.0190269667425	-15946.0	0.00929054054054	0.00116362150119
55116	Mourad Ouzzani	3	0.0635266653515	0.00157448234371	8220.0	0.00760135135135	0.00110315595434
53090	Carlos Ordonez	3	0.00253378378378	2.85577208654e-06	14.0	0.00422297297297	0.00109395428148
53129	Nick Koudas	3	0.0731767361532	0.00158352562199	23620.0	0.00675675675676	0.000997987071446
53193	Divyakant Agrawal	3	0.0768829783847	0.00697078897348	-15896.0	0.0101351351351	0.00125907045198
569358	Ziyu Guan	2	0.0633417260055	3.42692650385e-05	8244.0	0.00844594594595	0.00105274861259
323601	Jennifer Neville	2	0.0635421257227	0.00393382604921	58044.0	0.00591216216216	0.00090956801566
323616	U. Kang	2	0.0500948953558	0.0	10424.0	0.00506756756757	0.000733553139978
55330	Yanlei Diao	2	0.00591216216216	6.42548719472e-06	14.0	0.00760135135135	0.00113016550189
940092	Ioana Roxana Stanoi	2	0.0505703262821	0.00304425304425	10326.0	0.0202702702703	0.00132587499605
940094	Meiyu Lu	2	0.076500027716	0.000203959441597	6826.0	0.00929054054054	0.00105981431895
254016	Edleno Silva de Moura	2	0.00422297297297	9.51924028847e-07	10.0	0.00591216216216	0.000936076989873
512087	Ahmed ElDawy	2	0.0691641310184	0.000783909437756	7550.0	0.00675675675676	0.000883800494832
54843	Michaela Götz	2	0.0892936370023	0.00856017682941	103284.0	0.00506756756757	0.000784594984128
520288	Nedyalko Borisov	2	0.00351914414414	1.42788604327e-06	12.0	0.00506756756757	0.00100801434047
53360	Lise Getoor	2	0.051195018548	0.000792476754015	21508.0	0.00422297297297	0.000968965720529
55607	Luc Bouganim	2	0.00841682199441	8.56731625962e-05	418.0	0.0101351351351	0.0013680059117
53402	Hector Gonzalez	2	0.0829398330987	0.000753581796048	6296.0	0.00929054054054	0.000926292005403
442525	Sudip Roy 0002	2	0.0897540717066	0.0	5818.0	0.00591216216216	0.000689275095226
940216	Dhruba Borthakur	2	0.0143581081081	4.28365812981e-05	34.0	0.0160472972973	0.00128721525099
940235	Quoc Trung Tran	2	0.0595290913348	0.000792476754015	18652.0	0.00506756756757	0.000876744548451
53462	Seung-won Hwang	2	0.0577770733779	1.90384805769e-06	9038.0	0.00675675675676	0.000885246700741
561376	Kamil Bajda-Pawlikowski	2	0.00827457892675	9.51924028847e-07	138.0	0.00591216216216	0.000848255542773
# Periodo: 2011-2013
54068	Johannes Gehrke	7	0.0579962058014	0.0230409000623	81388.0	0.0228640192539	0.00291500739317
53732	Anastasia Ailamaki	5	0.0192539109507	0.000239224044191	332.0	0.0216606498195	0.0029755927819
340136	Suman Nath	5	0.050161063792	0.0153103388282	71068.0	0.0180505415162	0.00256638125336
52827	Beng Chin Ooi	5	0.0259236500499	0.00182892822795	4240.0	0.0240673886883	0.00313085836312
52973	Haixun Wang	5	0.04323606699	0.00483377553535	21534.0	0.0192539109507	0.00306342689162
53786	Gautam Das	4	0.00481347773767	2.89968538414e-06	8.0	0.0072202166065	0.00140304114985
48268	Jiawei Han	4	0.050726258877	0.01624838705	41644.0	0.028880866426	0.00275418802431
54469	Neoklis Polyzotis	4	0.0157240272764	0.000200078291505	322.0	0.0180505415162	0.0029887606883
54863	Nan Zhang 0004	4	0.00481347773767	2.89968538414e-06	8.0	0.0072202166065	0.00140304114985
52911	Jignesh M. Patel	4	0.0139109506619	0.00016093253882	334.0	0.0132370637786	0.00186871117212
55002	Ruoming Jin	4	0.0440827953521	0.0111724877851	56686.0	0.0180505415162	0.00233904972809
53109	Jeffrey Xu Yu	4	0.0379511525845	0.00791034172792	41832.0	0.0204572803851	0.00269644915074
53131	Divesh Srivastava	4	0.0194945848375	0.000597335189132	1874.0	0.0132370637786	0.00203682867499
81933	Bill Howe	3	0.0115523465704	0.000130485842286	246.0	0.0132370637786	0.0023975437008
38960	Marianne Winslett	3	0.0544042957744	0.0204311832166	103790.0	0.0132370637786	0.00162224029154
442524	Nitin Gupta 0003	3	0.0502310234347	0.0143012483146	69824.0	0.0168471720818	0.00189432087744
49320	Christos Faloutsos	3	0.0124118961664	0.000173981123048	438.0	0.0132370637786	0.00182782053098
506034	Russell Sears	3	0.0359796641385	0.0029054847549	15946.0	0.0132370637786	0.00165714699582
561354	Reynold Xin	3	0.0430294430139	0.00771171327911	38194.0	0.0216606498195	0.00245850644481
76068	Samuel Madden	3	0.011200592428	8.84404042161e-05	170.0	0.0132370637786	0.0019434977854
561521	Gabriel Bender	3	0.0539156344351	0.00492946515303	1336.0	0.0108303249097	0.00130269990641
53678	Wenfei Fan	3	0.00962695547533	1.73981123048e-05	16.0	0.0120336943442	0.00164269666152
52989	Alon Y. Halevy	3	0.0425214212546	0.00274310237339	13750.0	0.014440433213	0.00170090765697
53796	Nicolas Bruno	3	0.00842358604091	2.31974830731e-05	38.0	0.0108303249097	0.00173843237298
54056	Guoliang Li	3	0.00481347773767	4.3495280762e-06	8.0	0.0072202166065	0.00153506479933
45196	Tova Milo	3	0.0131720167821	0.000371159729169	1722.0	0.00962695547533	0.00185902943799
250753	Pierre Senellart	3	0.0163545174812	0.000788714424485	3034.0	0.0132370637786	0.00217706675204
54217	Kaushik Chakrabarti	3	0.0349327291975	0.00196888637583	11642.0	0.00962695547533	0.00179670795596
250860	Georgia Koutrika	3	0.0310528015027	0.00158032853435	4066.0	0.0216606498195	0.00215464657681
54321	Wook-Shin Han	3	0.0325050936847	0.00169873235421	1548.0	0.0132370637786	0.0017463234135
54328	Amol Deshpande	3	0.00696235172769	6.66927638351e-05	164.0	0.00842358604091	0.00196491249857
251037	Magdalena Balazinska	3	0.00962695547533	6.95924492193e-05	140.0	0.00962695547533	0.00181607092251
517305	Hongrae Lee	3	0.0425214212546	0.00274310237339	11794.0	0.0192539109507	0.00222353244183
54470	Alkis Simitsis	3	0.0265242679503	0.00121786786134	3288.0	0.0156438026474	0.00184523185996
54475	Jianhua Feng	3	0.00481347773767	4.3495280762e-06	8.0	0.0072202166065	0.00153506479933
323028	Alexandra Meliou	3	0.0406497108382	0.000247923100344	1772.0	0.0072202166065	0.00114807646806
52783	Christian S. Jensen	3	0.0213756412692	0.000487147144535	1452.0	0.0108303249097	0.00188683733396
52836	Xiaokui Xiao	3	0.0568070091524	0.019996230409	-4622.0	0.0156438026474	0.00202145880382
34358	Michael J. Franklin	3	0.0365641053834	0.00384933234744	21498.0	0.0180505415162	0.00222703852013
48837	Xifeng Yan	3	0.013575511432	0.000150783639975	16.0	0.014440433213	0.00192579634772
52993	Dan Suciu	3	0.0406497108382	0.000247923100344	1772.0	0.0072202166065	0.00114807646806
42867	Jianzhong Li	3	0.00962695547533	1.73981123048e-05	16.0	0.0120336943442	0.00164269666152
55209	Wenchao Zhou	3	0.042723183633	0.00874545111855	41814.0	0.0192539109507	0.00240088527746
53193	Divyakant Agrawal	3	0.0194945848375	0.000410402138035	1228.0	0.014440433213	0.00196651853088
53248	Mohamed F. Mokbel	2	0.0353094547085	0.000487147144535	2040.0	0.00962695547533	0.00126164278249
53250	James Cheng	2	0.0072202166065	8.69905615241e-06	12.0	0.00962695547533	0.00154274698584
53249	Yiping Ke	2	0.0072202166065	8.69905615241e-06	12.0	0.00962695547533	0.00154274698584
569358	Ziyu Guan	2	0.012776951936	6.95924492193e-05	68.0	0.0120336943442	0.00156814614939
323616	U. Kang	2	0.00868832731649	0.0	100.0	0.0072202166065	0.00104891627821
940094	Meiyu Lu	2	0.0193398659103	5.77037391443e-05	252.0	0.0132370637786	0.00157113037597
817233	Alan Halverson	2	0.0165606555498	9.27899322923e-05	42.0	0.0180505415162	0.00183295294343
512087	Ahmed ElDawy	2	0.0353094547085	0.000487147144535	2040.0	0.00962695547533	0.00126164278249
520288	Nedyalko Borisov	2	0.00481347773767	2.89968538414e-06	8.0	0.0072202166065	0.00140304114985
53607	Feifei Li	2	0.00700142216388	2.0297797689e-05	56.0	0.00842358604091	0.00149743219405
53360	Lise Getoor	2	0.00513015390462	2.31974830731e-05	90.0	0.00601684717208	0.00141508446942
323701	Hazem Elmeleegy	2	0.00481347773767	0.0	8.0	0.0072202166065	0.00120192307692
442525	Sudip Roy 0002	2	0.0478295402426	0.0	1506.0	0.00842358604091	0.00100906591443
118968	Evimaria Terzi	2	0.045589422535	0.000991692401374	5416.0	0.00962695547533	0.00146513565096
53462	Seung-won Hwang	2	0.0282475637668	3.86624717885e-06	2550.0	0.00962695547533	0.00128240184342
784609	Arijit Khan	2	0.00987309922328	1.15987415365e-05	88.0	0.0108303249097	0.00145674997642
52947	Jiaheng Lu	2	0.0198115699569	0.00114827541212	4122.0	0.0108303249097	0.00163675471678
561398	Meihui Zhang	2	0.0198115699569	7.88714424485e-05	246.0	0.014440433213	0.00175464235926
55546	Gao Cong	2	0.0234309913913	0.00125846345671	4344.0	0.00842358604091	0.00127641498472
561405	Jinsoo Lee	2	0.0324465259483	0.000726371188726	2220.0	0.0108303249097	0.0014165406976
323015	Michael J. Cafarella	2	0.0356237821985	0.00196018731968	12090.0	0.00601684717208	0.00104103056093
442653	Aditya G. Parameswaran	2	0.0107209276884	1.73981123048e-05	44.0	0.00962695547533	0.00145425026519
8490	Jian Li	2	0.00649819494585	5.21943369144e-05	144.0	0.0072202166065	0.00162310304565
43338	Hector Garcia-Molina	2	0.0107209276884	1.73981123048e-05	44.0	0.00962695547533	0.00145425026519
250936	Ning Ruan	2	0.0372062435978	5.50940222986e-05	1936.0	0.00842358604091	0.00115935749429
53606	Ke Yi	2	0.00855729375585	4.3495280762e-05	84.0	0.0108303249097	0.00187473977276
53619	Xiaofang Zhou	2	0.00601684717208	1.73981123048e-05	34.0	0.00842358604091	0.00172928022236
51614	Robert C. Miller	2	0.00808931675358	1.44984269207e-06	36.0	0.00962695547533	0.00132548474317
53714	Zhenjie Zhang	2	0.049608324797	0.00020297797689	1452.0	0.00962695547533	0.00122469107203
173820	Alin Deutsch	2	0.00541516245487	2.31974830731e-05	56.0	0.0072202166065	0.001606888842
53744	Anthony K. H. Tung	2	0.0193398659103	5.77037391443e-05	252.0	0.0132370637786	0.00157113037597
78381	Alan J. Demers	2	0.0457051317292	0.0	1576.0	0.00962695547533	0.00117136377609
53865	Piero Fraternali	2	0.00962695547533	0.000104388673829	252.0	0.0120336943442	0.00161918767264
53870	Bolin Ding	2	0.0492016991839	0.00627636901396	1464.0	0.00962695547533	0.00118317949869
410265	Yinan Li	2	0.00891727606529	1.44984269207e-06	78.0	0.00601684717208	0.000980306942472
21148	Marco Tagliasacchi	2	0.0086642599278	4.05955953779e-05	40.0	0.0072202166065	0.00115166319032
53931	Xuemin Lin	2	0.0324465259483	0.00196018731968	12420.0	0.0120336943442	0.00172017658536
115436	David R. Karger	2	0.00808931675358	1.44984269207e-06	36.0	0.00962695547533	0.00132548474317
516850	YongChul Kwon	2	0.0086642599278	1.15987415365e-05	40.0	0.0072202166065	0.00129193299105
