# Periodo: 1984-1986
36045	Friedhelm Meyer auf der Heide	3	0.0298507462687	0.0	0.044776119403	0.00740740740741
115742	Louis E. Rosier	2	0.00746268656716	0.0	0.0223880597015	0.00740740740741
68160	Klaus Ambos-Spies	2	0.0	0.0	0.0149253731343	0.00740740740741
93	Hans L. Bodlaender	2	0.00746268656716	0.0	0.0223880597015	0.00740740740741
36000	Paul G. Spirakis	2	0.0	0.0	0.0149253731343	0.00740740740741
44837	Andrzej Lingas	2	0.00746268656716	0.0	0.0223880597015	0.00740740740741
117035	Christian Choffrut	2	0.0149253731343	0.000112220850634	0.0298507462687	0.00924574179422
173421	Bettina Helfrich	2	0.0223880597015	0.0	0.0373134328358	0.00740740740741
30070	William F. McColl	2	0.0	0.0	0.0149253731343	0.00740740740741
116604	Hsu-Chun Yen	2	0.00746268656716	0.0	0.0223880597015	0.00740740740741
66539	Jan van Leeuwen	2	0.00746268656716	0.0	0.0223880597015	0.00740740740741
116739	Lane A. Hemachandra	1	0.00746268656716	0.0	0.0223880597015	0.00740740740741
38916	Roberto Tamassia	1	0.00746268656716	0.0	0.0223880597015	0.00740740740741
# Periodo: 1987-1989
47662	Nicola Santoro	4	0.0240904621436	0.000609636184857	0.0309734513274	0.00742254960079
36045	Friedhelm Meyer auf der Heide	4	0.0132743362832	7.866273353e-05	0.0221238938053	0.00571073050022
104565	Mark H. Overmars	3	0.0197103781175	0.000432645034415	0.0221238938053	0.00568086424116
116873	Volker Diekert	3	0.00442477876106	0.0	0.0132743362832	0.00440528634361
176147	Nicoletta Sabadini	2	0.0176991150442	0.00015732546706	0.0265486725664	0.00619905563323
122907	Gianna Reggio	2	0.00884955752212	0.0	0.0176991150442	0.00440528634361
116286	Denis Thérien	2	0.0176991150442	0.00015732546706	0.0265486725664	0.00619905563323
63	Klaus W. Wagner	2	0.00884955752212	3.9331366765e-05	0.0176991150442	0.00549856908582
147572	Harald Ganzinger	2	0.00884955752212	0.0	0.0176991150442	0.00440528634361
147121	Egidio Astesiano	2	0.00884955752212	0.0	0.0176991150442	0.00440528634361
30967	Jean-Daniel Boissonnat	2	0.0141592920354	0.000117994100295	0.0221238938053	0.00564379273031
57055	François Bergeron	2	0.0132743362832	7.866273353e-05	0.0221238938053	0.00571073050022
44838	Jörg-Rüdiger Sack	2	0.0132743362832	7.866273353e-05	0.0221238938053	0.00571073050022
172846	Stuart J. Sidney	2	0.0166780122532	1.96656833825e-05	0.0221238938053	0.00494973756336
746300	Wadoud Bousdira	2	0.00442477876106	0.0	0.0132743362832	0.00440528634361
115005	Franco P. Preparata	2	0.0141592920354	0.000117994100295	0.0221238938053	0.00564379273031
116708	Uwe Schöning	2	0.00589970501475	0.0	0.0132743362832	0.00385864497251
66400	Jean-Luc Remy	2	0.00442477876106	0.0	0.0132743362832	0.00440528634361
176482	K. Ganesan	2	0.0132743362832	7.866273353e-05	0.0221238938053	0.00571073050022
74557	Jin-yi Cai	2	0.00442477876106	0.0	0.0132743362832	0.00440528634361
118244	Georg Schnitger	2	0.00884955752212	3.9331366765e-05	0.0176991150442	0.00549856908582
714242	M. Jäger	1	0.0	0.0	0.00884955752212	0.00440528634361
# Periodo: 1988-1990
36045	Friedhelm Meyer auf der Heide	4	0.0162162162162	0.000117508813161	0.027027027027	0.00696954743845
47662	Nicola Santoro	3	0.0243243243243	0.000646298472385	0.0324324324324	0.00826741832905
104565	Mark H. Overmars	3	0.0216216216216	0.000528789659224	0.027027027027	0.00719112847058
116873	Volker Diekert	3	0.00540540540541	0.0	0.0162162162162	0.00537634408602
116193	Steven Homer	3	0.0331081081081	0.000822561692127	0.0432432432432	0.00903800883867
175132	Deborah Joseph	2	0.0108108108108	5.87544065805e-05	0.0216216216216	0.00671061926065
42	Ulrich Hertrampf	2	0.0264864864865	0.000146886016451	0.0324324324324	0.0063077178319
116286	Denis Thérien	2	0.0216216216216	0.000235017626322	0.0324324324324	0.00756551413302
59037	Jeffrey Shallit	2	0.00972972972973	0.0	0.0162162162162	0.0039782268584
157354	Joan Feigenbaum	2	0.0108108108108	5.87544065805e-05	0.0216216216216	0.00671061926065
57545	Emo Welzl	2	0.027027027027	0.000352526439483	0.0378378378378	0.00773527497548
50379	Derick Wood	2	0.0108108108108	5.87544065805e-05	0.0216216216216	0.00671061926065
115423	Otfried Schwarzkopf	2	0.019305019305	0.0	0.027027027027	0.00524767512039
30967	Jean-Daniel Boissonnat	2	0.0172972972973	0.000176263219741	0.027027027027	0.00688785456871
116989	Richard Beigel	2	0.0264864864865	0.000146886016451	0.0324324324324	0.0063077178319
38702	Richard J. Lipton	2	0.0121621621622	0.0	0.0216216216216	0.00527880102362
57055	François Bergeron	2	0.0162162162162	0.000117508813161	0.027027027027	0.00696954743845
99618	Andreas Schwill	2	0.0	0.0	0.0108108108108	0.00537634408602
# Periodo: 1991-1993
20	Christoph Meinel	3	0.018691588785	0.000136292834891	0.0249221183801	0.0047556366098
100512	Jörg Desel	3	0.0129802699896	8.76168224299e-05	0.018691588785	0.00414765008827
81274	Jeffrey Scott Vitter	3	0.00996884735202	7.78816199377e-05	0.0155763239875	0.00390756331659
523667	Guy Vidal-Naquet	3	0.0155763239875	0.000136292834891	0.0218068535826	0.00493703216787
44444	Alfredo De Santis	3	0.00934579439252	3.89408099688e-05	0.0155763239875	0.00402588765079
115201	Svante Carlsson	2	0.0155763239875	0.000116822429907	0.0218068535826	0.00446820232005
104990	Burkhard Monien	2	0.0155763239875	3.89408099688e-05	0.0218068535826	0.00387632044249
115001	Javier Esparza	2	0.0111259457054	1.94704049844e-05	0.0155763239875	0.00327887649901
108580	Ralf Klasing	2	0.0155763239875	3.89408099688e-05	0.0218068535826	0.00387632044249
42	Ulrich Hertrampf	2	0.01246105919	0.0	0.0155763239875	0.00279613713652
116231	Harry Buhrman	2	0.00996884735202	1.94704049844e-05	0.0155763239875	0.00350021404977
68144	Stephen A. Fenner	2	0.0160213618158	0.00017523364486	0.0218068535826	0.00450483098175
56672	Ton Kloks	2	0.00623052959502	1.94704049844e-05	0.01246105919	0.00387632044249
51	Carsten Damm	2	0.0160213618158	3.89408099688e-05	0.0218068535826	0.00398449541953
63	Klaus W. Wagner	2	0.00700934579439	0.0	0.01246105919	0.00304924531175
38478	Birgit Pfitzmann	2	0.00623052959502	0.0	0.01246105919	0.00310559006211
38479	Michael Waidner	2	0.00623052959502	0.0	0.01246105919	0.00310559006211
173153	Jun Tarui	2	0.00623052959502	0.0	0.01246105919	0.00310559006211
113	Artur Czumaj	2	0.0190809968847	0.0	0.0249221183801	0.00323807981859
100466	José L. Balcázar	2	0.01246105919	7.78816199377e-05	0.018691588785	0.00437014170417
156796	Rüdiger Reischuk	2	0.00623052959502	1.94704049844e-05	0.01246105919	0.00387632044249
137855	Anne Condon	2	0.0	0.0	0.00623052959502	0.00310559006211
67691	Ludwig Staiger	2	0.00311526479751	0.0	0.00934579439252	0.00310559006211
116873	Volker Diekert	2	0.00311526479751	0.0	0.00934579439252	0.00310559006211
115354	Oded Maler	2	0.00311526479751	0.0	0.00934579439252	0.00310559006211
100511	Eike Best	2	0.0129802699896	4.86760124611e-05	0.018691588785	0.00401140994458
36002	Kurt Mehlhorn	2	0.0155763239875	0.000116822429907	0.0218068535826	0.00446820232005
81575	Wojciech Rytter	2	0.0218068535826	0.000116822429907	0.0280373831776	0.00388770701228
76971	Michel Billaud	2	0.0	0.0	0.00623052959502	0.00310559006211
67763	Jack H. Lutz	2	0.00934579439252	3.89408099688e-05	0.0155763239875	0.00402588765079
36045	Friedhelm Meyer auf der Heide	2	0.00623052959502	1.94704049844e-05	0.01246105919	0.00387632044249
121	Peter Rossmanith	2	0.00311526479751	0.0	0.00934579439252	0.00310559006211
# Periodo: 1992-1994
56672	Ton Kloks	4	0.0123274161736	0.00010535002546	0.0177514792899	0.00378479634072
67763	Jack H. Lutz	4	0.0118343195266	6.14541815181e-05	0.0177514792899	0.00419418767117
65787	Dieter Kratsch	3	0.00924556213018	0.0	0.0147928994083	0.00299556556209
20	Christoph Meinel	2	0.0118343195266	5.26750127298e-05	0.0177514792899	0.00381782197924
58798	Michael Kaufmann	2	0.00887573964497	3.51166751532e-05	0.0147928994083	0.00382399947951
74756	Leszek Gasieniec	2	0.0210387902696	0.000122908363036	0.0266272189349	0.00381901060741
104990	Burkhard Monien	2	0.0147928994083	3.51166751532e-05	0.0207100591716	0.00368193269169
108580	Ralf Klasing	2	0.0147928994083	3.51166751532e-05	0.0207100591716	0.00368193269169
42	Ulrich Hertrampf	2	0.0	0.0	0.00591715976331	0.00294985250737
68144	Stephen A. Fenner	2	0.0147928994083	0.00010535002546	0.0207100591716	0.00424413317472
63	Klaus W. Wagner	2	0.00788954635108	0.0	0.0118343195266	0.00260269870716
93	Hans L. Bodlaender	2	0.00924556213018	7.02333503064e-05	0.0118343195266	0.00278551866721
26471	Michael R. Fellows	2	0.0118343195266	1.75583375766e-05	0.0177514792899	0.00344345202558
18029	Rolf Niedermeier	2	0.00591715976331	0.0	0.0118343195266	0.00294985250737
113	Artur Czumaj	2	0.0189349112426	0.0	0.0236686390533	0.00319204487681
116	Krzysztof Lorys	2	0.00295857988166	0.0	0.00887573964497	0.00294985250737
156796	Rüdiger Reischuk	2	0.00591715976331	1.75583375766e-05	0.0118343195266	0.00368193269169
67691	Ludwig Staiger	2	0.00295857988166	0.0	0.00887573964497	0.00294985250737
115354	Oded Maler	2	0.00295857988166	0.0	0.00887573964497	0.00294985250737
36002	Kurt Mehlhorn	2	0.0147928994083	0.00010535002546	0.0207100591716	0.00424413317472
81575	Wojciech Rytter	2	0.0210387902696	0.000122908363036	0.0266272189349	0.00381901060741
76971	Michel Billaud	2	0.0	0.0	0.00591715976331	0.00294985250737
78520	Ronald V. Book	2	0.0094674556213	8.7791687883e-06	0.0147928994083	0.00334013000752
119156	Clelia de Felice	2	0.00591715976331	0.0	0.0118343195266	0.00294985250737
36045	Friedhelm Meyer auf der Heide	2	0.00591715976331	1.75583375766e-05	0.0118343195266	0.00368193269169
121	Peter Rossmanith	2	0.00591715976331	0.0	0.0118343195266	0.00294985250737
116954	Neil Immerman	2	0.00887573964497	3.51166751532e-05	0.0147928994083	0.00382399947951
36079	Rodney G. Downey	2	0.0118343195266	1.75583375766e-05	0.0177514792899	0.00344345202558
172799	Mitsunori Ogiwara	2	0.0105663567202	0.0	0.0147928994083	0.00287925536769
116484	Elvira Mayordomo	2	0.00676246830093	0.0	0.00887573964497	0.00200954744386
118542	Sophie Tison	2	0.00887573964497	3.51166751532e-05	0.0147928994083	0.00382399947951
114967	Torben Hagerup	2	0.0	0.0	0.00591715976331	0.00294985250737
44837	Andrzej Lingas	2	0.00591715976331	0.0	0.0118343195266	0.00294985250737
# Periodo: 1995-1997
116231	Harry Buhrman	4	0.0270867882808	0.00159315780647	0.0223880597015	0.00512390442886
74887	José D. P. Rolim	4	0.0282796543598	0.000559002739113	0.0261194029851	0.00471688051385
68146	Martin Kummer	3	0.0162520729685	0.000363351780424	0.0149253731343	0.0038622751908
116802	Antoine Petit	3	0.019638648861	0.000349376711946	0.0223880597015	0.00490490821497
67140	Arvind Gupta	3	0.0111940298507	5.59002739113e-05	0.0186567164179	0.00481909228086
116873	Volker Diekert	3	0.0248756218905	0.000810553971714	0.0261194029851	0.00554446537425
67763	Jack H. Lutz	3	0.00746268656716	2.79501369557e-05	0.0149253731343	0.00464005644045
36045	Friedhelm Meyer auf der Heide	3	0.0149253731343	9.78254793448e-05	0.0223880597015	0.00528561197221
74557	Jin-yi Cai	3	0.0235917188252	0.00051707753368	0.0335820895522	0.00554666923399
26497	Lance Fortnow	3	0.0215100965759	0.000978254793448	0.0186567164179	0.00465575768396
61868	Juraj Hromkovic	3	0.0383795309168	0.00125775616301	0.044776119403	0.00730683620815
157009	Klaus Reinhardt	3	0.0219490781387	0.000586952876069	0.0261194029851	0.00516048750608
50194	Luca de Alfaro	2	0.00746268656716	0.0	0.0149253731343	0.00371747211896
20	Christoph Meinel	2	0.00746268656716	2.79501369557e-05	0.0149253731343	0.00464005644045
67608	Luc Longpré	2	0.0281285878301	0.00136955671083	0.0298507462687	0.00489095810124
115225	Danny Krizanc	2	0.0111940298507	0.0	0.0186567164179	0.00371747211896
67103	Naomi Nishimura	2	0.00671641791045	0.0	0.0111940298507	0.00275074422178
151597	Christian Schindelhauer	2	0.00746268656716	0.0	0.0149253731343	0.00371747211896
156718	Alexander E. Andreev	2	0.0185280494081	0.0	0.0149253731343	0.00282887438147
115771	Andris Ambainis	2	0.00839552238806	0.0	0.0149253731343	0.00325617995821
61	Thomas Schwentick	2	0.0	0.0	0.00746268656716	0.00371747211896
116801	Paul Gastin	2	0.0186567164179	9.78254793448e-05	0.0186567164179	0.00387644129627
66651	Guy Louchard	2	0.00373134328358	0.0	0.0111940298507	0.00371747211896
105	Stephan Waack	2	0.00497512437811	0.0	0.0111940298507	0.00325617995821
51358	Joseph Sifakis	2	0.0111940298507	5.59002739113e-05	0.0186567164179	0.00481909228086
52924	Martin Strauss	2	0.00373134328358	0.0	0.0111940298507	0.00371747211896
# Periodo: 1996-1998
116231	Harry Buhrman	4	0.0310945273632	0.00136955671083	0.0335820895522	0.00684228806754
115225	Danny Krizanc	3	0.0223880597015	0.000251551232601	0.0298507462687	0.00557925029965
61	Thomas Schwentick	3	0.00373134328358	0.0	0.0111940298507	0.00371747211896
116802	Antoine Petit	3	0.0155472636816	0.000139750684778	0.0223880597015	0.00529308901101
105	Stephan Waack	3	0.00839552238806	5.59002739113e-05	0.0149253731343	0.0043310354784
74887	José D. P. Rolim	3	0.0203150912106	0.000279501369557	0.0261194029851	0.00527647431894
115046	Igor Walukiewicz	2	0.00373134328358	0.0	0.0111940298507	0.00371747211896
50194	Luca de Alfaro	2	0.00746268656716	0.0	0.0149253731343	0.00371747211896
20	Christoph Meinel	2	0.00839552238806	5.59002739113e-05	0.0149253731343	0.0043310354784
156718	Alexander E. Andreev	2	0.0130597014925	0.0	0.0149253731343	0.0030118184916
68151	Yongge Wang	2	0.0223880597015	0.000251551232601	0.0298507462687	0.00557925029965
115771	Andris Ambainis	2	0.00839552238806	0.0	0.0149253731343	0.00325617995821
116801	Paul Gastin	2	0.0133262260128	2.79501369557e-05	0.0186567164179	0.00421584635253
174675	Laurent Viennot	2	0.0111940298507	5.59002739113e-05	0.0186567164179	0.00481909228086
59505	Jens Gustedt	2	0.00373134328358	0.0	0.0111940298507	0.00371747211896
100467	Miklos Santha	2	0.0149253731343	0.000111800547823	0.0223880597015	0.00523117334105
116873	Volker Diekert	2	0.0133262260128	0.000111800547823	0.0186567164179	0.00438660412379
157354	Joan Feigenbaum	2	0.023987206823	0.0010062049304	0.0223880597015	0.00415088235706
67763	Jack H. Lutz	2	0.00373134328358	0.0	0.0111940298507	0.00371747211896
52924	Martin Strauss	2	0.0310945273632	0.00122980602605	0.0261194029851	0.00470117607791
50382	Carl H. Smith	2	0.0111940298507	1.39750684778e-05	0.0186567164179	0.00417876427971
36063	Martin Dietzfelbinger	2	0.0	0.0	0.00746268656716	0.00371747211896
156912	Jochen Messner	2	0.00373134328358	0.0	0.0111940298507	0.00371747211896
38682	Ueli M. Maurer	2	0.00373134328358	0.0	0.0111940298507	0.00371747211896
66342	Evangelos Kranakis	2	0.0149253731343	0.0	0.0186567164179	0.00340717575551
74557	Jin-yi Cai	2	0.0215269804822	0.000391301917379	0.0186567164179	0.0039311006446
# Periodo: 1999-2001
118314	Paolo Penna	4	0.0237288135593	0.000126830393174	0.0305084745763	0.00494728380044
156609	Martin Sauerhoff	4	0.0256355932203	0.000553441715669	0.0271186440678	0.00467171188826
60	Clemens Lautemann	3	0.0135593220339	2.30600714862e-05	0.0203389830508	0.003943683232
116286	Denis Thérien	3	0.0135593220339	0.000115300357431	0.0203389830508	0.0053833394205
156796	Rüdiger Reischuk	3	0.0101694915254	4.61201429724e-05	0.0169491525424	0.0043795129174
26474	Jacobo Torán	3	0.0135593220339	6.91802144587e-05	0.0203389830508	0.00437243800996
118258	Andrea E. F. Clementi	3	0.0237288135593	0.000126830393174	0.0305084745763	0.00494728380044
107794	Andreas Jakoby	3	0.00762711864407	0.0	0.0135593220339	0.00331708442701
26473	Vikraman Arvind	3	0.0108474576271	0.0	0.0169491525424	0.00344847232676
61868	Juraj Hromkovic	3	0.0273446327684	0.000645682001614	0.0338983050847	0.0053890084033
36095	Elias Koutsoupias	3	0.0101694915254	6.91802144587e-05	0.0169491525424	0.00515463917526
116231	Harry Buhrman	2	0.0101694915254	0.0	0.0169491525424	0.00337837837838
116232	Ronald de Wolf	2	0.0121065375303	0.000138360428917	0.0169491525424	0.00393597480976
15	Klaus Jansen	2	0.0152542372881	0.000115300357431	0.0203389830508	0.00427307039573
175123	Sven Schuierer	2	0.0101694915254	4.61201429724e-05	0.0169491525424	0.0043795129174
117784	David Peleg	2	0.0101694915254	4.61201429724e-05	0.0169491525424	0.0043795129174
68273	Pascal Koiran	2	0.0101694915254	0.0	0.0169491525424	0.00337837837838
116783	Massimo Santini	2	0.0101694915254	1.15300357431e-05	0.0169491525424	0.00379759321365
101	Markus Müller-Olm	2	0.0	0.0	0.00677966101695	0.00337837837838
115771	Andris Ambainis	2	0.0121065375303	0.000138360428917	0.0169491525424	0.00393597480976
61	Thomas Schwentick	2	0.0135593220339	2.30600714862e-05	0.0203389830508	0.003943683232
66134	Vincent Bouchitté	2	0.00338983050847	0.0	0.0101694915254	0.00337837837838
118888	Rainer Schuler	2	0.0101694915254	0.0	0.0169491525424	0.00337837837838
67716	Edith Hemaspaandra	2	0.00677966101695	0.0	0.0135593220339	0.00337837837838
116873	Volker Diekert	2	0.0101694915254	4.61201429724e-05	0.0169491525424	0.0043795129174
100516	Anna Ingólfsdóttir	2	0.0101694915254	1.15300357431e-05	0.0169491525424	0.00379759321365
67763	Jack H. Lutz	2	0.0108474576271	9.22402859449e-05	0.0169491525424	0.00425079579652
52924	Martin Strauss	2	0.0090395480226	6.91802144587e-05	0.0135593220339	0.00351823159398
118975	Bruno Durand	2	0.0101694915254	4.61201429724e-05	0.0169491525424	0.0043795129174
# Periodo: 2000-2002
116286	Denis Thérien	4	0.0173611111111	0.000217770034843	0.0243055555556	0.00654320181648
116232	Ronald de Wolf	3	0.0124007936508	0.000169376693767	0.0173611111111	0.00464116812215
15	Klaus Jansen	3	0.0138888888889	7.25900116144e-05	0.0208333333333	0.00447834481299
117784	David Peleg	3	0.0173611111111	0.000193573364305	0.0243055555556	0.00589941987528
118314	Paolo Penna	3	0.0173611111111	3.62950058072e-05	0.0243055555556	0.0040821065674
60286	Martin Grohe	3	0.00694444444444	2.41966705381e-05	0.0138888888889	0.0043189452681
116035	Johannes Köbler	3	0.0104166666667	0.0	0.0173611111111	0.00346020761246
61868	Juraj Hromkovic	3	0.0277777777778	0.00038714672861	0.0347222222222	0.00540478709714
115539	Osamu Watanabe	3	0.0243055555556	0.000193573364305	0.03125	0.00526828368558
59791	Benjamin Doerr	2	0.00347222222222	0.0	0.0104166666667	0.00346020761246
104990	Burkhard Monien	2	0.0104166666667	4.83933410763e-05	0.0173611111111	0.00448559108495
116783	Massimo Santini	2	0.0104166666667	1.20983352691e-05	0.0173611111111	0.00388957644028
67763	Jack H. Lutz	2	0.0111111111111	9.67866821525e-05	0.0173611111111	0.00435375599363
115771	Andris Ambainis	2	0.0124007936508	0.000145180023229	0.0173611111111	0.00428560596045
104	Matthias Krause	2	0.00347222222222	0.0	0.0104166666667	0.00346020761246
118888	Rainer Schuler	2	0.0189043209877	4.83933410763e-05	0.0243055555556	0.0040471429826
26474	Jacobo Torán	2	0.0104166666667	0.0	0.0173611111111	0.00346020761246
116873	Volker Diekert	2	0.0104166666667	4.83933410763e-05	0.0173611111111	0.00448559108495
100516	Anna Ingólfsdóttir	2	0.0104166666667	1.20983352691e-05	0.0173611111111	0.00388957644028
68273	Pascal Koiran	2	0.0104166666667	0.0	0.0173611111111	0.00346020761246
52924	Martin Strauss	2	0.00925925925926	7.25900116144e-05	0.0138888888889	0.00360344886585
118471	Edward A. Hirsch	2	0.00694444444444	0.0	0.0138888888889	0.00346020761246
100557	Luca Aceto	2	0.0104166666667	1.20983352691e-05	0.0173611111111	0.00388957644028
156906	Philipp Woelfel	2	0.0	0.0	0.00694444444444	0.00346020761246
66341	Ulf Lorenz	2	0.00625	0.0	0.0104166666667	0.00256038129987
59700	Dietrich Kuske	2	0.0	0.0	0.00694444444444	0.00346020761246
116030	Marcin Jurdzinski	2	0.00347222222222	0.0	0.0104166666667	0.00346020761246
157156	Shin Aida	2	0.0189043209877	4.83933410763e-05	0.0243055555556	0.0040471429826
# Periodo: 2003-2005
116231	Harry Buhrman	6	0.0294117647059	0.000523289988674	0.0347593582888	0.00618442107869
160	Jiri Sgall	4	0.0213903743316	0.000100356984129	0.0267379679144	0.00330578720459
29280	Marek Chrobak	3	0.0190136660725	0.0	0.024064171123	0.00277936872581
36002	Kurt Mehlhorn	3	0.0163770053476	0.000172040544222	0.0213903743316	0.0040770724799
116286	Denis Thérien	3	0.0226486316452	0.000301070952388	0.024064171123	0.00387160058785
26497	Lance Fortnow	3	0.0190311418685	3.58417800462e-05	0.0187165775401	0.00319590017805
67502	Frank Stephan	3	0.0187165775401	0.000200713968259	0.024064171123	0.00459213632804
249904	Kedar Dhamdhere	2	0.0137509549274	0.000114693696148	0.0187165775401	0.0038987632095
61	Thomas Schwentick	2	0.00855614973262	4.30101360554e-05	0.0133689839572	0.00341637586608
129	Thomas Erlebach	2	0.0160427807487	7.16835600923e-05	0.0213903743316	0.00337519087398
116939	Nikolai K. Vereshchagin	2	0.0190311418685	2.86734240369e-05	0.0187165775401	0.00312155129367
118477	Giri Narasimhan	2	0.0155566358775	4.30101360554e-05	0.0187165775401	0.00308302730559
174426	Violetta Lonati	2	0.00802139037433	0.0	0.0133689839572	0.00266666666667
174429	Nicolas Hanusse	2	0.0133689839572	8.60202721108e-05	0.0187165775401	0.00383669638709
115057	Massimiliano Goldwurm	2	0.00802139037433	0.0	0.0133689839572	0.00266666666667
12679	Prosenjit Bose	2	0.0190136660725	0.000215050680277	0.024064171123	0.00403738941588
12682	Michiel H. M. Smid	2	0.0155566358775	4.30101360554e-05	0.0187165775401	0.00308302730559
115407	Luc Segoufin	2	0.00855614973262	4.30101360554e-05	0.0133689839572	0.00341637586608
74557	Jin-yi Cai	2	0.0106951871658	1.43367120185e-05	0.0160427807487	0.00311288063113
117581	Thomas Wilke	2	0.00534759358289	0.0	0.0106951871658	0.00266666666667
58199	Amin Coja-Oghlan	2	0.00267379679144	0.0	0.00802139037433	0.00266666666667
58226	Tomás Feder	2	0.0133689839572	3.58417800462e-06	0.0187165775401	0.00280239520958
115771	Andris Ambainis	2	0.0275019098549	0.000501784920646	0.0320855614973	0.00448536217292
58216	Michael E. Saks	2	0.0187165775401	0.000172040544222	0.024064171123	0.00406024974156
36020	Telikepalli Kavitha	2	0.0109180035651	0.0	0.0133689839572	0.00246916704637
44254	Ralf Küsters	2	0.00534759358289	0.0	0.0106951871658	0.00266666666667
156901	Andrei A. Krokhin	2	0.0106951871658	4.30101360554e-05	0.0160427807487	0.0034513110692
74985	Venkatesan T. Chakaravarthy	2	0.0106951871658	1.43367120185e-05	0.0160427807487	0.00311288063113
118017	Guido Schäfer	2	0.0131016042781	8.60202721108e-05	0.0160427807487	0.00320082082307
77265	Ilan Newman	2	0.0190311418685	2.86734240369e-05	0.0187165775401	0.00312155129367
116367	Rina Panigrahy	2	0.0133689839572	3.58417800462e-06	0.0187165775401	0.00280239520958
28455	Christoph Ambühl	2	0.0213903743316	0.000100356984129	0.0267379679144	0.00330578720459
28535	Nikhil Bansal	2	0.0120320855615	7.16835600923e-05	0.0160427807487	0.00337287689996
53150	Rajeev Motwani	2	0.0133689839572	3.58417800462e-06	0.0187165775401	0.00280239520958
53151	Liadan O'Callaghan	2	0.0133689839572	3.58417800462e-06	0.0187165775401	0.00280239520958
67586	Klaus Meer	1	0.00267379679144	0.0	0.00802139037433	0.00266666666667
118102	Manuela Montangero	1	0.00534759358289	0.0	0.0106951871658	0.00266666666667
# Periodo: 2004-2006
116231	Harry Buhrman	5	0.0318267419962	0.000816248139434	0.0367231638418	0.00680125977741
160	Jiri Sgall	3	0.0225988700565	0.000112034058354	0.0282485875706	0.00349202873754
116939	Nikolai K. Vereshchagin	3	0.0238700564972	0.000144043789312	0.0225988700565	0.00397226868912
115771	Andris Ambainis	3	0.0310734463277	0.000560170291769	0.0367231638418	0.00523150561784
36002	Kurt Mehlhorn	3	0.017302259887	0.000192058385749	0.0225988700565	0.00430676640756
26497	Lance Fortnow	3	0.0227333871402	0.000256077847666	0.0197740112994	0.00364091126159
67502	Frank Stephan	3	0.0197740112994	0.00018405595301	0.0254237288136	0.00456070308164
118853	Vince Bárány	2	0.00635593220339	0.0	0.0112994350282	0.00276579433908
67716	Edith Hemaspaandra	2	0.0169491525424	0.000144043789312	0.0225988700565	0.00422765726931
118992	Manuel Bodirsky	2	0.00282485875706	0.0	0.00847457627119	0.00281690140845
174426	Violetta Lonati	2	0.00847457627119	0.0	0.0141242937853	0.00281690140845
61	Thomas Schwentick	2	0.0090395480226	4.80145964373e-05	0.0141242937853	0.00360884774586
115057	Massimiliano Goldwurm	2	0.00847457627119	0.0	0.0141242937853	0.00281690140845
59791	Benjamin Doerr	2	0.0	0.0	0.00564971751412	0.00281690140845
104990	Burkhard Monien	2	0.0197740112994	0.000192058385749	0.0254237288136	0.00428899629749
29280	Marek Chrobak	2	0.0200878844947	0.0	0.0254237288136	0.00293595287926
51880	Thomas A. Henzinger	2	0.00564971751412	0.0	0.0112994350282	0.00281690140845
115407	Luc Segoufin	2	0.0090395480226	4.80145964373e-05	0.0141242937853	0.00360884774586
117581	Thomas Wilke	2	0.00564971751412	0.0	0.0112994350282	0.00281690140845
115608	Christof Löding	2	0.00847457627119	3.20097309582e-05	0.0141242937853	0.00365165020721
172958	Marie-Pierre Béal	2	0.00564971751412	0.0	0.0112994350282	0.00281690140845
156594	Christian Glaßer	2	0.00847457627119	0.0	0.0141242937853	0.00281690140845
156601	Nitin Saxena	2	0.00282485875706	0.0	0.00847457627119	0.00281690140845
115657	Manindra Agrawal	2	0.00282485875706	0.0	0.00847457627119	0.00281690140845
117776	Krishnendu Chatterjee	2	0.00564971751412	0.0	0.0112994350282	0.00281690140845
117784	David Peleg	2	0.0228813559322	0.000128038923833	0.0282485875706	0.00361243992391
58216	Michael E. Saks	2	0.0197740112994	0.000192058385749	0.0254237288136	0.00428899629749
118017	Guido Schäfer	2	0.0138418079096	9.60291928746e-05	0.0169491525424	0.00338114995806
36040	Dimitrios M. Thilikos	2	0.00564971751412	1.60048654791e-05	0.0112994350282	0.00351598642953
36020	Telikepalli Kavitha	2	0.0115348399247	0.0	0.0141242937853	0.00260827401917
115893	Yossi Azar	2	0.00847457627119	3.20097309582e-05	0.0141242937853	0.00365165020721
36025	Mihalis Yannakakis	2	0.00282485875706	0.0	0.00847457627119	0.00281690140845
44254	Ralf Küsters	2	0.00564971751412	0.0	0.0112994350282	0.00281690140845
74985	Venkatesan T. Chakaravarthy	2	0.00847457627119	3.20097309582e-05	0.0141242937853	0.00365165020721
118314	Paolo Penna	2	0.0112994350282	4.80145964373e-05	0.0169491525424	0.00364575112959
# Periodo: 2007-2009
61	Thomas Schwentick	3	0.00874316939891	4.49135414327e-05	0.0136612021858	0.0034908472746
115146	Maxime Crochemore	3	0.0191256830601	0.000209596526686	0.0245901639344	0.00469223738825
115537	Susanne Albers	3	0.00546448087432	1.49711804776e-05	0.0109289617486	0.00340102229559
278463	Laurent Bienvenu	3	0.0109289617486	4.49135414327e-05	0.016393442623	0.00352654400803
118859	Artur Jez	2	0.00273224043716	0.0	0.00819672131148	0.00272479564033
93	Hans L. Bodlaender	2	0.00273224043716	0.0	0.00819672131148	0.00272479564033
129	Thomas Erlebach	2	0.023087431694	0.000538962497193	0.0273224043716	0.00423348918963
67744	Dirk Pattinson	2	0.00273224043716	0.0	0.00819672131148	0.00272479564033
119003	Rajeev Raman	2	0.0243025596779	0.000598847219103	0.0245901639344	0.00399021419335
115001	Javier Esparza	2	0.00546448087432	0.0	0.0109289617486	0.00272479564033
115003	Stefan Kiefer	2	0.00546448087432	0.0	0.0109289617486	0.00272479564033
115004	Michael Luttenberger	2	0.00546448087432	0.0	0.0109289617486	0.00272479564033
377923	Sasha Rubin	2	0.00975800156128	5.98847219103e-05	0.0136612021858	0.00326041655022
115129	Thomas Thierauf	2	0.00819672131148	2.99423609552e-05	0.0136612021858	0.00353225020041
29123	Alberto Marchetti-Spaccamela	2	0.0191256830601	0.000149711804776	0.0245901639344	0.0038967629068
354787	Lukasz Kaiser	2	0.0113843351548	8.98270828655e-05	0.016393442623	0.00383275071896
74325	Iyad A. Kanj	2	0.0109289617486	4.49135414327e-05	0.016393442623	0.00352654400803
115374	Henning Schnoor	2	0.00546448087432	1.49711804776e-05	0.0109289617486	0.00340102229559
60286	Martin Grohe	2	0.016393442623	0.000134740624298	0.0218579234973	0.00408942324416
156594	Christian Glaßer	2	0.0136612021858	8.98270828655e-05	0.0191256830601	0.00392033009539
117236	Sören Laue	2	0.00273224043716	0.0	0.00819672131148	0.00272479564033
156619	Pinyan Lu	2	0.00546448087432	1.49711804776e-05	0.0109289617486	0.00340102229559
156653	Sylvain Perifel	2	0.0109289617486	4.49135414327e-05	0.016393442623	0.00352654400803
117794	Sambuddha Roy	2	0.00819672131148	2.99423609552e-05	0.0136612021858	0.00353225020041
117864	Mikolaj Bojanczyk	2	0.00273224043716	0.0	0.00819672131148	0.00272479564033
74876	Julián Mestre	2	0.0109289617486	0.0	0.016393442623	0.00272479564033
103569	Erik D. Demaine	2	0.0136612021858	8.98270828655e-05	0.0191256830601	0.00392033009539
66742	Pascal Weil	2	0.00364298724954	0.0	0.00819672131148	0.0023866823127
36039	Fedor V. Fomin	2	0.021017234132	0.000239538887641	0.0245901639344	0.00390420994047
117965	Roberto Grossi	2	0.0184699453552	0.000329365970507	0.0191256830601	0.0034882748745
118031	Wouter Gelade	2	0.00874316939891	4.49135414327e-05	0.0136612021858	0.0034908472746
210354	Yngve Villanger	2	0.0227686703097	0.000314394790029	0.0273224043716	0.00425233114474
57936	Eldar Fischer	2	0.0109289617486	4.49135414327e-05	0.016393442623	0.00352654400803
116232	Ronald de Wolf	2	0.00273224043716	0.0	0.00819672131148	0.00272479564033
54795	Jean-Eric Pin	2	0.00273224043716	0.0	0.00819672131148	0.00272479564033
173612	Sylvain Lombardy	2	0.00273224043716	0.0	0.00819672131148	0.00272479564033
# Periodo: 2008-2010
61	Thomas Schwentick	4	0.00986301369863	0.000135480957399	0.013698630137	0.00335011130757
36039	Fedor V. Fomin	4	0.0246575342466	0.000240855035376	0.0301369863014	0.00443219402765
118859	Artur Jez	3	0.0027397260274	0.0	0.00821917808219	0.00273224043716
174451	Jean-Yves Marion	3	0.00896637608966	0.000120427517688	0.0109589041096	0.00272179134554
115146	Maxime Crochemore	3	0.0191780821918	0.000210748155954	0.0246575342466	0.00470505770885
115537	Susanne Albers	3	0.00704500978474	7.52671985549e-05	0.0109589041096	0.00292546726393
74876	Julián Mestre	3	0.0191780821918	0.000180641276532	0.0246575342466	0.00416009194063
116232	Ronald de Wolf	3	0.0109589041096	7.52671985549e-05	0.013698630137	0.00303468671381
116365	Alexander Okhotin	3	0.0027397260274	0.0	0.00821917808219	0.00273224043716
28453	Dániel Marx	3	0.0165753424658	0.000270961914798	0.0191780821918	0.00365741394222
129	Thomas Erlebach	2	0.0282778864971	0.00108384765919	0.027397260274	0.00411335247718
67744	Dirk Pattinson	2	0.0027397260274	0.0	0.00821917808219	0.00273224043716
67763	Jack H. Lutz	2	0.0184931506849	0.000301068794219	0.0219178082192	0.00372016482815
119003	Rajeev Raman	2	0.0255413168361	0.000903206382658	0.0246575342466	0.00396046941342
59700	Dietrich Kuske	2	0.0	0.0	0.00547945205479	0.00273224043716
115001	Javier Esparza	2	0.00821917808219	7.52671985549e-06	0.013698630137	0.0030712775717
115003	Stefan Kiefer	2	0.00821917808219	7.52671985549e-06	0.013698630137	0.0030712775717
119131	Lap-Kei Lee	2	0.0175342465753	2.5089066185e-05	0.0219178082192	0.00317328737219
67960	Leslie Ann Goldberg	2	0.0184170471842	0.000361282553063	0.0219178082192	0.00393475573893
12689	Adrian Dumitrescu	2	0.00547945205479	1.5053439711e-05	0.0109589041096	0.00341031470623
377923	Sasha Rubin	2	0.00978473581213	6.02137588439e-05	0.013698630137	0.00326932479106
29123	Alberto Marchetti-Spaccamela	2	0.0194824961948	0.000180641276532	0.0246575342466	0.00381705453378
354787	Lukasz Kaiser	2	0.0114155251142	9.03206382658e-05	0.0164383561644	0.00384322271596
66036	Saket Saurabh	2	0.0201743462017	3.01068794219e-05	0.0246575342466	0.00340359914419
74325	Iyad A. Kanj	2	0.0109589041096	4.51603191329e-05	0.0164383561644	0.00353617937418
115137	Andreas Björklund	2	0.00821917808219	0.0	0.013698630137	0.00273224043716
74438	Sourav Chakraborty	2	0.0109589041096	5.01781323699e-06	0.0164383561644	0.00293821865193
29401	Raphael Yuster	2	0.0109589041096	5.01781323699e-06	0.0164383561644	0.00293821865193
172907	Ho-Leung Chan	2	0.0175342465753	2.5089066185e-05	0.0219178082192	0.00317328737219
60286	Martin Grohe	2	0.0207191780822	0.000451603191329	0.0219178082192	0.00393055272164
174977	Pierre Guillon	2	0.00821917808219	3.01068794219e-05	0.013698630137	0.00354190115724
21482	Victor Chen	2	0.0140900195695	0.000135480957399	0.0191780821918	0.00396326699877
117784	David Peleg	2	0.00547945205479	1.5053439711e-05	0.0109589041096	0.00341031470623
117794	Sambuddha Roy	2	0.0144133412746	0.00015053439711	0.013698630137	0.00289170584146
74854	Tak Wah Lam	2	0.0175342465753	2.5089066185e-05	0.0219178082192	0.00317328737219
117864	Mikolaj Bojanczyk	2	0.0	0.0	0.00547945205479	0.00273224043716
# Periodo: 2011-2013
115407	Luc Segoufin	3	0.0129032258065	0.000163249314353	0.0201612903226	0.00585927079403
58371	Petr Hlinený	2	0.0201612903226	0.0	0.0282258064516	0.00401606425703
45	Gerhard J. Woeginger	2	0.00806451612903	0.0	0.0161290322581	0.00401606425703
156753	Youming Qiao	2	0.0120967741935	6.52997257412e-05	0.0201612903226	0.00520616796751
93	Hans L. Bodlaender	2	0.00806451612903	0.0	0.0161290322581	0.00401606425703
29281	Christoph Dürr	2	0.00806451612903	3.26498628706e-05	0.0161290322581	0.00501275173687
117864	Mikolaj Bojanczyk	2	0.00716845878136	0.0	0.0120967741935	0.00327492648952
516720	Justin Ward	2	0.00403225806452	0.0	0.0120967741935	0.00401606425703
507246	Robert Ganian	2	0.0201612903226	0.0	0.0282258064516	0.00401606425703
153807	Bart M. P. Jansen	2	0.00806451612903	0.0	0.0161290322581	0.00401606425703
709848	George Giakkoupis	2	0.0120967741935	0.0	0.0201612903226	0.00401606425703
56543	Ken-ichi Kawarabayashi	2	0.00403225806452	0.0	0.0120967741935	0.00401606425703
278287	Jan Obdrzálek	2	0.0201612903226	0.0	0.0282258064516	0.00401606425703
67891	Wolfgang Merkle	2	0.014400921659	0.000130599451482	0.0201612903226	0.00423063825606
175427	Dominik D. Freydenberger	2	0.00806451612903	0.0	0.0161290322581	0.00401606425703
821302	Szymon Torunczyk	2	0.010752688172	9.79495886117e-05	0.0161290322581	0.00452002146303
118095	Atri Rudra	2	0.0161290322581	0.000130599451482	0.0241935483871	0.0056513479066
829806	Alex Levin	2	0.0120967741935	6.52997257412e-05	0.0201612903226	0.00520616796751
26481	Raghunath Tewari	2	0.0161290322581	1.08832876235e-05	0.0241935483871	0.00431882741609
67954	André Nies	2	0.0168010752688	6.52997257412e-05	0.0241935483871	0.0047631504533
26506	Raghav Kulkarni	2	0.0161290322581	1.08832876235e-05	0.0241935483871	0.00431882741609
26512	Samir Datta	2	0.0161290322581	1.08832876235e-05	0.0241935483871	0.00431882741609
455576	Pawel Parys	2	0.0	0.0	0.00806451612903	0.00401606425703
116135	Martin E. Dyer	2	0.0161290322581	9.79495886117e-05	0.0241935483871	0.00519775764195
# Periodo: 2012-2014
516720	Justin Ward	2	0.00793650793651	0.0	0.0238095238095	0.00787401574803
56543	Ken-ichi Kawarabayashi	2	0.00793650793651	0.0	0.0238095238095	0.00787401574803
58795	Yusuke Kobayashi	2	0.00793650793651	0.0	0.0238095238095	0.00787401574803
58371	Petr Hlinený	1	0.0396825396825	0.0	0.0555555555556	0.00787401574803
173076	Mathieu Hoyrup	1	0.0	0.0	0.015873015873	0.00787401574803
507246	Robert Ganian	1	0.0396825396825	0.0	0.0555555555556	0.00787401574803
519197	Stefan Mengel	1	0.015873015873	0.0	0.031746031746	0.00787401574803
61474	Sanjay Jain	1	0.00793650793651	0.0	0.0238095238095	0.00787401574803
156708	Maurice J. Jansen	1	0.00793650793651	0.0	0.0238095238095	0.00787401574803
27689	Gerth Stølting Brodal	1	0.00793650793651	0.0	0.0238095238095	0.00787401574803
45	Gerhard J. Woeginger	1	0.00793650793651	0.0	0.0238095238095	0.00787401574803
118320	Marc Thurley	1	0.0	0.0	0.015873015873	0.00787401574803
