# Periodo: 1986-1990
429950	Charles M. Shub	6	0.0183727034121	0.00037273447328	326.0	0.0177165354331	0.00296727699808
280456	G. Scott Owen	6	0.00393700787402	0.0	4.0	0.00787401574803	0.00196463654224
1005589	Laurie Honour Werth	5	0.0177165354331	0.0	18.0	0.0216535433071	0.00196463654224
727708	Barry L. Kurtz	5	0.00984251968504	6.98877137399e-05	46.0	0.0137795275591	0.00371509887023
1049507	Thomas C. McMillan	5	0.00393700787402	7.76530152666e-06	8.0	0.00787401574803	0.00245221057462
611397	Janet Hartman	5	0.028421079718	0.000706642438926	1094.0	0.00984251968504	0.002194274815
89855	Judith D. Wilson	5	0.0334494245912	0.000698877137399	952.0	0.0196850393701	0.00274529501285
294980	Joyce Currie Little	4	0.0511579434924	0.00493096646943	4638.0	0.0314960629921	0.00409432427246
1075307	Richard M. Plishka	4	0.0113385826772	7.76530152666e-06	50.0	0.00984251968504	0.00181651822832
1075336	James R. Sidbury	4	0.0166743862899	0.00025625495038	210.0	0.0177165354331	0.00306314841857
48362	Michael B. Feldman	4	0.0175375805297	0.00039603037786	328.0	0.0196850393701	0.00359687723733
1049506	Ivan B. Liss	4	0.00262467191601	0.0	6.0	0.00590551181102	0.00172084952605
161380	Robert M. Aiken	4	0.0467572601812	0.00403019149234	3650.0	0.0374015748031	0.00508106832312
620275	Leslie J. Waguespack Jr.	4	0.0295811237881	0.000357203870226	678.0	0.0137795275591	0.00212409380837
788284	Carol Chrisman	4	0.0391750017734	0.00135892776717	1594.0	0.0157480314961	0.00253951771765
706795	Newcomb Greenleaf	3	0.024848143982	0.0	350.0	0.00787401574803	0.00127839993927
203056	John R. Pugh	3	0.0137795275591	0.000108714221373	70.0	0.0177165354331	0.00338320456078
1049047	Robert Leeper	3	0.00196850393701	0.0	2.0	0.00590551181102	0.00196463654224
49638	Laura M. Leventhal	3	0.00442913385827	1.55306030533e-05	18.0	0.00787401574803	0.00228889694242
49639	Barbee T. Mynatt	3	0.00442913385827	1.55306030533e-05	18.0	0.00787401574803	0.00228889694242
408179	Gayle J. Yaverbaum	3	0.0329426151277	0.0	264.0	0.0157480314961	0.00202086840437
80677	Donald J. Bagert	3	0.00984251968504	0.0	10.0	0.0137795275591	0.00196463654224
408433	Gordon E. Stokes	3	0.0157480314961	0.000155306030533	96.0	0.0196850393701	0.00369478198861
453497	Harriet G. Taylor	3	0.011811023622	6.98877137399e-05	48.0	0.0157480314961	0.00307587273804
910338	Cindy Hanchey	3	0.0410228792156	0.00220534563357	1642.0	0.0275590551181	0.00382379030256
50450	Peter B. Henderson	3	0.00196850393701	0.0	2.0	0.00590551181102	0.00196463654224
77414	Mark Smotherman	3	0.00196850393701	0.0	2.0	0.00590551181102	0.00196463654224
409318	Jeffrey A. Brumfield	3	0.0142898804316	0.0	54.0	0.00984251968504	0.00165160650277
726803	John L. Donaldson	3	0.0	0.0	0.0	0.00393700787402	0.00196463654224
1037456	Richard E. Pattis	3	0.0	0.0	0.0	0.00393700787402	0.00196463654224
280619	Robert P. Burton	2	0.00964566929134	4.65918091599e-05	50.0	0.011811023622	0.00235816849759
723009	H. Willis Means	2	0.0	0.0	0.0	0.00393700787402	0.00196463654224
80018	John D. McGregor	2	0.00590551181102	0.0	6.0	0.00984251968504	0.00196463654224
831683	Richard Johnsonbaugh	2	0.00393700787402	7.76530152666e-06	8.0	0.00787401574803	0.00245221057462
1075396	Margaret M. Reek	2	0.0	0.0	0.0	0.00393700787402	0.00196463654224
80083	David A. Scanlan	2	0.0	0.0	0.0	0.00393700787402	0.00196463654224
407766	William G. Bulgren	2	0.00787401574803	3.10612061066e-05	24.0	0.011811023622	0.00276460830794
710911	George M. Whitson	2	0.0	0.0	0.0	0.00393700787402	0.00196463654224
944396	Dean Sanders	2	0.0218513828987	0.0	398.0	0.00590551181102	0.00132344186741
280873	Steve Cunningham	2	0.0120570866142	9.31836183199e-05	70.0	0.0157480314961	0.0030037371133
49558	James S. Collofello	2	0.0	0.0	0.0	0.00393700787402	0.00196463654224
203225	Joseph E. Lang	2	0.00393700787402	7.76530152666e-06	8.0	0.00787401574803	0.00245221057462
442845	Henry MacKay Walker	2	0.0133043714363	0.0	58.0	0.011811023622	0.00192563915631
1075743	Janet M. Cook	2	0.0	0.0	0.0	0.00393700787402	0.00196463654224
49753	Terrence W. Pratt	2	0.0	0.0	0.0	0.00393700787402	0.00196463654224
1075468	Patricia B. van Verth	2	0.00393700787402	0.0	4.0	0.00787401574803	0.00196463654224
1049324	Karl Rehmer	2	0.00196850393701	0.0	2.0	0.00590551181102	0.00196463654224
639833	Bruce R. Maxim	2	0.00820209973753	4.65918091599e-05	42.0	0.011811023622	0.00252071951844
80730	Linda Rising	2	0.00196850393701	0.0	2.0	0.00590551181102	0.00196463654224
611471	Nell B. Dale	2	0.0293812513301	0.0	296.0	0.0137795275591	0.001867586629
# Periodo: 1991-1995
425419	Owen L. Astrachan	8	0.0675548888239	0.0192020049206	9384.0	0.0302571860817	0.00423513304684
727708	Barry L. Kurtz	6	0.0622216081273	0.0036583688626	9314.0	0.018154311649	0.00302389283924
80678	Doug Baldwin	6	0.0643122541604	0.0119382936781	23074.0	0.0196671709531	0.0027683256207
80064	David G. Kay	6	0.0463611982125	0.00220052262412	7878.0	0.0151285930408	0.00218234152611
944382	G. Joy Teague	5	0.0435956169742	0.00144867739421	1844.0	0.0151285930408	0.00202300330704
1049336	Greg W. Scragg	5	0.0615546077339	0.00352358685188	-128.0	0.0151285930408	0.00212465249552
1074991	David W. Brown	5	0.0242057488654	0.000353000504286	332.0	0.0272314674735	0.00333001918456
110763	Michael J. Clancy	4	0.0573397415838	0.00883723773285	-4620.0	0.0242057488654	0.00310187207339
944396	Dean Sanders	4	0.0164733568667	0.000605143721634	1200.0	0.018154311649	0.00238856434636
596249	Dino Schweitzer	4	0.0162092068295	0.000132948241874	110.0	0.0166414523449	0.00256996120977
365026	Richard J. Reid	4	0.0511388789443	0.0	1572.0	0.00907715582451	0.0013170976965
117350	Vicki L. Almstrum	4	0.00605143721634	1.83376885344e-05	24.0	0.00907715582451	0.00212565804946
453497	Harriet G. Taylor	4	0.06310072033	0.00522165681016	4462.0	0.0196671709531	0.00297637279024
910331	Thomas J. Scott	4	0.00778041927815	4.12597992023e-05	56.0	0.0105900151286	0.00219117178501
611471	Nell B. Dale	4	0.0641071114039	0.0120982900105	23042.0	0.0226928895613	0.00331170464308
1037456	Richard E. Pattis	4	0.0472328541131	0.00362169348554	11742.0	0.0136157337368	0.00183648369352
83195	Rick Decker	4	0.0641071114039	0.00618102354865	5534.0	0.018154311649	0.00252204325026
83196	Stuart Hirshfield	4	0.0767083184165	0.0226747046868	-21754.0	0.018154311649	0.0024682127644
83366	Susan H. Rodger	4	0.0154724247009	0.000174208041076	238.0	0.0151285930408	0.00250569558097
804672	James Roberge	4	0.0519317297807	0.000742676385642	3418.0	0.0121028744327	0.00181900293146
43012	Hossein Saiedian	3	0.043454225784	0.000742676385642	4022.0	0.0121028744327	0.00181805333771
77845	Eric S. Roberts	3	0.0	0.0	0.0	0.00302571860817	0.00151057401813
159804	Valerie A. Clarke	3	0.0372177396761	0.0	2160.0	0.0105900151286	0.00140471287994
1075324	Lynn Ziegler	3	0.0622216081273	0.00305735112089	6110.0	0.018154311649	0.00263208003357
203102	Viera K. Proulx	3	0.044170504231	0.00500618896988	16646.0	0.0196671709531	0.00234812811381
49577	Richard C. Holt	3	0.045989884268	0.00147618392702	5880.0	0.0121028744327	0.00196661215662
442845	Henry MacKay Walker	3	0.0616490166415	0.00435978544904	10976.0	0.0166414523449	0.00276169821945
726801	Nira Herrmann	3	0.00151285930408	0.0	2.0	0.00453857791225	0.00151057401813
611435	Jeffrey L. Popyack	3	0.00151285930408	0.0	2.0	0.00453857791225	0.00151057401813
170642	Mary J. Granger	3	0.01976802824	0.00108192362353	2068.0	0.0151285930408	0.00231310710708
80677	Donald J. Bagert	3	0.0547617967987	0.00147618392702	5040.0	0.00756429652042	0.00144210542667
170870	David Finkel	3	0.0121028744327	8.71040205382e-05	92.0	0.0151285930408	0.00271671520079
401477	Thomas L. Naps	3	0.0154724247009	0.00011461055334	114.0	0.0151285930408	0.00238695606117
611391	Karl J. Klee	3	0.0162476944439	0.000719754274974	1532.0	0.0121028744327	0.00219516080885
611397	Janet Hartman	3	0.012617890366	0.0	188.0	0.0121028744327	0.00151478853154
611441	Barbara Boucher Owens	3	0.0697832618928	0.00575344977766	13688.0	0.0166414523449	0.00249444673167
611496	Judith L. Gersting	3	0.00756429652042	1.83376885344e-05	26.0	0.0105900151286	0.00193458683919
81068	Allen B. Tucker	3	0.071905472004	0.00501474655786	2558.0	0.0151285930408	0.00213460802023
83117	Robert D. Cupper	3	0.079752299306	0.0247884289185	1468.0	0.0196671709531	0.00273380828438
83371	Rockford J. Ross	3	0.0121028744327	5.50130656031e-05	64.0	0.0151285930408	0.00214002807087
78414	Roger L. Wainwright	3	0.00453857791225	0.0	6.0	0.00756429652042	0.00151057401813
654833	Lee H. Tichenor	3	0.0054462934947	0.0	20.0	0.00756429652042	0.00148138511887
579282	John Barr	3	0.0633993041802	0.00220969146839	6022.0	0.0151285930408	0.00239218659897
51038	Joseph L. Zachary	3	0.0105900151286	5.50130656031e-05	62.0	0.0136157337368	0.00229999040825
1075127	Robert M. Harlan	3	0.00151285930408	0.0	2.0	0.00453857791225	0.00151057401813
1075145	Keith Barker	3	0.0767083184165	0.025232048167	54792.0	0.0211800302572	0.00288300626145
352233	Martin Osborne	3	0.00151285930408	0.0	2.0	0.00453857791225	0.00151057401813
1075214	Paul A. Luker	2	0.00151285930408	0.0	2.0	0.00453857791225	0.00151057401813
1075240	Hamid Chahryar	2	0.00926626323752	6.11256284479e-06	16.0	0.0121028744327	0.00176058789252
1075241	David S. Tucker	2	0.00926626323752	6.11256284479e-06	16.0	0.0121028744327	0.00176058789252
727091	Chris Nevison	2	0.012617890366	0.0	188.0	0.0121028744327	0.00151478853154
1075255	Ted Mims	2	0.0548365059348	0.000742676385642	3254.0	0.0105900151286	0.00175297395414
1075265	Candice Suriano	2	0.0429435457802	0.0	1872.0	0.00453857791225	0.000778200068439
294978	David L. Feinstein	2	0.0111401457846	1.83376885344e-05	22.0	0.0136157337368	0.00179610611231
294979	John T. Gorgone	2	0.0111401457846	1.83376885344e-05	22.0	0.0136157337368	0.00179610611231
294980	Joyce Currie Little	2	0.0188266935619	0.000857286938981	1788.0	0.0121028744327	0.00203233821996
217224	Gordon B. Davis	2	0.0111401457846	1.83376885344e-05	22.0	0.0136157337368	0.00179610611231
110736	Daniel P. Friedman	2	0.0559042543119	0.00431852564984	12482.0	0.0166414523449	0.00235345825291
1005748	Ann E. Fleury	2	0.0	0.0	0.0	0.00302571860817	0.00151057401813
1075413	Sarah L. Sullivan	2	0.0	0.0	0.0	0.00302571860817	0.00151057401813
944359	B. Lewis Barnett III	2	0.0	0.0	0.0	0.00302571860817	0.00151057401813
61674	Marsha Meredith	2	0.012617890366	0.0	188.0	0.0121028744327	0.00151478853154
944390	Herbert L. Dershem	2	0.00630358043369	1.83376885344e-05	30.0	0.00907715582451	0.00198393361828
1075464	Robert Geitz	2	0.0	0.0	0.0	0.00302571860817	0.00151057401813
1075475	Rosalee Nerheim-Wolfe	2	0.0100115689241	0.0	68.0	0.00756429652042	0.00116545486511
442675	Margaret Christensen	2	0.0145234493192	9.16884426718e-05	122.0	0.0166414523449	0.00222221115462
# Periodo: 1996-2000
83366	Susan H. Rodger	8	0.0691762056671	0.0110383780574	19978.0	0.027397260274	0.00404507686863
425419	Owen L. Astrachan	7	0.0869167472237	0.0258576848131	-964.0	0.0328767123288	0.0042282533774
106129	Eric Roberts	7	0.0779299847793	0.0225269911661	37462.0	0.0287671232877	0.00398256310989
38915	Michael T. Goodrich	6	0.00958904109589	2.06700866265e-05	14.0	0.0123287671233	0.00200327770852
38916	Roberto Tamassia	6	0.00958904109589	2.06700866265e-05	14.0	0.0123287671233	0.00200327770852
110763	Michael J. Clancy	6	0.0823794945138	0.0207554185901	1504.0	0.0260273972603	0.00348240629669
80064	David G. Kay	6	0.0714266338571	0.00997801454422	32992.0	0.013698630137	0.0019047601513
203102	Viera K. Proulx	6	0.0041095890411	1.87909878422e-06	6.0	0.00684931506849	0.0015377395229
408432	Doris K. Lidtke	6	0.0232599972326	0.00137925850762	3102.0	0.0178082191781	0.00275813229483
611535	Renée A. McCauley	6	0.0763973224463	0.0121977223533	-8548.0	0.0178082191781	0.00232540234315
51038	Joseph L. Zachary	6	0.0703323539512	0.00283743916418	8664.0	0.013698630137	0.00211983601836
577563	Richard Rasala	5	0.00308219178082	0.0	8.0	0.00547945205479	0.00119823858927
49377	Ann E. Kelley Sobel	5	0.0396067687349	0.00282616457147	14222.0	0.00958904109589	0.00155616973965
83121	Michael Kölling	5	0.0013698630137	0.0	2.0	0.0041095890411	0.00136798905609
105923	Chris McDonald	5	0.0540670558212	0.00213841441645	8596.0	0.0150684931507	0.00220937844663
110114	Bill Z. Manaris	5	0.067063253834	0.00168383655897	994.0	0.0109589041096	0.00145917762173
79552	Thomas B. Hilburn	5	0.0683337349621	0.00348009094838	5562.0	0.0150684931507	0.00216961422211
165595	John Rosenberg	5	0.0013698630137	0.0	2.0	0.0041095890411	0.00136798905609
294979	John T. Gorgone	4	0.0181318088664	0.000563729635267	1534.0	0.0150684931507	0.00231696017262
49536	Stephen J. Hartley	4	0.00792563600783	0.0	28.0	0.00821917808219	0.0014340216821
401477	Thomas L. Naps	4	0.00684931506849	3.3823778116e-05	46.0	0.00958904109589	0.00258684722975
217164	Frances S. Grodzinsky	4	0.0105374077977	3.3823778116e-05	68.0	0.0123287671233	0.00187114594596
442845	Henry MacKay Walker	4	0.0725555030704	0.00407564893782	-918.0	0.0232876712329	0.00275832099834
109271	Russell L. Shackelford	4	0.0619615093705	0.00149952082981	5646.0	0.0150684931507	0.00235522853761
50199	James H. Cross II	4	0.0620376291609	0.00353270571434	11604.0	0.0164383561644	0.0025813082336
611432	Tony Greening	4	0.0013698630137	0.0	2.0	0.0041095890411	0.00136798905609
611471	Nell B. Dale	4	0.0810571912311	0.0194656290462	-4960.0	0.0205479452055	0.00287057587171
48526	Arturo I. Concepcion	4	0.00821917808219	4.13401732529e-05	56.0	0.0109589041096	0.00236761592094
83368	Frances W. Goosey	4	0.00958904109589	8.455944529e-06	14.0	0.0123287671233	0.00170269649958
83371	Rockford J. Ross	4	0.00958904109589	8.455944529e-06	14.0	0.0123287671233	0.00170269649958
679757	Mary Ann Robbert	4	0.0553106573242	0.0126839167935	49582.0	0.013698630137	0.00218582360934
1075065	Christopher M. Boroni	4	0.00958904109589	8.455944529e-06	14.0	0.0123287671233	0.00170269649958
80540	Mark Woodman	3	0.00547945205479	3.75819756845e-06	8.0	0.00821917808219	0.00159689498861
229455	Pamela B. Lawhead	3	0.0255859969559	0.00119886502433	2612.0	0.0191780821918	0.00263391823702
55397	Massood Towhidnejad	3	0.0544166273028	0.000717815735573	4092.0	0.00547945205479	0.00106710264718
55427	Suzanne W. Dietrich	3	0.0041095890411	7.51639513689e-06	14.0	0.00684931506849	0.00177337321963
727216	Denise M. Woit	3	0.0013698630137	0.0	2.0	0.0041095890411	0.00136798905609
4274	Bruce W. Weide	3	0.00958904109589	9.39549392112e-06	14.0	0.0123287671233	0.00160885459904
407780	Susan A. Mengel	3	0.068241392077	0.00276979160794	3340.0	0.0150684931507	0.00215428193376
944390	Herbert L. Dershem	3	0.0114155251142	6.38893586636e-05	100.0	0.013698630137	0.00218026245574
82189	Max Hailperin	3	0.0621139362079	0.0035139147265	11940.0	0.013698630137	0.00193117785428
51512	Tracy Camp	3	0.0100871731009	7.51639513689e-05	114.0	0.0123287671233	0.00236928679687
442872	Daniel D. McCracken	3	0.0757100901604	0.00617167625454	620.0	0.013698630137	0.00180855077966
727567	Harriet J. Fell	3	0.0041095890411	1.87909878422e-06	6.0	0.00684931506849	0.0015377395229
202510	A. Michael Berman	3	0.0735060118442	0.00352894751677	10080.0	0.0150684931507	0.00214591023178
451185	Michael C. Mulder	3	0.0174449979244	1.12745927053e-05	264.0	0.00821917808219	0.00126409909796
225942	Steven Robbins	3	0.0013698630137	0.0	2.0	0.0041095890411	0.00136798905609
380363	Samuel A. Rebelsky	3	0.0100871731009	3.00655805476e-05	58.0	0.0123287671233	0.00177262614365
13007	Fintan Culwin	3	0.0013698630137	0.0	2.0	0.0041095890411	0.00136798905609
80678	Doug Baldwin	3	0.00704500978474	1.12745927053e-05	14.0	0.00958904109589	0.00165221361493
333994	Sue Fitzgerald	3	0.0578449371558	0.00752015333446	26784.0	0.0150684931507	0.00228694374508
321371	David V. Mason	3	0.0013698630137	0.0	2.0	0.0041095890411	0.00136798905609
353438	Sami Khuri	3	0.00671232876712	4.13401732529e-05	76.0	0.00821917808219	0.00180051669759
343262	Joel C. Adams	3	0.0457415128052	0.0	2208.0	0.00547945205479	0.000953792382282
857643	Linda M. Null	3	0.0741536419045	0.0103232914891	-6762.0	0.0164383561644	0.00211543123625
83282	David Ginat	3	0.0013698630137	0.0	2.0	0.0041095890411	0.00136798905609
611667	Gloria Childress Townsend	3	0.0	0.0	0.0	0.0027397260274	0.00136798905609
159080	Marta Patiño-Martínez	3	0.00745814307458	2.06700866265e-05	18.0	0.00958904109589	0.00188264513786
159081	Ricardo Jiménez-Peris	3	0.00745814307458	2.06700866265e-05	18.0	0.00958904109589	0.00188264513786
83321	Ching-Kuang Shene	3	0.00821917808219	3.3823778116e-05	48.0	0.0109589041096	0.00205310305144
83332	Ursula Wolz	3	0.0760521538208	0.00668616157088	-2030.0	0.0232876712329	0.00276360420825
162723	Simon Holland	3	0.00547945205479	3.75819756845e-06	8.0	0.00821917808219	0.00159689498861
83369	Michael T. Grinder	3	0.00745814307458	9.39549392112e-07	18.0	0.00958904109589	0.00131739774957
13795	Robert Biddle	3	0.0667088905376	0.00282616457147	9410.0	0.013698630137	0.00199958554174
48736	Frederick N. Springsteel	3	0.0663582524796	0.0137775522859	51760.0	0.0150684931507	0.00219881099397
726672	Jacobo Carrasquel	3	0.0699427010208	0.0	1444.0	0.00821917808219	0.00110723495213
579282	John Barr	3	0.00924657534247	5.26147659582e-05	92.0	0.0109589041096	0.00202370447709
1074938	Uta Ziegler	3	0.0013698630137	0.0	2.0	0.0041095890411	0.00136798905609
1074987	Kathleen Larson	3	0.0691762056671	0.00295507969616	1206.0	0.0150684931507	0.00187826706405
1075109	Richard A. Howard	3	0.0644115180319	0.00142811507601	5456.0	0.00958904109589	0.00155556874717
661444	Mário Guimarães	3	0.0462441667921	0.0035139147265	16380.0	0.00821917808219	0.00132938347606
43012	Hossein Saiedian	2	0.0547114085991	0.0	1846.0	0.00958904109589	0.00134152751384
1005589	Laurie Honour Werth	2	0.0	0.0	0.0	0.0027397260274	0.00136798905609
# Periodo: 2001-2005
14008	Mark Guzdial	10	0.131801523327	0.0336082957876	13996.0	0.024727992087	0.00349824091228
408162	Michael R. Wick	9	0.09592317194	0.00131118535708	4614.0	0.00593471810089	0.000917917181956
83282	David Ginat	9	0.130711611143	0.00946381214394	958.0	0.0128585558853	0.00155297814969
280873	Steve Cunningham	8	0.0972724209519	0.00667945712384	-4568.0	0.0148367952522	0.00212805939937
80842	Orit Hazzan	8	0.1367705548	0.0336721309783	20650.0	0.0207715133531	0.00271579705713
83116	Kim B. Bruce	8	0.127768335835	0.0154058175454	5190.0	0.0227497527201	0.0025322073615
83127	Daniel D. Garcia	8	0.131488269558	0.022822215267	-5472.0	0.0197823936696	0.00231200061935
50450	Peter B. Henderson	7	0.114719936581	0.0268119460078	26546.0	0.0237388724036	0.00310901729381
388502	Daniel E. Stevenson	7	0.09592317194	0.00131118535708	4614.0	0.00593471810089	0.000917917181956
83366	Susan H. Rodger	7	0.123352707729	0.0179437575936	19782.0	0.026706231454	0.00291600042659
83394	Andrew T. Phillips	7	0.0855080207364	0.00170023384878	11000.0	0.00989119683482	0.00148546255045
425419	Owen L. Astrachan	7	0.127620967512	0.00753091338471	2492.0	0.0128585558853	0.00140642711128
106129	Eric Roberts	7	0.116104279992	0.00577346835837	1116.0	0.0128585558853	0.00146936186066
202813	Joseph Bergin	6	0.125735657765	0.0160802894823	-7162.0	0.0178041543027	0.00217199408158
13150	Manuel A. Pérez-Quiñones	6	0.130711611143	0.0382226445341	54534.0	0.0207715133531	0.00254305233136
611392	Nick Parlante	6	0.126816480038	0.0301010543992	-18290.0	0.028684470821	0.00313077296669
83137	Michele H. Jackson	6	0.0888733966529	0.00367508560945	28620.0	0.00791295746785	0.00124147780904
83321	Ching-Kuang Shene	6	0.00791295746785	3.81937303523e-05	92.0	0.00989119683482	0.00186856129846
83332	Ursula Wolz	6	0.122329882623	0.0142286253607	14942.0	0.0217606330366	0.00240225260437
83393	Paul J. Wagner	6	0.118529597036	0.0165939264115	69446.0	0.0158259149357	0.00238810610719
202530	Stuart Reges	6	0.120465300852	0.00810755085519	668.0	0.0178041543027	0.0019638871189
577563	Richard Rasala	5	0.113601004962	0.00374321082126	13052.0	0.0108803165183	0.00144442981151
55427	Suzanne W. Dietrich	5	0.00692383778437	1.07725906122e-05	14.0	0.00890207715134	0.00144703162542
4274	Bruce W. Weide	5	0.0104475766568	0.000113601864638	314.0	0.0118694362018	0.00223284568072
78124	Edward F. Gehringer	5	0.116839893171	0.00957460720857	10370.0	0.0158259149357	0.00207768441663
49551	Amer Diwan	5	0.0747870083358	6.52884279526e-07	5918.0	0.00593471810089	0.00096603287721
524915	John Impagliazzo	5	0.129487862882	0.01873629024	-8034.0	0.0217606330366	0.002296070261
13739	Mordechai Ben-Ari	5	0.00494559841741	1.56692227086e-05	42.0	0.00692383778437	0.0016847157549
547340	David Reed	5	0.125807139094	0.00598718828321	1122.0	0.0168150346192	0.00185465686101
225942	Steven Robbins	5	0.0	0.0	0.0	0.00197823936696	0.00098814229249
249892	David B. Levine	5	0.115558620191	0.00469379380735	12910.0	0.0168150346192	0.00190038329249
80678	Doug Baldwin	5	0.13576365501	0.0225589149947	-13084.0	0.0158259149357	0.00193335358299
50047	Susan Darling Urban	5	0.00692383778437	1.07725906122e-05	14.0	0.00890207715134	0.00144703162542
81068	Allen B. Tucker	5	0.107424639644	0.00306853354944	2510.0	0.0118694362018	0.0014141106639
83136	William M. Waite	5	0.0747870083358	6.52884279526e-07	5918.0	0.00593471810089	0.00096603287721
83161	Amruth N. Kumar	5	0.094691809014	0.010022426575	68892.0	0.0138476755687	0.0020234409583
48669	Laurie A. Williams	5	0.12439278115	0.0132249605693	-4668.0	0.0207715133531	0.00243277134282
1074953	James Caristi	5	0.12903484412	0.0150219162207	-7760.0	0.0168150346192	0.00207025583007
110763	Michael J. Clancy	4	0.130403510705	0.0178828931786	14726.0	0.0178041543027	0.00212175015965
147661	Robert Cartwright	4	0.00593471810089	1.86072019665e-05	48.0	0.00791295746785	0.00158257416688
61807	Robert H. Sloan	4	0.115197687489	0.00296864074949	2262.0	0.0148367952522	0.00154078078136
442845	Henry MacKay Walker	4	0.117522441671	0.00460848104429	11744.0	0.00989119683482	0.0012684897558
281381	John L. Lowther	4	0.00486951228791	9.79326419289e-07	26.0	0.00494559841741	0.000938587948438
50199	James H. Cross II	4	0.124253092457	0.0171565718112	17402.0	0.0237388724036	0.00249949930412
611363	Raymond Lister	4	0.114779438623	0.00997395836301	-1184.0	0.00890207715134	0.00121107801221
611406	Michael Goldweber	4	0.0999524650703	0.0323641406225	237084.0	0.0148367952522	0.00209122342818
611435	Jeffrey L. Popyack	4	0.103748128301	0.00548814525369	35394.0	0.0148367952522	0.00166906780708
453497	Harriet G. Taylor	4	0.0914441147379	0.00118690734329	10620.0	0.00692383778437	0.00108961063798
343262	Joel C. Adams	4	0.00494559841741	1.76278755472e-05	46.0	0.00692383778437	0.00186856257406
986416	Dung Zung Nguyen	4	0.00197823936696	0.0	4.0	0.00395647873393	0.00098814229249
986417	Stephen B. Wong	4	0.00197823936696	0.0	4.0	0.00395647873393	0.00098814229249
83250	Grant Braught	4	0.103553934331	0.00184505097394	14698.0	0.0108803165183	0.00134222393634
83253	Sally Fincher	4	0.115077877101	0.0242354649182	-15614.0	0.00791295746785	0.00103963645283
83284	Lillian N. Cassel	4	0.120008003072	0.016236250374	-10810.0	0.0168150346192	0.00186583713127
83369	Michael T. Grinder	4	0.00593471810089	5.87595851573e-06	12.0	0.00791295746785	0.00126834534804
1508	Leen-Kiat Soh	4	0.00593471810089	1.56692227086e-05	44.0	0.00791295746785	0.00142290726366
450034	Andrew D. McGettrick	4	0.119103744707	0.00510250115837	2046.0	0.0197823936696	0.00199275482969
1074899	Stuart A. Hansen	4	0.118720363555	0.00650555693107	-782.0	0.00692383778437	0.000788127833731
51038	Joseph L. Zachary	4	0.103602414637	0.00276757646091	19902.0	0.0118694362018	0.00160243477204
280608	Christine Shannon	3	0.101279065293	0.00458324764227	30850.0	0.0108803165183	0.00140664431861
561192	David J. Barnes	3	0.101932177644	0.00442534695754	2354.0	0.00791295746785	0.00101279868642
335916	Gary Lewandowski	3	0.0835389798662	0.0161921830165	128262.0	0.0128585558853	0.00189905716366
294979	John T. Gorgone	3	0.0763612000227	0.00276170050239	25986.0	0.00791295746785	0.00136854742098
203102	Viera K. Proulx	3	0.091481917183	0.0	4838.0	0.00395647873393	0.000625379722264
203138	James B. Fenwick Jr.	3	0.00445103857567	1.56692227086e-05	56.0	0.00593471810089	0.00132107857366
49615	David Gries	3	0.110813599232	0.0174744354482	96074.0	0.0276953511375	0.00177829298176
455130	Debra T. Burhans	3	0.0912555701714	0.00640087747647	48010.0	0.0158259149357	0.00178548474488
49638	Laura M. Leventhal	3	0.0664349317519	0.00367443272517	37030.0	0.00791295746785	0.00130206813236
726780	A. T. Chamillard	3	0.0615733883321	0.00184700962678	23444.0	0.00494559841741	0.00124594906467
12823	Mary Beth Rosson	3	0.102975689933	0.00185582356455	14770.0	0.00791295746785	0.00122062527337
567734	Frank Klassner	3	0.0828509014098	0.0	5342.0	0.00593471810089	0.000881368333323
117350	Vicki L. Almstrum	3	0.122397542957	0.00638794748475	3616.0	0.00989119683482	0.00126451149932
189041	John M. D. Hill	3	0.0066765578635	2.54624869015e-05	62.0	0.00791295746785	0.00145833404276
748278	Joe D. Chase	3	0.103264002644	0.00821850731067	51130.0	0.0138476755687	0.00191947491486
183053	Bruce W. Char	3	0.085113368333	0.0	5200.0	0.00791295746785	0.000919422737368
122328	Elliot B. Koffman	3	0.115137751127	0.00355472819026	2108.0	0.00989119683482	0.00116187008471
408432	Doris K. Lidtke	3	0.0908434965787	0.00728618855951	55730.0	0.00692383778437	0.00107565987193
636746	Suzanne Westbrook	3	0.0986162021683	0.0079743540438	10006.0	0.0158259149357	0.00188280650233
281539	Steven A. Wolfman	3	0.106034862322	0.00365684901181	4112.0	0.00890207715134	0.00111950044749
50147	Richard J. Anderson	3	0.11125930501	0.00916285811317	11964.0	0.0118694362018	0.00155691601599
715792	Clifton Kussmaul	3	0.113020815968	0.0120433683671	-7146.0	0.0108803165183	0.00143861067797
83094	Barry S. Fagin	3	0.0831935179194	0.0100087160051	82094.0	0.00989119683482	0.0015852211269
661362	Anita Verno	3	0.0940479208099	0.000762567903738	4562.0	0.0108803165183	0.00129272378646
83120	Stephen Cooper	3	0.0967620278381	0.00226936609047	15598.0	0.00791295746785	0.0012314768577
83121	Michael Kölling	3	0.120992213048	0.00524552581702	1270.0	0.00791295746785	0.000896610891552
501283	Jane Prey	3	0.11159594436	0.00266407667955	2040.0	0.00890207715134	0.00108920243368
83183	Lisa Meeden	3	0.0712934141964	0.00640871208783	59824.0	0.00890207715134	0.001505412845
50419	Lori L. Pollock	3	0.00494559841741	7.83461135431e-06	26.0	0.00692383778437	0.00126551036318
83203	Lecia Jane Barker	3	0.109173536096	0.004606783959	-436.0	0.00791295746785	0.00109419103029
611588	Barbara Moskal	3	0.0974866773858	0.00169532992895	3594.0	0.00791295746785	0.00117035286174
48421	Robert E. Noonan	3	0.106699497428	0.000924484139809	9238.0	0.00692383778437	0.000905290674564
83290	Julie Barnes	3	0.0771599573451	0.00548814525369	49372.0	0.00692383778437	0.00113156218565
611680	Bill Marion	3	0.114541800034	0.0041738721716	516.0	0.00692383778437	0.000758813579568
273765	Laurie A. Smith King	3	0.0969740392926	0.00266155779711	15182.0	0.00890207715134	0.00143986105252
402896	Lynda Thomas	3	0.00494559841741	4.89663209644e-06	10.0	0.00692383778437	0.00132399072607
986363	Steven K. Andrianoff	3	0.103167719191	0.000159363852263	4290.0	0.0108803165183	0.00117497096927
48662	Peter J. Denning	3	0.111878037243	0.00185849065481	3100.0	0.00791295746785	0.000990887257315
1074730	Robert Montante	3	0.095262487157	0.00640087747647	43618.0	0.0118694362018	0.00166456244337
26176	Mark A. Holliday	3	0.0080118694362	4.70076681259e-05	126.0	0.00989119683482	0.00180741713414
197229	Mark Ratcliffe	3	0.00494559841741	4.89663209644e-06	10.0	0.00692383778437	0.00132399072607
1074955	Julie Zelenski	3	0.121657370899	0.00346050265528	3126.0	0.0138476755687	0.00148183263363
# Periodo: 2006-2010
77996	Beth Simon	14	0.124158292898	0.0215929856728	85324.0	0.0302560124127	0.00336410700639
83366	Susan H. Rodger	10	0.130546895287	0.0336471440118	9098.0	0.0411171450737	0.00433280145471
450034	Andrew D. McGettrick	10	0.127369283231	0.0101005655484	-2794.0	0.0201706749418	0.0020060942119
14008	Mark Guzdial	10	0.132684747244	0.0247845573489	652.0	0.022498060512	0.00240350280175
83127	Daniel D. Garcia	9	0.130682740131	0.0309616752477	5252.0	0.0256012412723	0.00296001834686
83284	Lillian N. Cassel	9	0.125586113266	0.0151678234518	-1512.0	0.0178432893716	0.00190267551606
636747	Carol Zander	9	0.130750768627	0.0253822579744	-43024.0	0.022498060512	0.00229838977518
83167	Robert McCartney	8	0.130276051106	0.0107540486571	3266.0	0.022498060512	0.00216142020006
83332	Ursula Wolz	8	0.111582508455	0.00835666617771	-6834.0	0.011636927851	0.00163267438903
425419	Owen L. Astrachan	8	0.125272930939	0.015932799443	-9898.0	0.0193948797517	0.0020684216683
13150	Manuel A. Pérez-Quiñones	7	0.111781142204	0.00513867920755	-3666.0	0.0155159038014	0.00196806322714
80842	Orit Hazzan	7	0.10544593893	0.0120625211567	3642.0	0.011636927851	0.00172866127441
48335	Stephen H. Edwards	7	0.108685515592	0.00355190520406	-740.0	0.010861132661	0.00147903372752
106129	Eric Roberts	7	0.129403517018	0.0109535059139	-1672.0	0.0162916989915	0.00161714889995
61807	Robert H. Sloan	6	0.113498520801	0.00135585274633	9986.0	0.0124127230411	0.00121773597817
160165	Judith Gal-Ezer	6	0.08791467502	0.00476420902735	12968.0	0.00620636152056	0.00106787144564
408162	Michael R. Wick	6	0.111582508455	0.00770394906925	13790.0	0.0077579519007	0.00117251519647
611461	Renée McCauley	6	0.121633039483	0.00597331752936	-342.0	0.0162916989915	0.00160263594072
727524	Jonas Boustedt	6	0.130141050017	0.0101078524007	3860.0	0.0209464701319	0.00200574710904
611392	Nick Parlante	6	0.12104685616	0.00687977397258	1918.0	0.022498060512	0.00223701825697
83120	Stephen Cooper	6	0.117976621199	0.00637935793959	11412.0	0.0155159038014	0.00167416332353
83166	Josh D. Tenenberg	6	0.128674296379	0.0081495182388	422.0	0.0155159038014	0.00151512525016
109928	Heikki Topi	6	0.122046757304	0.00535775697592	1094.0	0.0147401086113	0.00140848800395
611725	Katherine Deibel	6	0.113858670232	0.0178994344135	167938.0	0.0162916989915	0.00197102248807
83389	Joanne McGrath Cohoon	6	0.0919034857417	0.00548937991617	51546.0	0.0124127230411	0.00179226348866
1074852	Thomas J. Cortina	6	0.0808667825281	0.00343451965646	24850.0	0.00930954228084	0.00152237477671
450468	Chris Stephenson	6	0.114013720623	0.0120623623565	-16410.0	0.0162916989915	0.00191473519799
165591	Thomas P. Murtagh	5	0.111483456073	0.00144144716451	4380.0	0.0139643134213	0.00141469519126
606719	Zachary Dodds	5	0.115640988274	0.00707426801233	52192.0	0.0139643134213	0.00155861755979
340600	David J. Malan	5	0.105005111427	0.00205409051299	2456.0	0.0100853374709	0.00107616191883
453497	Harriet G. Taylor	5	0.111483456073	0.00577126407692	10706.0	0.0100853374709	0.00122208998764
830383	Maureen Biggers	5	0.116661507911	0.00873065965961	-6398.0	0.0178432893716	0.00169435548869
44880	Kelvin Sung	5	0.0872428713207	0.00340745550421	41256.0	0.011636927851	0.00155513395361
343262	Joel C. Adams	5	0.00310318076028	3.61395274877e-06	20.0	0.00465477114042	0.00100328810151
83161	Amruth N. Kumar	5	0.101854106461	0.000948362001528	3790.0	0.00543056633049	0.000659497608604
83252	Michal Armoni	5	0.0769287064417	0.00416240745401	43456.0	0.00853374709077	0.0016531270267
83335	Sarah Monisha Pulimood	5	0.0931647724526	0.00143690971226	18436.0	0.00620636152056	0.000977213012127
1622	Tiffany Barnes	5	0.100468890613	0.00491530657621	34128.0	0.0124127230411	0.00182326441227
54951	Joan Peckham	5	0.112280834391	0.00547874740475	24974.0	0.011636927851	0.00140322872292
524915	John Impagliazzo	5	0.117589993695	0.0177017628652	-25766.0	0.0193948797517	0.00205411860753
202530	Stuart Reges	5	0.116715718649	0.00179730184544	3714.0	0.011636927851	0.0012134367501
202646	Gordon Davies	5	0.11344725679	0.000671611025896	4428.0	0.011636927851	0.0010807868576
83276	Brian Hanks	5	0.109586486271	0.00377419957739	34226.0	0.00930954228084	0.00129873632816
110763	Michael J. Clancy	4	0.124281161075	0.0114446870176	3318.0	0.0147401086113	0.0015834119119
104643	Lenore Blum	4	0.0883165353489	0.00335750269038	-1000.0	0.00698215671063	0.00109267550411
78124	Edward F. Gehringer	4	0.11396199026	0.0106093065614	95814.0	0.0100853374709	0.00111152088297
205416	David R. Musicant	4	0.119891277581	0.0074233277209	-4154.0	0.011636927851	0.00118874859148
104984	Susanne E. Hambrusch	4	0.113293742234	0.0117707811772	102104.0	0.0170674941815	0.00184713192512
50147	Richard J. Anderson	4	0.0876691890165	0.00539201750117	-966.0	0.0077579519007	0.00101044427025
48977	William G. Griswold	4	0.0971652713858	2.40930183251e-06	5170.0	0.00698215671063	0.000829845705899
939034	Lijun Ni	4	0.108968427997	0.00144970902225	3730.0	0.0131885182312	0.00123572899358
50227	Dennis Brylow	4	0.0907742054688	0.00474210833185	52042.0	0.00930954228084	0.00118472132365
83116	Kim B. Bruce	4	0.130546895287	0.00899672028402	-2596.0	0.0170674941815	0.00170850145581
611576	Anna Eckerdal	4	0.106881798524	2.0077515271e-07	4700.0	0.00698215671063	0.000671215882615
83232	Michael E. Caspersen	4	0.115216617675	0.00579707056769	-4350.0	0.0124127230411	0.00127520293365
83266	Richard E. Ladner	4	0.00698215671063	3.01162729064e-05	118.0	0.00853374709077	0.00153173405084
998754	Guy-Alain Amoussou	4	0.102561137824	0.00416728829095	27546.0	0.011636927851	0.00150231518322
117661	Janet Davis	4	0.110114961215	0.00203104144481	4562.0	0.00930954228084	0.000955687262539
1457	Kristy Elizabeth Boyer	4	0.07615895286	0.00237255997957	6596.0	0.010861132661	0.00136073842248
1462	Mladen A. Vouk	4	0.07615895286	0.00237255997957	6596.0	0.010861132661	0.00136073842248
110104	Christopher D. Hundhausen	4	0.0664652623795	0.00272371572166	42278.0	0.00620636152056	0.00112795851331
83253	Sally Fincher	4	0.115907811044	0.00276415855084	1642.0	0.00620636152056	0.000672760234674
513712	John Nordlinger	4	0.107752992935	0.00669123351435	11830.0	0.0131885182312	0.00161353750886
1074913	Jon Beck	4	0.0825681218055	0.00136607413904	20512.0	0.00543056633049	0.000911189831346
339718	Michela Pedroni	4	0.00465477114042	6.02325458129e-06	8.0	0.00620636152056	0.00110505881927
1075225	Roshni Malani	3	0.0971276978083	6.02325458129e-07	5172.0	0.00620636152056	0.000730247359055
773471	Brian J. Rosmaita	3	0.0906758940549	0.0	5540.0	0.00387897595035	0.000564635027426
401477	Thomas L. Naps	3	0.105313302529	0.00166908202184	3986.0	0.00853374709077	0.0010878128227
1075319	Carol Spradling	3	0.0915684384004	0.00807597974259	93230.0	0.00853374709077	0.0011921637354
1074884	Barbara Ericson	3	0.115428412928	0.00265439447694	3142.0	0.0139643134213	0.00129980457645
61600	Deepak Kumar	3	0.111335206796	0.00225493731569	2494.0	0.0131885182312	0.00133525303494
280743	Christine Alvarado	3	0.0920044785832	0.00272251107074	31788.0	0.00698215671063	0.000992218517539
115012	Ian Parberry	3	0.0980758401141	0.00272732967441	30114.0	0.00698215671063	0.00119113062653
203102	Viera K. Proulx	3	0.0779795797989	0.000684241720434	14018.0	0.00698215671063	0.000935380856551
203138	James B. Fenwick Jr.	3	0.00993017843289	8.19162623055e-05	360.0	0.010861132661	0.00152066366126
506254	Thomas P. Way	3	0.00155159038014	1.20465091626e-06	8.0	0.00310318076028	0.000967577660839
569747	Jessica D. Bayliss	3	0.0902847687032	0.000684241720434	12262.0	0.00465477114042	0.000745167997745
64933	Li Xu	3	0.0588225354876	0.0	8540.0	0.00232738557021	0.000536822897214
829957	Tarsem S. Purewal Jr.	3	0.0912689776643	0.00204549725581	26520.0	0.00698215671063	0.00101736740663
547340	David Reed	3	0.110259976529	0.00265960324888	21602.0	0.0131885182312	0.0014452331248
336312	David Klappholz	3	0.109490944434	0.00667544432737	-4540.0	0.00853374709077	0.00114910994968
117350	Vicki L. Almstrum	3	0.100953467256	0.0102331390143	94036.0	0.00853374709077	0.00120955170515
380363	Samuel A. Rebelsky	3	0.110114961215	0.00203104144481	4562.0	0.00930954228084	0.000955687262539
111341	Jesse M. Heines	3	0.0976184323872	0.00474451763368	52268.0	0.0077579519007	0.00107431210033
719598	Mark Christensen van Langeveld	3	0.00155159038014	0.0	4.0	0.00310318076028	0.00077519379845
719599	Robert Kessler	3	0.00155159038014	0.0	4.0	0.00310318076028	0.00077519379845
82806	Tilman Wolf	3	0.00380139643134	0.0	20.0	0.00465477114042	0.000625979368537
53747	Scott T. Leutenegger	3	0.107568405367	0.00400998173749	9370.0	0.0100853374709	0.00121431857586
281539	Steven A. Wolfman	3	0.107752992935	0.00191487897208	9580.0	0.010861132661	0.00121775022099
732119	Anukrati Agrawal	3	0.0578204941372	1.20465091626e-06	8688.0	0.00465477114042	0.000848398384331
611680	Bill Marion	3	0.0962345695526	0.00338837961099	-246.0	0.00698215671063	0.000875254040899
986103	Ariel Ortiz	3	0.00248254460822	0.0	10.0	0.00387897595035	0.000791277371101
500731	Suzanne Menzel	3	0.0816289328996	0.00142577110838	20722.0	0.00620636152056	0.000981963242763
13324	Chang Liu	3	0.0694421417009	0.00204549725581	32314.0	0.00620636152056	0.000981767772289
611406	Michael Goldweber	3	0.108685515592	0.0143275392336	-29446.0	0.00930954228084	0.00115169856082
214099	Ken Wong	3	0.00543056633049	2.40930183251e-06	14.0	0.00698215671063	0.000931348434405
423783	Kate Sanders	3	0.110892815246	8.31247786085e-05	4530.0	0.00930954228084	0.000902138733679
433289	Michael Kelly	3	0.0971276978083	6.02325458129e-07	5172.0	0.00620636152056	0.000730247359055
35842	Inna Pivkina	3	0.00543056633049	1.56604619113e-05	62.0	0.00698215671063	0.00129929994275
961727	Tamara Denning	3	0.0971276978083	1.20465091626e-06	5172.0	0.00620636152056	0.000736233935395
83203	Lecia Jane Barker	3	0.0930267505675	0.00316413860364	16976.0	0.00853374709077	0.00124050223012
83206	Geoffrey L. Herman	3	0.0761358673938	0.000679423116769	6598.0	0.0077579519007	0.000990425908287
83208	Lisa C. Kaczmarczyk	3	0.0761820523301	0.00204549725581	22042.0	0.00930954228084	0.00127090698836
611604	Robb Cutler	3	0.126027208496	0.00672400342426	570.0	0.0124127230411	0.00120386153195
83257	Paul Gross	3	0.0821629789114	0.00553209661915	52824.0	0.0124127230411	0.00160393797641
48448	Stuart H. Zweben	3	0.0798639829991	0.00204549725581	28538.0	0.00620636152056	0.0010207305529
83280	Joanna Goode	3	0.0907414113194	0.0	5536.0	0.00465477114042	0.000585708827244
83282	David Ginat	3	0.0655288876943	0.0	7666.0	0.00232738557021	0.000446599809984
611667	Gloria Childress Townsend	3	0.0917021637576	0.0013561558735	4798.0	0.0077579519007	0.00104979846874
402896	Lynda Thomas	3	0.113498520801	0.00011093855614	4426.0	0.00930954228084	0.000885678227684
122328	Elliot B. Koffman	3	0.107660620031	0.00126250185007	3466.0	0.00853374709077	0.000937341867699
1508	Leen-Kiat Soh	3	0.0762514348914	0.00540647331216	68140.0	0.00930954228084	0.00101487655061
442845	Henry MacKay Walker	3	0.120120624836	0.0098756361117	-8456.0	0.0100853374709	0.00110488272997
79529	Bertrand Meyer	3	0.00349107835531	1.20465091626e-06	16.0	0.00465477114042	0.000820363610422
726701	Leigh Ann Sudol	3	0.102897266093	0.000684241720434	10898.0	0.00543056633049	0.000793774292705
648896	Michael Panitz	3	0.0870916180764	8.53294399016e-06	5768.0	0.00853374709077	0.00104348425404
1017124	Steve Cooper	3	0.0914018291602	0.00795875088981	-5156.0	0.011636927851	0.00154473640791
679549	Michelle Craig	3	0.00232738557021	2.40930183251e-06	14.0	0.00387897595035	0.00100491149112
83122	John Maloney	3	0.105712216554	0.00184593171986	3036.0	0.00698215671063	0.000837612214766
77630	Cindy Norris	3	0.00735568772807	2.28883674089e-05	136.0	0.0077579519007	0.00115679165003
636745	Laurie Murphy	3	0.11128587795	0.000450496855588	4514.0	0.00930954228084	0.000936929839865
636748	Briana B. Morrison	3	0.119662804446	0.00141764023891	9376.0	0.0124127230411	0.00123844492408
339802	Paolo A. G. Sivilotti	3	0.00232738557021	3.61395274877e-06	18.0	0.00387897595035	0.00118276991928
423782	Jan Erik Moström	3	0.106881798524	2.0077515271e-07	4700.0	0.00698215671063	0.000671215882615
83885	Heidi J. C. Ellis	3	0.0827312999118	0.00542454307591	64668.0	0.00930954228084	0.00151033497644
43012	Hossein Saiedian	2	0.00077579519007	0.0	2.0	0.00232738557021	0.00077519379845
49159	Gail E. Kaiser	2	0.00387897595035	2.40930183251e-06	10.0	0.00543056633049	0.000967577660839
249892	David B. Levine	2	0.110551156044	0.00227573943695	2040.0	0.00543056633049	0.000588731586308
106538	Stephen C. F. Chan	2	0.00232738557021	0.0	6.0	0.00387897595035	0.00077519379845
# Periodo: 2011-2015
83127	Daniel D. Garcia	10	0.0789278819941	0.0272586164321	-39166.0	0.0314318975553	0.00390148834323
48335	Stephen H. Edwards	10	0.0152114862243	0.00020080811699	344.0	0.0174621653085	0.00312258328732
14008	Mark Guzdial	7	0.0708557122447	0.00822788645839	9528.0	0.0162980209546	0.00238492817659
935984	Richard A. Brown	6	0.0165608922603	0.000124826667318	62.0	0.0174621653085	0.00219804680559
4165	Elizabeth Shoop	6	0.0165608922603	0.000124826667318	62.0	0.0174621653085	0.00219804680559
1017124	Steve Cooper	6	0.0679597022074	0.0165842629754	34022.0	0.0244470314319	0.0033050835619
160822	Tim Bell	5	0.0383710934002	0.00166616464637	11614.0	0.0081490104773	0.00165049394719
343262	Joel C. Adams	5	0.0155572018203	0.000198094493787	454.0	0.0151338766007	0.00221843946699
322904	Mehran Sahami	5	0.0683320841373	0.00582782241688	-1648.0	0.0162980209546	0.00230680786833
83885	Heidi J. C. Ellis	5	0.0093131548312	2.14828503536e-05	12.0	0.011641443539	0.00178121641817
1074884	Barbara Ericson	5	0.0735728929502	0.0159007917448	35710.0	0.0151338766007	0.00224853525419
450468	Chris Stephenson	5	0.0691850505135	0.0130745531793	-2116.0	0.0186263096624	0.00244997488729
939030	Anthony Allevato	4	0.00912689173458	3.52771016333e-05	124.0	0.0058207217695	0.00116545332608
77996	Beth Simon	4	0.0674998936675	0.00524660955394	5300.0	0.0197904540163	0.00253855556979
248238	Daniela Marghitu	4	0.0453064681383	0.00382620871562	21528.0	0.0128055878929	0.00206793357386
727533	Luke Segars	4	0.0599548334378	0.0	1664.0	0.0093131548312	0.00108527251068
27205	Jeff Gray	4	0.0617356700746	0.00881565724406	39210.0	0.0162980209546	0.00219501577273
380363	Samuel A. Rebelsky	4	0.0649510695576	0.0030208958032	6204.0	0.011641443539	0.00186306658546
117661	Janet Davis	4	0.0618121702853	0.00225022681367	7432.0	0.0093131548312	0.00172852697972
611506	Daniel Zingaro	4	0.057336116575	0.00186312846383	1256.0	0.0186263096624	0.00208825080045
83327	Henry M. Walker	4	0.0700595806464	0.00716310594075	7026.0	0.0151338766007	0.00226082099184
425419	Owen L. Astrachan	4	0.0719804060898	0.0124422789731	-4362.0	0.0174621653085	0.00228447987535
110104	Christopher D. Hundhausen	4	0.0384895227008	0.0027570411738	17546.0	0.0104772991851	0.00192067335706
1622	Tiffany Barnes	4	0.0658948763808	0.000967632806981	3438.0	0.0151338766007	0.0018670856042
679549	Michelle Craig	4	0.0526185879961	0.000646520728011	1636.0	0.0139697322468	0.00154623294364
79717	Gregory W. Hislop	4	0.00827835984995	1.40203865466e-05	18.0	0.0104772991851	0.00160768144875
182355	Ralph Morelli	3	0.0502340598391	0.00327986591083	17802.0	0.0139697322468	0.00193657597141
333994	Sue Fitzgerald	3	0.0120090680718	9.09063772859e-05	200.0	0.0139697322468	0.00185402724431
1075552	Chinma Uche	3	0.0500325189772	0.00111982184159	6794.0	0.0139697322468	0.00194409501715
385389	Lynn Lambert	3	0.0382827485957	0.0	2606.0	0.0046565774156	0.000814901818169
203138	James B. Fenwick Jr.	3	0.0069848661234	9.49768120897e-06	12.0	0.0093131548312	0.00158115606656
453705	Jeffrey A. Stone	3	0.0046565774156	8.14086960769e-06	20.0	0.0069848661234	0.00150493215227
606719	Zachary Dodds	3	0.0696681863411	0.00649180078749	9616.0	0.0128055878929	0.00193270330466
1075712	Josh Paley	3	0.0600269812518	4.52270533761e-06	1662.0	0.0104772991851	0.00120331340489
410178	Jens Mache	3	0.0155572018203	0.000184526377774	486.0	0.0128055878929	0.00171774618668
727708	Barry L. Kurtz	3	0.0069848661234	9.49768120897e-06	12.0	0.0093131548312	0.00158115606656
1049419	Brian Harvey	3	0.0599548334378	0.0	1664.0	0.0093131548312	0.00108527251068
13150	Manuel A. Pérez-Quiñones	3	0.00912689173458	2.71362320256e-06	50.0	0.0069848661234	0.00121945072144
48013	Yasmin B. Kafai	3	0.0402927475123	0.00166073739997	11110.0	0.0128055878929	0.00175586129089
611392	Nick Parlante	3	0.0656347650267	0.00843475500053	-5628.0	0.0267753201397	0.00277846731984
83167	Robert McCartney	3	0.0659820389157	0.0126468409355	58470.0	0.0197904540163	0.00228115092223
462112	Andrew Petersen	3	0.0467063870976	6.91973916654e-05	2136.0	0.0058207217695	0.000751153176934
816482	Sriram Mohan	3	0.0058207217695	1.62817392154e-05	34.0	0.0081490104773	0.00167297807558
83332	Ursula Wolz	3	0.0058207217695	1.62817392154e-05	34.0	0.0081490104773	0.00167297807558
30270	Clifford A. Shaffer	3	0.00912689173458	0.0	50.0	0.0069848661234	0.00113751255788
579282	John Barr	3	0.0488086315267	0.000559006379728	4498.0	0.0046565774156	0.000962222792863
118499	Jan Vahrenhold	3	0.0046565774156	1.35681160128e-05	28.0	0.0069848661234	0.00185287031217
726839	Ali Erkan	3	0.0609809552815	0.00329433856791	14616.0	0.0104772991851	0.00173879787748
559006	Gursimran S. Walia	3	0.0069848661234	2.17089856205e-05	44.0	0.0093131548312	0.0016743978498
1075143	Mel Chua	3	0.00745052386496	3.84429953697e-06	20.0	0.0093131548312	0.00137522419437
401430	Matti Luukkainen	2	0.0034924330617	1.35681160128e-06	6.0	0.0058207217695	0.00130707859447
727075	Ville Isomöttönen	2	0.0023282887078	0.0	4.0	0.0046565774156	0.00116279069767
153645	Kathi Fisler	2	0.00372526193248	1.08544928103e-05	30.0	0.0058207217695	0.00146306460553
12344	Peter J. Clarke	2	0.0058207217695	1.80908213504e-06	10.0	0.0081490104773	0.00128982701512
727111	Kyu Han Koh	2	0.0046565774156	0.0	8.0	0.0069848661234	0.00116279069767
727124	Vesa Lappalainen	2	0.0023282887078	0.0	4.0	0.0046565774156	0.00116279069767
1063609	Tom McKlin	2	0.0581380203033	0.00684375771687	33074.0	0.0081490104773	0.00113391462623
1075299	Rebecca Bates	2	0.0081490104773	1.22113044115e-05	14.0	0.0104772991851	0.00155726292992
14016	Martha E. Crosby	2	0.0332549476135	0.0	3000.0	0.0058207217695	0.0010441109302
55427	Suzanne W. Dietrich	2	0.0023282887078	2.71362320256e-06	8.0	0.0046565774156	0.00145136649126
1005711	Jody Paul	2	0.0654624953022	8.34439134788e-05	1524.0	0.0093131548312	0.00116465640059
161424	Yolanda Jacobs Reimer	2	0.0069848661234	0.0	12.0	0.0093131548312	0.00116279069767
61600	Deepak Kumar	2	0.0023282887078	0.0	4.0	0.0046565774156	0.00116279069767
1075371	Lester L. Wainwright	2	0.0565560333563	0.0	1764.0	0.0058207217695	0.000920523773604
1075373	Robert Glen Martin	2	0.0565560333563	0.0	1764.0	0.0058207217695	0.000920523773604
78202	Janice E. Cuny	2	0.0614315534732	1.80908213504e-06	1624.0	0.0081490104773	0.00105757847192
407779	Tariq M. King	2	0.0058207217695	1.80908213504e-06	10.0	0.0081490104773	0.00128982701512
1005609	Alex Radermacher	2	0.00419091967404	0.0	20.0	0.0046565774156	0.000871703869743
1075711	Eugene Lemon	2	0.0600269812518	4.52270533761e-06	1662.0	0.0104772991851	0.00120331340489
506154	Amine Chigani	2	0.0081490104773	2.71362320256e-05	54.0	0.0104772991851	0.0016629209148
119117	Dianna Xu	2	0.0023282887078	0.0	4.0	0.0046565774156	0.00116279069767
350565	David C. Webb	2	0.0046565774156	0.0	8.0	0.0069848661234	0.00116279069767
108907	N. Hari Narayanan	2	0.0332549476135	0.0	3000.0	0.0058207217695	0.0010441109302
727407	Zachary Kurmas	2	0.0527298323681	0.000559006379728	4194.0	0.0128055878929	0.00144918599384
49531	Murali Sitaraman	2	0.0081490104773	1.08544928103e-05	14.0	0.0104772991851	0.00150736723669
665982	Jairo Pava	2	0.0058207217695	1.80908213504e-06	10.0	0.0081490104773	0.00128982701512
1075589	Michelle Friend Hutton	2	0.063869937798	0.00014427430027	1562.0	0.0128055878929	0.00138871644374
401801	Scott Grissom	2	0.0114086146682	6.51269568615e-05	180.0	0.011641443539	0.00150206894402
1075601	Stephen Bloch	2	0.00310438494373	8.14086960769e-06	28.0	0.0046565774156	0.00121092620962
1075611	Kevin Kupzyk	2	0.0093131548312	4.07043480385e-06	16.0	0.011641443539	0.00133906986225
106929	Steven Huss-Lederman	2	0.00620876988747	0.0	24.0	0.0069848661234	0.00102079393774
811448	Michael Rogers	2	0.0489043347257	0.000559006379728	4490.0	0.0069848661234	0.00130216030887
727499	Ananda Gunawardena	2	0.0406208643487	0.0	2456.0	0.0034924330617	0.00077747550953
611594	Lillian (Boots) Cassel	2	0.00415765840679	0.0	14.0	0.0058207217695	0.00113496229524
47581	Michael E. Locasto	2	0.0106955762515	0.000103117681697	356.0	0.0069848661234	0.00124924068798
160222	Jill Denner	2	0.0034924330617	0.0	6.0	0.0058207217695	0.00116279069767
