# Periodo: 1986-1988
89855	Judith D. Wilson	4	0.0356226845255	0.0	110.0	0.025078369906	0.00305238465241
161380	Robert M. Aiken	3	0.0544235458029	0.00319394333708	918.0	0.0501567398119	0.00634860316447
727708	Barry L. Kurtz	3	0.00940438871473	3.94313992232e-05	14.0	0.0156739811912	0.00405104944859
408179	Gayle J. Yaverbaum	3	0.0356226845255	0.0	110.0	0.025078369906	0.00305238465241
409318	Jeffrey A. Brumfield	3	0.00940438871473	0.0	6.0	0.0156739811912	0.003125
788284	Carol Chrisman	3	0.00705329153605	3.94313992232e-05	18.0	0.012539184953	0.00364077669903
408433	Gordon E. Stokes	3	0.025078369906	0.000394313992232	96.0	0.0313479623824	0.00587701260092
429950	Charles M. Shub	3	0.00940438871473	0.0	6.0	0.0156739811912	0.003125
280456	G. Scott Owen	3	0.00626959247649	0.0	4.0	0.012539184953	0.003125
1049506	Ivan B. Liss	3	0.00313479623824	0.0	2.0	0.00940438871473	0.003125
1049507	Thomas C. McMillan	3	0.00313479623824	0.0	2.0	0.00940438871473	0.003125
1005589	Laurie Honour Werth	2	0.0	0.0	0.0	0.00626959247649	0.003125
157359	Gary Haggard	2	0.00626959247649	1.97156996116e-05	8.0	0.012539184953	0.00390054744526
1075743	Janet M. Cook	2	0.0	0.0	0.0	0.00626959247649	0.003125
551979	Yedidyah Langsam	2	0.00313479623824	0.0	2.0	0.00940438871473	0.003125
611382	R. Waldo Roth	2	0.0219435736677	0.00011829419767	38.0	0.0282131661442	0.00391200518093
723009	H. Willis Means	2	0.0	0.0	0.0	0.00626959247649	0.003125
294980	Joyce Currie Little	2	0.0489811912226	0.00197156996116	630.0	0.0376175548589	0.00468535645551
611397	Janet Hartman	2	0.00705329153605	3.94313992232e-05	18.0	0.012539184953	0.00364077669903
77414	Mark Smotherman	2	0.00313479623824	0.0	2.0	0.00940438871473	0.003125
1075307	Richard M. Plishka	2	0.0	0.0	0.0	0.00626959247649	0.003125
341355	A. Joe Turner	2	0.0502371192026	0.00224758975572	702.0	0.0407523510972	0.00484760196461
853613	Bruce S. Elenbogen	2	0.00626959247649	1.97156996116e-05	8.0	0.012539184953	0.00390054744526
80018	John D. McGregor	2	0.00940438871473	0.0	6.0	0.0156739811912	0.003125
48362	Michael B. Feldman	2	0.00940438871473	0.0	6.0	0.0156739811912	0.003125
128175	Mary Sumner	2	0.00313479623824	0.0	2.0	0.00940438871473	0.003125
1074882	Jean Buddington Martin	2	0.00313479623824	0.0	2.0	0.00940438871473	0.003125
80083	David A. Scanlan	2	0.0	0.0	0.0	0.00626959247649	0.003125
407766	William G. Bulgren	2	0.012539184953	7.88627984464e-05	24.0	0.0188087774295	0.00439745508982
654570	James Calhoun	2	0.0130616509927	0.0	12.0	0.0188087774295	0.00323664064845
1049324	Karl Rehmer	2	0.00313479623824	0.0	2.0	0.00940438871473	0.003125
726803	John L. Donaldson	2	0.0	0.0	0.0	0.00626959247649	0.003125
# Periodo: 1989-1991
611397	Janet Hartman	4	0.00651465798046	2.12897319623e-05	8.0	0.0130293159609	0.00405251682624
727708	Barry L. Kurtz	4	0.0130293159609	0.000106448659811	28.0	0.0195439739414	0.00517359892364
1005589	Laurie Honour Werth	3	0.0293159609121	0.0	18.0	0.0358306188925	0.00324675324675
706795	Newcomb Greenleaf	3	0.00651465798046	0.0	4.0	0.0130293159609	0.00324675324675
620275	Leslie J. Waguespack Jr.	3	0.00325732899023	0.0	2.0	0.00977198697068	0.00324675324675
429950	Charles M. Shub	3	0.0130293159609	0.0	8.0	0.0195439739414	0.00324675324675
280456	G. Scott Owen	3	0.0	0.0	0.0	0.00651465798046	0.00324675324675
910338	Cindy Hanchey	2	0.0293159609121	0.000425794639245	98.0	0.0358306188925	0.00512298475387
29745	Eugene H. Spafford	2	0.0293159609121	0.000383215175321	90.0	0.0358306188925	0.00493288114071
1075258	James L. Silver	2	0.0	0.0	0.0	0.00651465798046	0.00324675324675
294980	Joyce Currie Little	2	0.018845974872	0.0	28.0	0.0195439739414	0.00288270954486
48233	J. Paul Myers Jr.	2	0.0	0.0	0.0	0.00651465798046	0.00324675324675
1075307	Richard M. Plishka	2	0.0104234527687	2.12897319623e-05	10.0	0.0162866449511	0.00365931469009
1075336	James R. Sidbury	2	0.0104234527687	2.12897319623e-05	10.0	0.0162866449511	0.00365931469009
451752	John Beidler	2	0.0104234527687	6.38691958868e-05	24.0	0.0162866449511	0.00381036694074
944396	Dean Sanders	2	0.0043431053203	0.0	6.0	0.00977198697068	0.00284387145701
830153	Hayden S. Porter	2	0.0130293159609	6.38691958868e-05	20.0	0.0195439739414	0.00420208328234
831683	Richard Johnsonbaugh	2	0.00651465798046	2.12897319623e-05	8.0	0.0130293159609	0.00405251682624
1075396	Margaret M. Reek	2	0.0	0.0	0.0	0.00651465798046	0.00324675324675
48362	Michael B. Feldman	2	0.0162866449511	0.000127738391774	34.0	0.0228013029316	0.00467130242282
50450	Peter B. Henderson	2	0.00325732899023	0.0	2.0	0.00977198697068	0.00324675324675
280873	Steve Cunningham	2	0.00977198697068	0.0	6.0	0.0162866449511	0.00324675324675
611471	Nell B. Dale	2	0.0202956652468	0.0	26.0	0.0228013029316	0.00316274190684
1049507	Thomas C. McMillan	2	0.00651465798046	2.12897319623e-05	8.0	0.0130293159609	0.00405251682624
425419	Owen L. Astrachan	2	0.0130293159609	0.0	8.0	0.0195439739414	0.00324675324675
1049047	Robert Leeper	2	0.0	0.0	0.0	0.00651465798046	0.00324675324675
203225	Joseph E. Lang	2	0.00651465798046	2.12897319623e-05	8.0	0.0130293159609	0.00405251682624
237020	Larry Hughes	2	0.0	0.0	0.0	0.00651465798046	0.00324675324675
442845	Henry MacKay Walker	2	0.0130293159609	0.0	8.0	0.0195439739414	0.00324675324675
355297	William J. Collins	2	0.0043431053203	0.0	6.0	0.00977198697068	0.00284387145701
# Periodo: 1992-1994
425419	Owen L. Astrachan	6	0.0678480204342	0.0148129120644	3580.0	0.041394335512	0.00564602907103
1074991	David W. Brown	5	0.0348583877996	0.00073255891391	332.0	0.0392156862745	0.00479233195691
80064	David G. Kay	4	0.00653594771242	0.0	6.0	0.0108932461874	0.00217391304348
944382	G. Joy Teague	4	0.0108932461874	0.0	10.0	0.0152505446623	0.00217391304348
80678	Doug Baldwin	4	0.0148544266191	0.000347251952698	318.0	0.0130718954248	0.00247588263378
110763	Michael J. Clancy	4	0.0591757170705	0.0107648105336	5514.0	0.0348583877996	0.00462791922211
1037456	Richard E. Pattis	4	0.0465702388779	0.00380550085148	4806.0	0.0196078431373	0.00276681011938
83196	Stuart Hirshfield	4	0.0709042375709	0.0148937789575	-1614.0	0.0261437908497	0.00356068929082
159804	Valerie A. Clarke	3	0.0108932461874	0.0	10.0	0.0152505446623	0.00217391304348
944396	Dean Sanders	3	0.0205721632915	0.0010274852299	998.0	0.0261437908497	0.00342659392921
203102	Viera K. Proulx	3	0.0222816399287	0.000532770119207	366.0	0.0283224400871	0.00347470147524
49577	Richard C. Holt	3	0.0393518518519	0.00157928285336	2724.0	0.0174291938998	0.00283010141714
365026	Richard J. Reid	3	0.041532297469	0.0	758.0	0.0130718954248	0.00204709773427
78414	Roger L. Wainwright	3	0.00653594771242	0.0	6.0	0.0108932461874	0.00217391304348
117350	Vicki L. Almstrum	3	0.00871459694989	3.80550085148e-05	24.0	0.0130718954248	0.00305909919292
1049336	Greg W. Scragg	3	0.0108932461874	4.75687606435e-06	90.0	0.0108932461874	0.00215928704006
170870	David Finkel	3	0.0174291938998	0.000180761290445	92.0	0.0217864923747	0.0039097075281
453497	Harriet G. Taylor	3	0.0443401147626	0.00158879660549	2458.0	0.0196078431373	0.00331147231312
910331	Thomas J. Scott	3	0.0112044817927	8.56237691583e-05	56.0	0.0152505446623	0.00315338200364
611391	Karl J. Klee	3	0.0216362407032	0.0012272740246	1204.0	0.0174291938998	0.00315600026857
611471	Nell B. Dale	3	0.0445913335432	0.00311099694609	4158.0	0.0239651416122	0.00396576476368
611496	Judith L. Gersting	3	0.0108932461874	3.80550085148e-05	26.0	0.0152505446623	0.002784122799
83195	Rick Decker	3	0.0528212776535	0.0030824556897	3596.0	0.0152505446623	0.00232224190735
43012	Hossein Saiedian	2	0.0108932461874	0.0	10.0	0.0152505446623	0.00217391304348
1075214	Paul A. Luker	2	0.00217864923747	0.0	2.0	0.00653594771242	0.00217391304348
1075240	Hamid Chahryar	2	0.0133442265795	1.26850028383e-05	16.0	0.0174291938998	0.00253371561924
1075241	David S. Tucker	2	0.0133442265795	1.26850028383e-05	16.0	0.0174291938998	0.00253371561924
727091	Chris Nevison	2	0.0158848349466	0.0	158.0	0.0174291938998	0.00217688611714
294980	Joyce Currie Little	2	0.0241327300151	0.0013604665544	1340.0	0.0174291938998	0.0029155639805
401477	Thomas L. Naps	2	0.00871459694989	2.85412563861e-05	20.0	0.0130718954248	0.00281356880641
110736	Daniel P. Friedman	2	0.0487329434698	0.004509518509	5690.0	0.0239651416122	0.00338655747583
577563	Richard Rasala	2	0.0169033130494	0.0	58.0	0.0130718954248	0.00181389231239
1075413	Sarah L. Sullivan	2	0.0	0.0	0.0	0.00435729847495	0.00217391304348
61674	Marsha Meredith	2	0.0158848349466	0.0	158.0	0.0174291938998	0.00217688611714
944390	Herbert L. Dershem	2	0.00907770515614	3.80550085148e-05	30.0	0.0130718954248	0.00285513925065
1075475	Rosalee Nerheim-Wolfe	2	0.00697167755991	0.0	10.0	0.0108932461874	0.00221901697548
442675	Margaret Christensen	2	0.0209150326797	0.000190275042574	122.0	0.0239651416122	0.00319805170513
80182	James D. Kiper	2	0.0512727711425	0.00157928285336	2166.0	0.0217864923747	0.0030422105893
49536	Stephen J. Hartley	2	0.0	0.0	0.0	0.00435729847495	0.00217391304348
106897	David Levine	2	0.0593990216632	0.000799155178811	1226.0	0.0174291938998	0.00254053429721
1049092	Evans J. Adams	2	0.0108932461874	0.0	10.0	0.0152505446623	0.00217391304348
727567	Harriet J. Fell	2	0.0169033130494	0.0	58.0	0.0130718954248	0.00181389231239
760356	Walter Potter	2	0.05985072525	0.00234038302366	2578.0	0.0196078431373	0.0028714415953
653887	Richard M. Salter	2	0.0617283950617	0.00774419423276	8514.0	0.0239651416122	0.00320881993327
1075793	Akhtar Lodgher	2	0.0133442265795	5.70825127722e-05	42.0	0.0174291938998	0.00267804046301
524915	John Impagliazzo	2	0.017190437819	0.000761100170296	858.0	0.0152505446623	0.00251618832728
# Periodo: 1995-1997
51038	Joseph L. Zachary	6	0.0407752328215	0.00607916883891	7200.0	0.0344827586207	0.0052784080333
611535	Renée A. McCauley	5	0.0374913214534	0.00734527444701	10396.0	0.0301724137931	0.00436591369202
217164	Frances S. Grodzinsky	4	0.0193965517241	0.000521337603337	500.0	0.0193965517241	0.00257390060699
165595	John Rosenberg	4	0.00431034482759	0.0	4.0	0.00862068965517	0.00215053763441
83121	Michael Kölling	4	0.00431034482759	0.0	4.0	0.00862068965517	0.00215053763441
83366	Susan H. Rodger	4	0.0283111285266	0.000707529604528	418.0	0.0301724137931	0.00405601176365
77845	Eric S. Roberts	3	0.00215517241379	0.0	2.0	0.00646551724138	0.00215053763441
294978	David L. Feinstein	3	0.0186268472906	6.6718800427e-05	28.0	0.0215517241379	0.0027773117121
294979	John T. Gorgone	3	0.0186268472906	6.6718800427e-05	28.0	0.0215517241379	0.0027773117121
55427	Suzanne W. Dietrich	3	0.00646551724138	1.86192001192e-05	14.0	0.010775862069	0.00278781897538
217224	Gordon B. Davis	3	0.0186268472906	6.6718800427e-05	28.0	0.0215517241379	0.0027773117121
80064	David G. Kay	3	0.0400444938821	0.00311871601996	3968.0	0.0237068965517	0.00321847561614
596249	Dino Schweitzer	3	0.0249137931034	0.000316526402026	130.0	0.0237068965517	0.00342934158439
442845	Henry MacKay Walker	3	0.0137931034483	0.000139644000894	92.0	0.0172413793103	0.00321326372905
451185	Michael C. Mulder	3	0.0173850574713	0.000107060400685	30.0	0.0193965517241	0.00270019063623
80677	Donald J. Bagert	3	0.0142505277973	0.000423586802711	464.0	0.0129310344828	0.00247096160089
80678	Doug Baldwin	3	0.0494354592615	0.00501787443211	452.0	0.0193965517241	0.00257997013419
408432	Doris K. Lidtke	3	0.0173850574713	0.000107060400685	30.0	0.0193965517241	0.00270019063623
83282	David Ginat	3	0.00215517241379	0.0	2.0	0.00646551724138	0.00215053763441
273765	Laurie A. Smith King	3	0.00431034482759	0.0	4.0	0.00862068965517	0.00215053763441
83368	Frances W. Goosey	3	0.0215517241379	6.20640003972e-05	20.0	0.0258620689655	0.00309148731603
83371	Rockford J. Ross	3	0.0215517241379	6.20640003972e-05	20.0	0.0258620689655	0.00309148731603
1480	Kay G. Schulze	3	0.0148569332355	0.000418932002681	448.0	0.0129310344828	0.00219073279202
162723	Simon Holland	3	0.00862068965517	9.30960005958e-06	8.0	0.0129310344828	0.00251038760575
110114	Bill Z. Manaris	3	0.03035982009	0.0	736.0	0.00862068965517	0.00140317904437
106129	Eric Roberts	3	0.0473407364115	0.0115811424741	14856.0	0.0237068965517	0.00353921600485
79552	Thomas B. Hilburn	3	0.00689655172414	3.72384002383e-05	30.0	0.010775862069	0.00270588292633
579282	John Barr	3	0.00431034482759	0.0	4.0	0.00862068965517	0.00215053763441
1075065	Christopher M. Boroni	3	0.0215517241379	6.20640003972e-05	20.0	0.0258620689655	0.00309148731603
1075109	Richard A. Howard	3	0.0266644720599	0.00130334400834	2786.0	0.0150862068966	0.00267596882011
80540	Mark Woodman	3	0.00862068965517	9.30960005958e-06	8.0	0.0129310344828	0.00251038760575
174084	Ewan D. Tempero	2	0.00646551724138	0.0	6.0	0.010775862069	0.00215053763441
577563	Richard Rasala	2	0.0	0.0	0.0	0.00431034482759	0.00215053763441
727069	Kenneth A. Reek	2	0.0	0.0	0.0	0.00431034482759	0.00215053763441
1075255	Ted Mims	2	0.0218211206897	0.000744768004767	636.0	0.0258620689655	0.00347869320053
294981	Herbert E. Longenecker Jr.	2	0.0137250453721	4.65480002979e-06	38.0	0.0172413793103	0.00220352120191
661576	Curtis A. Carver	2	0.0228474719695	0.0	978.0	0.00862068965517	0.00161925307122
55397	Massood Towhidnejad	2	0.00574712643678	2.79288001787e-05	28.0	0.00862068965517	0.00223956245227
1075324	Lynn Ziegler	2	0.0494354592615	0.00501787443211	452.0	0.0193965517241	0.00257997013419
501720	Lee Wittenberg	2	0.02857394832	0.00192708721233	3524.0	0.0193965517241	0.00312418484089
333994	Sue Fitzgerald	2	0.00431034482759	9.30960005958e-06	8.0	0.00862068965517	0.00268424770426
110763	Michael J. Clancy	2	0.0400444938821	0.00311871601996	3968.0	0.0237068965517	0.00321847561614
788704	Sandra Honda Adams	2	0.0172413793103	2.48256001589e-05	16.0	0.0215517241379	0.00261755247198
49377	Ann E. Kelley Sobel	2	0.00862068965517	0.0	8.0	0.0129310344828	0.00215053763441
944382	G. Joy Teague	2	0.0339587045383	0.00423586802711	6424.0	0.0193965517241	0.00293933961632
325909	David Jackson	2	0.00431034482759	9.30960005958e-06	8.0	0.00862068965517	0.00268424770426
# Periodo: 1998-2000
38915	Michael T. Goodrich	6	0.0139720558882	4.39121756487e-05	14.0	0.0179640718563	0.0029171235158
38916	Roberto Tamassia	6	0.0139720558882	4.39121756487e-05	14.0	0.0179640718563	0.0029171235158
83366	Susan H. Rodger	6	0.0717629781088	0.00818529607452	3464.0	0.0259481037924	0.00408742669778
425419	Owen L. Astrachan	6	0.0914699099211	0.0368529607452	-8556.0	0.0439121756487	0.005365832588
80064	David G. Kay	5	0.072798732432	0.0133013972056	20850.0	0.0199600798403	0.0027464218091
408432	Doris K. Lidtke	5	0.0199600798403	0.000231536926148	96.0	0.0239520958084	0.00407752332186
106129	Eric Roberts	5	0.074803782266	0.0239840319361	34802.0	0.0359281437126	0.00498238234224
110763	Michael J. Clancy	4	0.0856975369649	0.0330329341317	49706.0	0.0279441117764	0.00373706093629
203102	Viera K. Proulx	4	0.00399201596806	0.0	4.0	0.00798403193613	0.00199203187251
49536	Stephen J. Hartley	4	0.00898203592814	0.0	16.0	0.0119760479042	0.0020222545783
109271	Russell L. Shackelford	4	0.06066561036	0.00222754491018	4012.0	0.0219560878244	0.00340522201471
679757	Mary Ann Robbert	4	0.054825132344	0.0144830339321	26670.0	0.0199600798403	0.00334565973865
577563	Richard Rasala	3	0.00399201596806	0.0	4.0	0.00798403193613	0.00199203187251
294979	John T. Gorgone	3	0.0133067198935	1.59680638723e-05	30.0	0.0139720558882	0.00230303719565
401477	Thomas L. Naps	3	0.00798403193613	3.99201596806e-05	28.0	0.0119760479042	0.00317423997703
727216	Denise M. Woit	3	0.00199600798403	0.0	2.0	0.0059880239521	0.00199203187251
49377	Ann E. Kelley Sobel	3	0.0390568420681	0.0	1808.0	0.0059880239521	0.00117873698798
407780	Susan A. Mengel	3	0.0615111240933	0.00306586826347	2558.0	0.0219560878244	0.00313702582314
442845	Henry MacKay Walker	3	0.0734041272963	0.00686061210912	8670.0	0.0339321357285	0.00404486727311
442872	Daniel D. McCracken	3	0.0788111277445	0.0187784431138	31724.0	0.0199600798403	0.00264261316654
225942	Steven Robbins	3	0.00199600798403	0.0	2.0	0.0059880239521	0.00199203187251
380363	Samuel A. Rebelsky	3	0.0146978769733	6.3872255489e-05	58.0	0.0179640718563	0.00258125440439
4274	Bruce W. Weide	3	0.0139720558882	1.99600798403e-05	14.0	0.0179640718563	0.00234277432649
611471	Nell B. Dale	3	0.0772590486423	0.0112754491018	-658.0	0.0239520958084	0.0032821932434
353438	Sami Khuri	3	0.00798403193613	3.99201596806e-05	28.0	0.0119760479042	0.00317423997703
83321	Ching-Kuang Shene	3	0.0119760479042	7.18562874251e-05	48.0	0.0159680638723	0.00298967794941
83332	Ursula Wolz	3	0.0795211379044	0.0109900199601	-3222.0	0.0339321357285	0.00399088136787
48526	Arturo I. Concepcion	3	0.00998003992016	4.79041916168e-05	34.0	0.0139720558882	0.00286605805777
105923	Chris McDonald	3	0.0179640718563	0.000159680638723	98.0	0.0219560878244	0.00333902602504
79552	Thomas B. Hilburn	3	0.0615111240933	0.00306586826347	2558.0	0.0219560878244	0.00313702582314
1074938	Uta Ziegler	3	0.00199600798403	0.0	2.0	0.0059880239521	0.00199203187251
1074987	Kathleen Larson	3	0.0726489408015	0.00494610778443	672.0	0.0219560878244	0.0028065975539
321371	David V. Mason	3	0.00199600798403	0.0	2.0	0.0059880239521	0.00199203187251
661444	Mário Guimarães	3	0.0457349549605	0.00105389221557	3350.0	0.0119760479042	0.00222922897886
727091	Chris Nevison	2	0.057224287244	0.00209181636727	4218.0	0.0159680638723	0.00257931093889
229455	Pamela B. Lawhead	2	0.0142571998859	7.18562874251e-05	72.0	0.0159680638723	0.00244962384818
1075325	D. S. Tomer	2	0.00998003992016	1.19760479042e-05	10.0	0.0139720558882	0.00235005736649
1075396	Margaret M. Reek	2	0.00199600798403	0.0	2.0	0.0059880239521	0.00199203187251
407762	K. Todd Stevens	2	0.0181455271276	0.000191616766467	126.0	0.0219560878244	0.00322669199792
49531	Murali Sitaraman	2	0.0122255489022	0.0	16.0	0.0159680638723	0.00202782191883
944390	Herbert L. Dershem	2	0.00399201596806	7.98403193613e-06	8.0	0.00798403193613	0.00248640474598
82189	Max Hailperin	2	0.0628245288782	0.00510978043912	8220.0	0.0199600798403	0.00281394750273
522527	Stina S. Bridgeman	2	0.00889130829251	0.0	22.0	0.00998003992016	0.00159772787475
165595	John Rosenberg	2	0.00199600798403	0.0	2.0	0.0059880239521	0.00199203187251
51512	Tracy Camp	2	0.0119760479042	6.3872255489e-05	44.0	0.0159680638723	0.00286849034029
704568	Peter J. Knoke	2	0.0465796638912	0.00798403193613	16452.0	0.0179640718563	0.00279322900365
471405	Robert Bryant	2	0.0630489021956	0.0	1120.0	0.0119760479042	0.00170973634754
385454	Eric V. Siegel	2	0.00199600798403	0.0	2.0	0.0059880239521	0.00199203187251
501491	Christopher H. Nevison	2	0.0627129400169	0.0	1126.0	0.0119760479042	0.00164761844405
111110	Scott B. Grissom	2	0.00798403193613	2.39520958084e-05	20.0	0.0119760479042	0.00257817061942
# Periodo: 2001-2003
83282	David Ginat	7	0.0843710734287	0.0247103240631	-8766.0	0.0166389351082	0.00224442966253
50450	Peter B. Henderson	6	0.0649764516766	0.0266274199086	65080.0	0.0349417637271	0.00459801839208
83332	Ursula Wolz	6	0.0789417894243	0.0353125082534	81076.0	0.0366056572379	0.00457618295396
202813	Joseph Bergin	5	0.0863912258911	0.0165235982357	17280.0	0.0249584026622	0.00358913328645
408162	Michael R. Wick	5	0.00831946755408	0.0	40.0	0.00665557404326	0.00117918683382
83394	Andrew T. Phillips	5	0.0138657792568	0.000127565169163	128.0	0.0166389351082	0.0027721220411
202530	Stuart Reges	5	0.0867578081792	0.0170432612313	-3046.0	0.0249584026622	0.00299817413208
55427	Suzanne W. Dietrich	4	0.00665557404326	5.54631170272e-06	8.0	0.00998336106489	0.00193908677188
110763	Michael J. Clancy	4	0.0883829544419	0.0148484096171	3684.0	0.0299500831947	0.00392557805538
280873	Steve Cunningham	4	0.0127991808524	3.8824181919e-05	26.0	0.0149750415973	0.00226637142149
50047	Susan Darling Urban	4	0.00665557404326	5.54631170272e-06	8.0	0.00998336106489	0.00193908677188
80842	Orit Hazzan	4	0.0731081887756	0.0130542217996	7828.0	0.018302828619	0.00263048986097
611392	Nick Parlante	4	0.0886383965068	0.0285427066001	53012.0	0.0316139767055	0.00389987856319
83127	Daniel D. Garcia	4	0.0870039296208	0.00798628828496	710.0	0.0199667221298	0.00255920424889
83321	Ching-Kuang Shene	4	0.00998336106489	4.99168053245e-05	48.0	0.0133111480865	0.00260069638482
388502	Daniel E. Stevenson	4	0.00831946755408	0.0	40.0	0.00665557404326	0.00117918683382
83366	Susan H. Rodger	4	0.08402434299	0.0230207722579	880.0	0.0232945091514	0.00303517821437
83369	Michael T. Grinder	4	0.00998336106489	1.66389351082e-05	12.0	0.0133111480865	0.00213216859172
425419	Owen L. Astrachan	4	0.0895441903397	0.0115958631558	278.0	0.0149750415973	0.00181882296342
106129	Eric Roberts	4	0.0651144059264	0.00274357552228	1884.0	0.0166389351082	0.00208288509474
51038	Joseph L. Zachary	4	0.072589077376	0.00316139767055	7888.0	0.0199667221298	0.00280692689251
577563	Richard Rasala	3	0.0686104814124	0.00210759844703	6116.0	0.0133111480865	0.00215550007107
249892	David B. Levine	3	0.0807075926088	0.00315585135885	7204.0	0.0166389351082	0.00242655770504
294979	John T. Gorgone	3	0.00998336106489	4.99168053245e-05	48.0	0.0133111480865	0.00249305370532
4274	Bruce W. Weide	3	0.0122523067615	9.98336106489e-05	106.0	0.0149750415973	0.00256081240223
83137	Michele H. Jackson	3	0.00665557404326	2.21852468109e-05	24.0	0.00998336106489	0.00233751765572
547340	David Reed	3	0.0857870914443	0.00362820343519	1298.0	0.018302828619	0.00230425574914
225942	Steven Robbins	3	0.0	0.0	0.0	0.00332778702163	0.00166112956811
80678	Doug Baldwin	3	0.0769608160385	0.00970871299157	-1796.0	0.0149750415973	0.00205071059034
611363	Raymond Lister	3	0.00665557404326	1.66389351082e-05	20.0	0.00998336106489	0.00214990307467
611435	Jeffrey L. Popyack	3	0.072847708293	0.00618968386023	13948.0	0.0249584026622	0.00291780921406
83094	Barry S. Fagin	3	0.0519811613413	0.00724902939545	23230.0	0.0166389351082	0.00282470661317
81068	Allen B. Tucker	3	0.053290851766	0.00623405435385	19402.0	0.0166389351082	0.00273132487692
343262	Joel C. Adams	3	0.00665557404326	2.77315585136e-05	28.0	0.00998336106489	0.00264695758882
83183	Lisa Meeden	3	0.01417926644	0.000194120909595	240.0	0.0149750415973	0.00265115991675
83393	Paul J. Wagner	3	0.0140599001664	0.000177481974487	210.0	0.0133111480865	0.00249651216553
48669	Laurie A. Williams	3	0.0646341099923	0.00721575152524	17700.0	0.0249584026622	0.00307198772182
501283	Jane Prey	3	0.0476965555075	0.00314475873544	11776.0	0.0149750415973	0.0023047114227
1074730	Robert Montante	3	0.017574875208	0.00026622296173	266.0	0.0199667221298	0.00301713337412
726780	A. T. Chamillard	3	0.0395217592672	0.00211314475874	10068.0	0.00831946755408	0.0021098487692
1074955	Julie Zelenski	3	0.0903354497536	0.0160491508861	-2020.0	0.0232945091514	0.00284913322712
409539	Michael J. Jipping	3	0.0133111480865	0.000116472545757	100.0	0.0166389351082	0.00322627405504
38916	Roberto Tamassia	2	0.00332778702163	5.54631170272e-06	8.0	0.00665557404326	0.0020733807018
280608	Christine Shannon	2	0.0684573330164	0.0	1792.0	0.00998336106489	0.00148738861294
561192	David J. Barnes	2	0.0601940828093	0.0	2038.0	0.0116472545757	0.00159380011894
1005610	Rick Duley	2	0.00332778702163	0.0	4.0	0.00665557404326	0.00166112956811
335916	Gary Lewandowski	2	0.0171643751642	0.000271769273433	304.0	0.018302828619	0.00277406613593
294978	David L. Feinstein	2	0.00665557404326	0.0	18.0	0.00831946755408	0.00152247554524
401477	Thomas L. Naps	2	0.0714892428703	0.00314475873544	8352.0	0.0116472545757	0.00184430580424
229455	Pamela B. Lawhead	2	0.0726750833918	0.0165002773156	43656.0	0.0166389351082	0.00228490210685
147661	Robert Cartwright	2	0.00499168053245	2.77315585136e-06	6.0	0.00831946755408	0.00186725513495
944390	Herbert L. Dershem	2	0.0135884636717	0.000133111480865	184.0	0.0149750415973	0.00234627098353
944396	Dean Sanders	2	0.0622086920717	0.00105934553522	4324.0	0.0116472545757	0.00181295496076
78124	Edward F. Gehringer	2	0.00499168053245	0.0	6.0	0.00831946755408	0.00166112956811
203102	Viera K. Proulx	2	0.0565846590246	0.0	2168.0	0.00665557404326	0.00117902019399
61807	Robert H. Sloan	2	0.0554591052285	0.000342022555001	2112.0	0.0149750415973	0.00194108611866
49551	Amer Diwan	2	0.00443704936217	0.0	12.0	0.00665557404326	0.0014920325462
1075622	Catherine Sauls Key	2	0.00499168053245	0.0	6.0	0.00831946755408	0.00166112956811
1075623	Keith Dickinson	2	0.00499168053245	0.0	6.0	0.00831946755408	0.00166112956811
567734	Frank Klassner	2	0.0516746170031	0.0	2374.0	0.00998336106489	0.00153611977274
# Periodo: 2004-2006
14008	Mark Guzdial	9	0.103382070595	0.0290279892912	18836.0	0.030888030888	0.00488981806442
408162	Michael R. Wick	7	0.066777565123	0.00546477994932	21912.0	0.011583011583	0.00203830083072
83116	Kim B. Bruce	7	0.104344261531	0.0199709545162	246.0	0.029601029601	0.00326346454246
83366	Susan H. Rodger	7	0.0966483725104	0.0165496331641	17468.0	0.033462033462	0.004118528899
13150	Manuel A. Pérez-Quiñones	6	0.0871337658902	0.0198981316157	52576.0	0.023166023166	0.00350683863997
80842	Orit Hazzan	6	0.100900900901	0.029504878925	-7416.0	0.023166023166	0.00316792549372
280873	Steve Cunningham	5	0.0671330012647	0.00548468203107	24294.0	0.014157014157	0.00232740349509
50199	James H. Cross II	5	0.0920628657855	0.0153875328489	8900.0	0.032175032175	0.00328465943452
13739	Mordechai Ben-Ari	5	0.00643500643501	2.65361090103e-05	42.0	0.00900900900901	0.00219142974801
1508	Leen-Kiat Soh	5	0.00772200772201	2.65361090103e-05	44.0	0.010296010296	0.00185087680055
450034	Andrew D. McGettrick	5	0.0868338217736	0.00527885651229	634.0	0.028314028314	0.00273321807082
106129	Eric Roberts	5	0.0977721907954	0.00717019644671	-654.0	0.015444015444	0.00176703395953
77996	Beth Simon	4	0.0807853489999	0.00458079581791	17712.0	0.015444015444	0.00223060535037
78124	Edward F. Gehringer	4	0.0848619856189	0.0142423877696	48696.0	0.020592020592	0.00298176855039
61807	Robert H. Sloan	4	0.081044900322	0.000202863678563	2490.0	0.018018018018	0.00164557900374
388502	Daniel E. Stevenson	4	0.066557322494	0.000903886213165	3032.0	0.00772200772201	0.00131781195115
506254	Thomas P. Way	4	0.002574002574	3.31701362629e-06	8.0	0.00514800514801	0.00160433828082
524915	John Impagliazzo	4	0.0892928326557	0.0110713889709	-4370.0	0.028314028314	0.00273426314396
727471	Phil Ventura	4	0.00788288288288	0.000135997558678	368.0	0.00900900900901	0.00168902717802
425419	Owen L. Astrachan	4	0.0968338780239	0.00672151671783	710.0	0.016731016731	0.00208485529546
83127	Daniel D. Garcia	4	0.100699501897	0.0197952976119	-2082.0	0.015444015444	0.00203273062228
83136	William M. Waite	4	0.00514800514801	1.10567120876e-06	8.0	0.00772200772201	0.00138224682083
83161	Amruth N. Kumar	4	0.00970200970201	0.000175801722193	426.0	0.010296010296	0.00201747604568
611604	Robb Cutler	4	0.0885095621938	0.00404808869463	84.0	0.021879021879	0.00230507285811
83284	Lillian N. Cassel	4	0.081437369573	0.00895593679099	36098.0	0.016731016731	0.00179363877702
83393	Paul J. Wagner	4	0.0809149165204	0.00898578991362	37368.0	0.01287001287	0.00194383870307
77845	Eric S. Roberts	3	0.0896100363241	0.00120427733646	1706.0	0.018018018018	0.00192261770257
249892	David B. Levine	3	0.0839441771222	0.00101011584811	2348.0	0.015444015444	0.00165224719613
115012	Ian Parberry	3	0.0565588009534	0.00184425957622	11808.0	0.00900900900901	0.00169622232584
203102	Viera K. Proulx	3	0.0706094477963	0.0181075773859	86814.0	0.01287001287	0.00182431968165
49551	Amer Diwan	3	0.00514800514801	1.10567120876e-06	8.0	0.00772200772201	0.00138224682083
442845	Henry MacKay Walker	3	0.090251253042	0.00473637792305	1080.0	0.011583011583	0.00136775489051
750082	Peter DePasquale	3	0.0704615229755	0.00184425957622	9696.0	0.00772200772201	0.00141690877162
547340	David Reed	3	0.0826379204758	0.0045675277634	17352.0	0.015444015444	0.00210116008114
12823	Mary Beth Rosson	3	0.070807649755	0.00185586912391	9654.0	0.010296010296	0.00169936992686
51811	Brad Richards	3	0.0674922414053	0.000925446801735	6536.0	0.015444015444	0.00174770838429
616210	Timothy V. Fossum	3	0.0674922414053	0.000925446801735	6536.0	0.015444015444	0.00174770838429
109271	Russell L. Shackelford	3	0.081044900322	0.000202863678563	2490.0	0.018018018018	0.00164557900374
49995	Richard J. LeBlanc	3	0.0813716942749	0.000712757597883	2480.0	0.024453024453	0.00223448405038
281539	Steven A. Wolfman	3	0.0968338780239	0.0231691060023	-12494.0	0.020592020592	0.00238022123286
50147	Richard J. Anderson	3	0.0903320509408	0.0105918868345	2854.0	0.014157014157	0.00187396057787
715792	Clifton Kussmaul	3	0.0743011052289	0.0045675277634	18996.0	0.014157014157	0.00217811249635
611392	Nick Parlante	3	0.098536036036	0.0224813836835	-19084.0	0.028314028314	0.00304563708874
611406	Michael Goldweber	3	0.052037597164	0.00725762581433	42898.0	0.011583011583	0.00206880241762
83121	Michael Kölling	3	0.0959134038982	0.00171003898913	4764.0	0.010296010296	0.00133125256791
83137	Michele H. Jackson	3	0.00514800514801	1.10567120876e-06	8.0	0.00772200772201	0.00138224682083
830760	Leo F. Denton	3	0.001287001287	0.0	2.0	0.003861003861	0.0012853470437
83252	Michal Armoni	3	0.0759795940519	0.00898578991362	39672.0	0.00900900900901	0.00159530071543
83253	Sally Fincher	3	0.0455946230912	0.0	4426.0	0.00514800514801	0.000923830663225
83282	David Ginat	3	0.0943881205808	0.0151579315147	41652.0	0.010296010296	0.00140930966499
611680	Bill Marion	3	0.076789117885	0.0	2628.0	0.00514800514801	0.000704564291172
48662	Peter J. Denning	3	0.0912304709773	0.00517653998876	310.0	0.010296010296	0.00129963930199
48669	Laurie A. Williams	3	0.0900900900901	0.0109948576812	2638.0	0.016731016731	0.00231533992056
52855	Robert F. Cohen	3	0.0587658129883	0.00458079581791	23328.0	0.01287001287	0.00233541123423
745120	Dawn McKinney	3	0.001287001287	0.0	2.0	0.003861003861	0.0012853470437
1074899	Stuart A. Hansen	3	0.0568776217029	0.0	3548.0	0.003861003861	0.000570177819549
1074953	James Caristi	3	0.0922311708418	0.0227148540293	28954.0	0.019305019305	0.0026255173125
202530	Stuart Reges	3	0.0981526273355	0.00542470750497	1132.0	0.016731016731	0.0018390616034
636746	Suzanne Westbrook	3	0.067537416935	0.00184425957622	10068.0	0.016731016731	0.00193692219443
225942	Steven Robbins	3	0.0	0.0	0.0	0.002574002574	0.0012853470437
577563	Richard Rasala	2	0.0846484067961	0.0188273693428	88816.0	0.00772200772201	0.00102721766595
727078	Mary Anne L. Egan	2	0.0585951805464	0.0	3444.0	0.00643500643501	0.0010678933009
1075248	Max B. Kazemzadeh	2	0.0489335115911	0.0	4124.0	0.00514800514801	0.000999462148043
226996	Han Reichgelt	2	0.047149953692	0.000461064894055	4280.0	0.00643500643501	0.00123719696014
49217	Kenneth J. Goldman	2	0.059740024216	0.0	3378.0	0.010296010296	0.00137983695425
61600	Deepak Kumar	2	0.00788288288288	0.000109461449668	304.0	0.00900900900901	0.00171718096865
4274	Bruce W. Weide	2	0.003861003861	6.63402725258e-06	14.0	0.00643500643501	0.00166624141845
281381	John L. Lowther	2	0.003861003861	1.65850681315e-06	6.0	0.00643500643501	0.00144484266226
147661	Robert Cartwright	2	0.00514800514801	9.95104087888e-06	20.0	0.00772200772201	0.00166354967988
147676	Timothy Roden	2	0.0489335115911	0.0	4124.0	0.00514800514801	0.000999462148043
162026	Lilly Irani	2	0.081833658476	0.0	2466.0	0.00643500643501	0.000967871222254
2331	Ashok Samal	2	0.00579150579151	0.0	16.0	0.00772200772201	0.0013048480698
726750	Jeff Lang	2	0.00579150579151	0.0	16.0	0.00772200772201	0.0013048480698
203138	James B. Fenwick Jr.	2	0.002574002574	0.0	4.0	0.00514800514801	0.0012853470437
401800	Myles F. McNally	2	0.0601316453521	0.0098150433202	53688.0	0.014157014157	0.00203230321395
117168	Donald D. Chinn	2	0.0880461613446	0.0134499676933	-9140.0	0.01287001287	0.00163072010385
567734	Frank Klassner	2	0.0518237806373	0.0	3894.0	0.00643500643501	0.00101801409222
# Periodo: 2007-2009
77996	Beth Simon	8	0.0906675993928	0.00720520316605	21004.0	0.0258717660292	0.00283914141264
83284	Lillian N. Cassel	8	0.105070021898	0.0252391277369	-16600.0	0.0258717660292	0.00305672076398
450034	Andrew D. McGettrick	7	0.105633098114	0.0186519600689	-11912.0	0.0213723284589	0.00244389832949
636747	Carol Zander	7	0.0979678733001	0.017046659245	-16244.0	0.0326209223847	0.00345044330368
83167	Robert McCartney	6	0.0983589626147	0.00776399185551	1712.0	0.0303712035996	0.00297757450356
425419	Owen L. Astrachan	6	0.0989514864859	0.0220585007909	-16164.0	0.0213723284589	0.00248095307691
727524	Jonas Boustedt	5	0.0981630284262	0.0071103763124	2008.0	0.0281214848144	0.00274980965093
13150	Manuel A. Pérez-Quiñones	5	0.0870633220317	0.00744413710527	24870.0	0.0202474690664	0.00271826039687
830383	Maureen Biggers	5	0.0875272473712	0.0140129003368	-10170.0	0.0258717660292	0.00251077534504
83127	Daniel D. Garcia	5	0.104181480486	0.0223944126152	-9718.0	0.0213723284589	0.00239412213127
83332	Ursula Wolz	5	0.00952822073711	8.36044143131e-05	202.0	0.0101237345332	0.00178701827471
83389	Joanne McGrath Cohoon	5	0.0694054088309	0.0027414864029	13100.0	0.0134983127109	0.00198157194327
1074852	Thomas J. Cortina	5	0.0101237345332	0.000157074960225	418.0	0.0123734533183	0.0021831163764
61807	Robert H. Sloan	4	0.0915094526833	0.000747372794617	4896.0	0.0112485939258	0.00131916645847
160165	Judith Gal-Ezer	4	0.00816430204289	7.85374801123e-05	230.0	0.00787401574803	0.00159540541303
524915	John Impagliazzo	4	0.0882324803401	0.0152670919322	69442.0	0.0191226096738	0.00253832556847
611461	Renée McCauley	4	0.0985556805399	0.00780861001773	-2274.0	0.0179977502812	0.00193132236218
453497	Harriet G. Taylor	4	0.0811826034102	0.00511293719252	5530.0	0.0112485939258	0.00164981843356
611392	Nick Parlante	4	0.0907510870533	0.00515302382569	696.0	0.0179977502812	0.00196124544592
83120	Stephen Cooper	4	0.0771775102114	0.00406218482006	7810.0	0.0179977502812	0.00202375704761
48335	Stephen H. Edwards	4	0.0695033008039	0.00149981252343	9676.0	0.0112485939258	0.00181007479683
83166	Josh D. Tenenberg	4	0.0952228797487	0.00840798712853	-1308.0	0.0202474690664	0.00209456218156
83232	Michael E. Caspersen	4	0.0944925029146	0.00720933853667	-7136.0	0.0179977502812	0.00202962815287
83266	Richard E. Ladner	4	0.0101237345332	6.33366775099e-05	118.0	0.0123734533183	0.00222015384896
109928	Heikki Topi	4	0.0915094526833	6.92481007442e-05	2154.0	0.0112485939258	0.00124026751233
611725	Katherine Deibel	4	0.0940416799045	0.0179291862691	65254.0	0.0179977502812	0.00209411880763
106129	Eric Roberts	4	0.0985556805399	0.00623397070728	-182.0	0.0112485939258	0.00133930462197
1074913	Jon Beck	4	0.0591926009249	0.00148967865503	11158.0	0.00787401574803	0.00136379784826
202646	Gordon Davies	4	0.0914245645083	0.0	2156.0	0.0101237345332	0.00110250717126
83335	Sarah Monisha Pulimood	3	0.00599925009374	0.0	54.0	0.0044994375703	0.000784926641744
1075225	Roshni Malani	3	0.0715727527523	1.2667335502e-06	2754.0	0.00899887514061	0.00106746548454
1075319	Carol Spradling	3	0.0751186589481	0.00868472522016	45104.0	0.0123734533183	0.00171862276372
110763	Michael J. Clancy	3	0.0798668399837	0.00343623995199	7540.0	0.0157480314961	0.00186246012289
104643	Lenore Blum	3	0.0101237345332	0.000136807223421	410.0	0.00787401574803	0.00142769997956
165591	Thomas P. Murtagh	3	0.0777866460457	0.0	2534.0	0.0101237345332	0.00110057308817
408162	Michael R. Wick	3	0.0773592468916	0.0	2548.0	0.00562429696288	0.000727890486845
340600	David J. Malan	3	0.00622999048196	0.0	52.0	0.00562429696288	0.000978314365324
82806	Tilman Wolf	3	0.0044994375703	8.44489033465e-07	8.0	0.00674915635546	0.00120830115349
117661	Janet Davis	3	0.0050107372942	0.0	22.0	0.00562429696288	0.000966371407486
104984	Susanne E. Hambrusch	3	0.0866042886994	0.0110581768617	7358.0	0.0213723284589	0.00222327495641
53747	Scott T. Leutenegger	3	0.0839486205621	0.00327640632759	4714.0	0.0146231721035	0.001835970895
80842	Orit Hazzan	3	0.00790916760405	4.81358749075e-05	154.0	0.00674915635546	0.00137705070037
44880	Kelvin Sung	3	0.0676428830061	0.00149368997794	9910.0	0.0112485939258	0.00157310126425
48977	William G. Griswold	3	0.0715727527523	1.2667335502e-06	2754.0	0.00899887514061	0.00106746548454
939034	Lijun Ni	3	0.0702964911126	0.00440823275469	23036.0	0.0179977502812	0.00182039537189
423783	Kate Sanders	3	0.0815858282615	4.83500131982e-05	2416.0	0.0134983127109	0.00132983722657
433289	Michael Kelly	3	0.0715727527523	1.2667335502e-06	2754.0	0.00899887514061	0.00106746548454
83203	Lecia Jane Barker	3	0.0713654457204	0.00341757519063	8490.0	0.0123734533183	0.00183941468928
83161	Amruth N. Kumar	3	0.0669991030183	0.0	2942.0	0.00562429696288	0.00078008807509
611667	Gloria Childress Townsend	3	0.0693077922222	0.00112611789355	2532.0	0.0112485939258	0.00156462869404
83366	Susan H. Rodger	3	0.0796731451414	0.00714521467474	15766.0	0.029246344207	0.00281598042798
122328	Elliot B. Koffman	3	0.0833804403891	0.00368619463108	17616.0	0.0123734533183	0.00165532359278
1622	Tiffany Barnes	3	0.0101237345332	9.88052169155e-05	228.0	0.0112485939258	0.00195673614687
54951	Joan Peckham	3	0.085999721239	0.0064960940664	11916.0	0.0123734533183	0.00158094864691
513712	John Nordlinger	3	0.0840201880136	0.00401807882123	7636.0	0.0157480314961	0.00200757646894
14008	Mark Guzdial	3	0.0955923186614	0.0142633794286	-4426.0	0.0101237345332	0.00125866825257
679549	Michelle Craig	3	0.00337457817773	5.06693420079e-06	14.0	0.00562429696288	0.00145655710511
339718	Michela Pedroni	3	0.00674915635546	1.2667335502e-05	8.0	0.00899887514061	0.00160171446838
202530	Stuart Reges	3	0.0887089833843	0.00440823275469	20098.0	0.0101237345332	0.00132974597899
450468	Chris Stephenson	3	0.0830992247386	0.00867265970612	7822.0	0.0168728908886	0.00220979355421
83885	Heidi J. C. Ellis	3	0.0594066790476	0.00587511020582	34968.0	0.0134983127109	0.00223868508121
83276	Brian Hanks	3	0.0845245973756	0.00369632849948	17442.0	0.0112485939258	0.00157270418326
49159	Gail E. Kaiser	2	0.00562429696288	5.06693420079e-06	10.0	0.00787401574803	0.00140244402526
106538	Stephen C. F. Chan	2	0.00337457817773	0.0	6.0	0.00562429696288	0.00112359550562
335916	Gary Lewandowski	2	0.0866042886994	0.00013136241797	2276.0	0.0112485939258	0.00114064390707
49234	André van der Hoek	2	0.00224971878515	2.5334671004e-06	8.0	0.0044994375703	0.00140244402526
280743	Christine Alvarado	2	0.0684890066296	0.00295908957326	16694.0	0.0101237345332	0.00152583073483
147679	Manuel Oriol	2	0.00578499116182	5.06693420079e-06	14.0	0.00787401574803	0.00137827338453
1075449	Kirby McMaster	2	0.00337457817773	1.2667335502e-06	6.0	0.00562429696288	0.00126301976544
1075450	Brian Rague	2	0.00337457817773	1.2667335502e-06	6.0	0.00562429696288	0.00126301976544
611371	Alison Young	2	0.0860748301659	0.00543368510888	-4194.0	0.0112485939258	0.00146978414069
42713	Edward A. Fox	2	0.0868331987136	0.00532570784961	-3714.0	0.0134983127109	0.00168335726791
217371	Chris Bennett	2	0.0611008558834	0.000747372794617	7040.0	0.00562429696288	0.00105603882198
78124	Edward F. Gehringer	2	0.0850350996893	0.00654394552032	34300.0	0.00674915635546	0.00085763793885
450882	Trishan R. de Lanerolle	2	0.050567306588	0.000747372794617	8384.0	0.00787401574803	0.00135533641776
80254	Robert R. Kessler	2	0.00337457817773	5.06693420079e-06	14.0	0.00562429696288	0.00145655710511
203138	James B. Fenwick Jr.	2	0.0113423322085	7.60040130119e-05	154.0	0.0134983127109	0.0018507945773
569747	Jessica D. Bayliss	2	0.00771332154909	0.0	42.0	0.00562429696288	0.000944718045042
340384	Monica Sweat	2	0.0770568260672	0.000154482918603	2558.0	0.0146231721035	0.00139048466804
727470	Carl Alphonce	2	0.0772379941536	6.05920881511e-05	2552.0	0.0101237345332	0.00121067256895
106929	Steven Huss-Lederman	2	0.0771171209233	0.00148967865503	8836.0	0.0157480314961	0.00160657310141
336312	David Klappholz	2	0.0819930786522	0.00249564852349	918.0	0.00899887514061	0.00119619377004
648896	Michael Panitz	2	0.0675501580123	4.01132290896e-06	2918.0	0.00899887514061	0.00115841895127
442845	Henry MacKay Walker	2	0.0934177066729	0.0101101332419	-6810.0	0.0134983127109	0.00156612392529
64933	Li Xu	2	0.0	0.0	0.0	0.00224971878515	0.00112359550562
567788	Daniel Frost	2	0.0	0.0	0.0	0.00224971878515	0.00112359550562
606719	Zachary Dodds	2	0.0854035359965	0.0051252039441	24668.0	0.0101237345332	0.00134277595043
829957	Tarsem S. Purewal Jr.	2	0.0746068739894	0.00222691758125	12888.0	0.0101237345332	0.00146571225696
547340	David Reed	2	0.079416342095	0.000926116941303	2482.0	0.0157480314961	0.00170690416431
# Periodo: 2010-2012
83127	Daniel D. Garcia	14	0.106672219598	0.0402145370552	28768.0	0.0367985280589	0.00455508210989
14008	Mark Guzdial	13	0.101490997503	0.0262820118958	-646.0	0.0294388224471	0.00383720735037
48335	Stephen H. Edwards	12	0.0757395503753	0.00750964436561	49624.0	0.015639374425	0.00250193515226
77996	Beth Simon	8	0.106512291232	0.0297244800523	9778.0	0.0294388224471	0.00374653202155
343262	Joel C. Adams	7	0.0450070942363	0.00460659290019	55886.0	0.0147194112236	0.00222306108466
1017124	Steve Cooper	7	0.0998505948729	0.0308289895875	40790.0	0.0211591536339	0.00274852338968
450468	Chris Stephenson	7	0.0990846558606	0.0375895377272	177232.0	0.017479300828	0.00224610704727
935984	Richard A. Brown	6	0.0449928424649	0.00196868736669	6316.0	0.0137994480221	0.00173823106425
4165	Elizabeth Shoop	6	0.0449928424649	0.00196868736669	6316.0	0.0137994480221	0.00173823106425
322904	Mehran Sahami	6	0.0947881230848	0.00916298039357	-4262.0	0.0147194112236	0.00184957165125
110104	Christopher D. Hundhausen	6	0.0535370747943	0.00653631313311	67458.0	0.0110395584177	0.00185818503024
1074884	Barbara Ericson	6	0.0972535225901	0.0120126547163	7912.0	0.0183992640294	0.00235995153313
606719	Zachary Dodds	5	0.0924446301263	0.00634158693836	26934.0	0.017479300828	0.00210215963972
380363	Samuel A. Rebelsky	5	0.0960699097391	0.00466255281157	13680.0	0.015639374425	0.00197339877818
117661	Janet Davis	5	0.0906169620562	0.00251999302226	14858.0	0.0137994480221	0.00185590382556
160822	Tim Bell	5	0.0531565269376	0.00198562959876	23714.0	0.0064397424103	0.00130145119393
611506	Daniel Zingaro	5	0.0888601604153	0.00424995787507	1030.0	0.0202391904324	0.00215081571163
998754	Guy-Alain Amoussou	5	0.0809153738634	0.00559139168997	1818.0	0.0110395584177	0.00142570292977
83327	Henry M. Walker	5	0.0917877238399	0.00474571421137	17818.0	0.0137994480221	0.00187958117855
83332	Ursula Wolz	5	0.0687076385417	0.00745373499977	62246.0	0.00919963201472	0.00145639259709
83366	Susan H. Rodger	5	0.0834826066417	0.0186493731574	101248.0	0.017479300828	0.00217554435663
425419	Owen L. Astrachan	5	0.102812877355	0.0219551274859	-2782.0	0.0147194112236	0.00186915059338
83885	Heidi J. C. Ellis	5	0.0681474323761	0.00142667712567	4166.0	0.00919963201472	0.00133511529127
1622	Tiffany Barnes	5	0.0986718031279	0.0155524818934	-10170.0	0.015639374425	0.00191108408183
939030	Anthony Allevato	4	0.0627317423859	0.000664135497195	9842.0	0.00459981600736	0.000877962224125
333994	Sue Fitzgerald	4	0.0706550952283	0.00262641377303	2458.0	0.0119595216191	0.00150514198601
579282	John Barr	4	0.0808693207195	0.00066695920254	7810.0	0.0064397424103	0.00095863903779
203138	James B. Fenwick Jr.	4	0.0085627344137	4.65911381961e-05	134.0	0.0101195952162	0.00168321223838
727533	Luke Segars	4	0.0854918149844	0.0	3324.0	0.00735970561178	0.000846919897339
248238	Daniela Marghitu	4	0.0621011348357	0.00459473333774	44240.0	0.0101195952162	0.00162089797102
27205	Jeff Gray	4	0.0870633557011	0.0144664072246	109002.0	0.0128794848206	0.00171979269157
727708	Barry L. Kurtz	4	0.00795111052701	2.28720132963e-05	20.0	0.00919963201472	0.00150046377263
13150	Manuel A. Pérez-Quiñones	4	0.0627317423859	1.69422320713e-06	4530.0	0.00551977920883	0.000907150681987
986103	Ariel Ortiz	4	0.0400584709625	0.0	7094.0	0.00459981600736	0.000727837537427
611392	Nick Parlante	4	0.0906169620562	0.00688897918592	-2462.0	0.0257589696412	0.00261249786311
83120	Stephen Cooper	4	0.0951053524124	0.00910564638804	19466.0	0.015639374425	0.0019800693445
83129	Colleen M. Lewis	4	0.0878166851076	0.00120795425425	7254.0	0.00735970561178	0.00104287712432
83167	Robert McCartney	4	0.089588522386	0.0202084120441	153408.0	0.0183992640294	0.00210934081656
30270	Clifford A. Shaffer	4	0.0753379620913	0.000963165893254	3772.0	0.00735970561178	0.00102198312103
679549	Michelle Craig	4	0.0776433860678	0.000656536123786	3336.0	0.0110395584177	0.00118311304437
118499	Jan Vahrenhold	4	0.00367985280589	8.47111603565e-06	28.0	0.00551977920883	0.0014645849894
1074955	Julie Zelenski	4	0.0871701819044	0.00363768537524	1118.0	0.0211591536339	0.00217244941058
726839	Ali Erkan	4	0.0865858601488	0.00272110893263	20260.0	0.00827966881325	0.00121482172447
79717	Gregory W. Hislop	4	0.0681147634248	0.00109588004448	4172.0	0.00827966881325	0.0012030491801
182355	Ralph Morelli	3	0.0712574706641	0.00586653022522	51880.0	0.0110395584177	0.00150869626467
1063609	Tom McKlin	3	0.0853890603991	0.0126754541404	99540.0	0.00827966881325	0.00105787502695
61600	Deepak Kumar	3	0.0900427100787	0.00132488254798	11024.0	0.0110395584177	0.0014113646267
620740	Mark Sherriff	3	0.0866915170861	0.00113697543956	7324.0	0.0119595216191	0.00131084975459
816482	Sriram Mohan	3	0.00459981600736	1.01653392428e-05	34.0	0.0064397424103	0.00132239075827
1075552	Chinma Uche	3	0.071008194155	0.00133617736936	13562.0	0.0110395584177	0.00153288034567
350565	David C. Webb	3	0.00459981600736	2.5413348107e-06	10.0	0.0064397424103	0.00108430955696
108907	N. Hari Narayanan	3	0.0467392751658	0.000660747050781	6080.0	0.0064397424103	0.0010661890777
385389	Lynn Lambert	3	0.0530969344186	0.0	5352.0	0.00367985280589	0.000641883144911
49531	Murali Sitaraman	3	0.00827966881325	2.03306784856e-05	10.0	0.0101195952162	0.00146446887158
401801	Scott Grissom	3	0.0670223568416	0.000307187604071	4240.0	0.00919963201472	0.00105049880205
453705	Jeffrey A. Stone	3	0.00367985280589	5.08266962139e-06	20.0	0.00551977920883	0.00118956034095
811448	Michael Rogers	3	0.070028288075	0.000664135497195	8898.0	0.00551977920883	0.00097832070235
47581	Michael E. Locasto	3	0.0582325395509	0.0150785865435	161638.0	0.00735970561178	0.0012772675112
1075709	Victor Piotrowski	3	0.0670856451861	0.000913943152569	4236.0	0.0110395584177	0.00127389949655
1075712	Josh Paley	3	0.0855432850717	2.90115554897e-05	3322.0	0.00827966881325	0.000939894925513
950821	Matthew Lang	3	0.00275988960442	5.08266962139e-06	18.0	0.00459981600736	0.00140236506974
80425	Alexander Repenning	3	0.00459981600736	2.5413348107e-06	10.0	0.0064397424103	0.00108430955696
410178	Jens Mache	3	0.0509091352577	0.0126389051252	140520.0	0.0101195952162	0.00133996464614
678482	Joseph A. Cottam	3	0.00275988960442	8.47111603565e-07	6.0	0.00459981600736	0.00103316874195
340600	David J. Malan	3	0.0787187792267	0.00012451691016	3610.0	0.0137994480221	0.00138353378413
62088	Valerie Barr	3	0.0111510691088	0.000137232079778	520.0	0.00919963201472	0.00157278253419
1049419	Brian Harvey	3	0.0854918149844	0.0	3324.0	0.00735970561178	0.000846919897339
452195	Wanda Dann	3	0.0907326925314	0.00407464177331	0.0	0.00735970561178	0.000993165240947
48013	Yasmin B. Kafai	3	0.0589818997527	0.00198224115234	21594.0	0.0101195952162	0.00137090957758
318382	David Wolber	3	0.0709018944631	0.00198224115234	18354.0	0.00827966881325	0.00120737146577
281535	Ruth E. Anderson	3	0.0598514728324	0.00264129397992	26832.0	0.00735970561178	0.00130587933981
80842	Orit Hazzan	3	0.0828015131143	0.00132488254798	11852.0	0.00735970561178	0.00114325757981
500731	Suzanne Menzel	3	0.00275988960442	8.47111603565e-07	6.0	0.00459981600736	0.00103316874195
50198	T. Dean Hendrix	3	0.0467392751658	0.000660747050781	6080.0	0.0064397424103	0.0010661890777
939034	Lijun Ni	3	0.0803661744933	5.33680310246e-05	3536.0	0.0064397424103	0.000855953153493
50227	Dennis Brylow	3	0.0118704929222	0.000164339651092	604.0	0.0110395584177	0.00158610765946
611461	Renée McCauley	3	0.0687408788119	0.000557117064611	4134.0	0.00551977920883	0.00080929300291
83121	Michael Kölling	3	0.0755784023958	0.00132657677118	12840.0	0.0064397424103	0.00115125320096
453497	Harriet G. Taylor	3	0.0670856451861	0.000913943152569	4236.0	0.0110395584177	0.00127389949655
462112	Andrew Petersen	3	0.0716166313025	0.000133418977417	3968.0	0.00459981600736	0.000578540283514
83166	Josh D. Tenenberg	3	0.0878166851076	0.00139152199412	3236.0	0.0110395584177	0.00120826096361
611551	Joseph Mertz	3	0.0598262722123	0.00198224115234	21322.0	0.0064397424103	0.00107597136648
832871	Youwen Ouyang	3	0.0683769954303	0.000985190794946	9094.0	0.00551977920883	0.000924347518885
83323	Allison Elliott Tew	3	0.0794228040828	0.0	3578.0	0.00551977920883	0.000743553930692
83351	Scott A. Turner	3	0.0627040584749	0.0	4532.0	0.00459981600736	0.000739127980861
46494	Sarah A. Douglas	3	0.00919963201472	4.06613569711e-05	116.0	0.0110395584177	0.00145326220184
1462	Mladen A. Vouk	3	0.0128794848206	9.14880531851e-05	220.0	0.0147194112236	0.00183251955511
726698	Paul Denny	3	0.083580821473	0.00393906895658	28372.0	0.00919963201472	0.00133590962026
257898	Jason Nieh	3	0.00275988960442	3.38844641426e-06	14.0	0.00459981600736	0.00119148513194
559006	Gursimran S. Walia	3	0.00551977920883	1.3553785657e-05	44.0	0.00735970561178	0.00132351300627
1075143	Mel Chua	3	0.0680821257806	0.00076338874008	4174.0	0.00735970561178	0.00102533112237
54951	Joan Peckham	3	0.0670539860803	0.000331245573613	4222.0	0.0101195952162	0.0011884984578
727075	Ville Isomöttönen	2	0.00183992640294	0.0	4.0	0.00367985280589	0.000919117647059
153645	Kathi Fisler	2	0.00294388224471	6.77689282852e-06	30.0	0.00459981600736	0.00115646650805
12344	Peter J. Clarke	2	0.00459981600736	1.12948213809e-06	10.0	0.0064397424103	0.00101953238327
727111	Kyu Han Koh	2	0.00383318000613	0.0	12.0	0.00551977920883	0.00090834426163
727124	Vesa Lappalainen	2	0.00183992640294	0.0	4.0	0.00367985280589	0.000919117647059
1075299	Rebecca Bates	2	0.0064397424103	7.62400443209e-06	14.0	0.00827966881325	0.0012309247424
727142	Michael Wrinn	2	0.044907521019	0.0	6328.0	0.00827966881325	0.00102401568377
14016	Martha E. Crosby	2	0.0467085458593	0.0	6084.0	0.00459981600736	0.000741005227838
55427	Suzanne W. Dietrich	2	0.00183992640294	1.69422320713e-06	8.0	0.00367985280589	0.00114721983684
1005711	Jody Paul	2	0.0951690532513	0.000365703320413	2986.0	0.00735970561178	0.00085087695069
161424	Yolanda Jacobs Reimer	2	0.0065711657248	0.0	28.0	0.00735970561178	0.000921661192537
277766	Keith Hellman	2	0.00473123932186	1.3553785657e-05	50.0	0.0064397424103	0.00134378327553
1075373	Robert Glen Martin	2	0.0767625048645	0.0	3702.0	0.00459981600736	0.000671570827263
80064	David G. Kay	2	0.0797795600809	0.0	3562.0	0.0064397424103	0.000816539115697
727233	Matthew C. Jadud	2	0.0833357164247	0.00521820747796	40492.0	0.00735970561178	0.000993569161318
105848	William M. Jones	2	0.00183992640294	0.0	4.0	0.00367985280589	0.000919117647059
