# Periodo: 1986-1988
89855	Judith D. Wilson	4	0.0356226845255	0.0	110.0	0.025078369906	0.00305238465241
161380	Robert M. Aiken	3	0.0544235458029	0.00319394333708	918.0	0.0501567398119	0.00634860316447
727708	Barry L. Kurtz	3	0.00940438871473	3.94313992232e-05	14.0	0.0156739811912	0.00405104944859
408179	Gayle J. Yaverbaum	3	0.0356226845255	0.0	110.0	0.025078369906	0.00305238465241
409318	Jeffrey A. Brumfield	3	0.00940438871473	0.0	6.0	0.0156739811912	0.003125
788284	Carol Chrisman	3	0.00705329153605	3.94313992232e-05	18.0	0.012539184953	0.00364077669903
408433	Gordon E. Stokes	3	0.025078369906	0.000394313992232	96.0	0.0313479623824	0.00587701260092
429950	Charles M. Shub	3	0.00940438871473	0.0	6.0	0.0156739811912	0.003125
280456	G. Scott Owen	3	0.00626959247649	0.0	4.0	0.012539184953	0.003125
1049506	Ivan B. Liss	3	0.00313479623824	0.0	2.0	0.00940438871473	0.003125
1049507	Thomas C. McMillan	3	0.00313479623824	0.0	2.0	0.00940438871473	0.003125
1005589	Laurie Honour Werth	2	0.0	0.0	0.0	0.00626959247649	0.003125
157359	Gary Haggard	2	0.00626959247649	1.97156996116e-05	8.0	0.012539184953	0.00390054744526
1075743	Janet M. Cook	2	0.0	0.0	0.0	0.00626959247649	0.003125
551979	Yedidyah Langsam	2	0.00313479623824	0.0	2.0	0.00940438871473	0.003125
611382	R. Waldo Roth	2	0.0219435736677	0.00011829419767	38.0	0.0282131661442	0.00391200518093
723009	H. Willis Means	2	0.0	0.0	0.0	0.00626959247649	0.003125
294980	Joyce Currie Little	2	0.0489811912226	0.00197156996116	630.0	0.0376175548589	0.00468535645551
611397	Janet Hartman	2	0.00705329153605	3.94313992232e-05	18.0	0.012539184953	0.00364077669903
77414	Mark Smotherman	2	0.00313479623824	0.0	2.0	0.00940438871473	0.003125
1075307	Richard M. Plishka	2	0.0	0.0	0.0	0.00626959247649	0.003125
341355	A. Joe Turner	2	0.0502371192026	0.00224758975572	702.0	0.0407523510972	0.00484760196461
853613	Bruce S. Elenbogen	2	0.00626959247649	1.97156996116e-05	8.0	0.012539184953	0.00390054744526
80018	John D. McGregor	2	0.00940438871473	0.0	6.0	0.0156739811912	0.003125
48362	Michael B. Feldman	2	0.00940438871473	0.0	6.0	0.0156739811912	0.003125
128175	Mary Sumner	2	0.00313479623824	0.0	2.0	0.00940438871473	0.003125
1074882	Jean Buddington Martin	2	0.00313479623824	0.0	2.0	0.00940438871473	0.003125
80083	David A. Scanlan	2	0.0	0.0	0.0	0.00626959247649	0.003125
407766	William G. Bulgren	2	0.012539184953	7.88627984464e-05	24.0	0.0188087774295	0.00439745508982
654570	James Calhoun	2	0.0130616509927	0.0	12.0	0.0188087774295	0.00323664064845
1049324	Karl Rehmer	2	0.00313479623824	0.0	2.0	0.00940438871473	0.003125
726803	John L. Donaldson	2	0.0	0.0	0.0	0.00626959247649	0.003125
# Periodo: 1989-1991
611397	Janet Hartman	4	0.00651465798046	2.12897319623e-05	8.0	0.0130293159609	0.00405251682624
727708	Barry L. Kurtz	4	0.0130293159609	0.000106448659811	28.0	0.0195439739414	0.00517359892364
1005589	Laurie Honour Werth	3	0.0293159609121	0.0	18.0	0.0358306188925	0.00324675324675
706795	Newcomb Greenleaf	3	0.00651465798046	0.0	4.0	0.0130293159609	0.00324675324675
620275	Leslie J. Waguespack Jr.	3	0.00325732899023	0.0	2.0	0.00977198697068	0.00324675324675
429950	Charles M. Shub	3	0.0130293159609	0.0	8.0	0.0195439739414	0.00324675324675
280456	G. Scott Owen	3	0.0	0.0	0.0	0.00651465798046	0.00324675324675
910338	Cindy Hanchey	2	0.0293159609121	0.000425794639245	98.0	0.0358306188925	0.00512298475387
29745	Eugene H. Spafford	2	0.0293159609121	0.000383215175321	90.0	0.0358306188925	0.00493288114071
1075258	James L. Silver	2	0.0	0.0	0.0	0.00651465798046	0.00324675324675
294980	Joyce Currie Little	2	0.018845974872	0.0	28.0	0.0195439739414	0.00288270954486
48233	J. Paul Myers Jr.	2	0.0	0.0	0.0	0.00651465798046	0.00324675324675
1075307	Richard M. Plishka	2	0.0104234527687	2.12897319623e-05	10.0	0.0162866449511	0.00365931469009
1075336	James R. Sidbury	2	0.0104234527687	2.12897319623e-05	10.0	0.0162866449511	0.00365931469009
451752	John Beidler	2	0.0104234527687	6.38691958868e-05	24.0	0.0162866449511	0.00381036694074
944396	Dean Sanders	2	0.0043431053203	0.0	6.0	0.00977198697068	0.00284387145701
830153	Hayden S. Porter	2	0.0130293159609	6.38691958868e-05	20.0	0.0195439739414	0.00420208328234
831683	Richard Johnsonbaugh	2	0.00651465798046	2.12897319623e-05	8.0	0.0130293159609	0.00405251682624
1075396	Margaret M. Reek	2	0.0	0.0	0.0	0.00651465798046	0.00324675324675
48362	Michael B. Feldman	2	0.0162866449511	0.000127738391774	34.0	0.0228013029316	0.00467130242282
50450	Peter B. Henderson	2	0.00325732899023	0.0	2.0	0.00977198697068	0.00324675324675
280873	Steve Cunningham	2	0.00977198697068	0.0	6.0	0.0162866449511	0.00324675324675
611471	Nell B. Dale	2	0.0202956652468	0.0	26.0	0.0228013029316	0.00316274190684
1049507	Thomas C. McMillan	2	0.00651465798046	2.12897319623e-05	8.0	0.0130293159609	0.00405251682624
425419	Owen L. Astrachan	2	0.0130293159609	0.0	8.0	0.0195439739414	0.00324675324675
1049047	Robert Leeper	2	0.0	0.0	0.0	0.00651465798046	0.00324675324675
203225	Joseph E. Lang	2	0.00651465798046	2.12897319623e-05	8.0	0.0130293159609	0.00405251682624
237020	Larry Hughes	2	0.0	0.0	0.0	0.00651465798046	0.00324675324675
442845	Henry MacKay Walker	2	0.0130293159609	0.0	8.0	0.0195439739414	0.00324675324675
355297	William J. Collins	2	0.0043431053203	0.0	6.0	0.00977198697068	0.00284387145701
# Periodo: 1990-1992
727708	Barry L. Kurtz	4	0.0125786163522	9.9200444418e-05	28.0	0.0188679245283	0.00499519896075
611397	Janet Hartman	3	0.0062893081761	1.98400888836e-05	8.0	0.0125786163522	0.00391277486671
48362	Michael B. Feldman	3	0.0157232704403	0.000119040533302	34.0	0.0220125786164	0.00451022302893
425419	Owen L. Astrachan	3	0.0125786163522	0.0	8.0	0.0188679245283	0.00313479623824
910338	Cindy Hanchey	2	0.0283018867925	0.000396801777672	98.0	0.0345911949686	0.00494633010719
1005589	Laurie Honour Werth	2	0.0283018867925	0.0	18.0	0.0345911949686	0.00313479623824
29745	Eugene H. Spafford	2	0.0283018867925	0.000357121599905	90.0	0.0345911949686	0.00476278179103
294980	Joyce Currie Little	2	0.0181940700809	0.0	28.0	0.0188679245283	0.00278330576745
1074780	Henry A. Etlinger	2	0.0062893081761	0.0	4.0	0.0125786163522	0.00313479623824
161380	Robert M. Aiken	2	0.0157232704403	0.000119040533302	34.0	0.0220125786164	0.00451022302893
48233	J. Paul Myers Jr.	2	0.0	0.0	0.0	0.0062893081761	0.00313479623824
452258	Roger Alan Pick	2	0.0125786163522	5.95202666508e-05	20.0	0.0188679245283	0.00405718385881
110762	Marcia C. Linn	2	0.00314465408805	0.0	2.0	0.00943396226415	0.00313479623824
110763	Michael J. Clancy	2	0.00314465408805	0.0	2.0	0.00943396226415	0.00313479623824
944396	Dean Sanders	2	0.0041928721174	0.0	6.0	0.00943396226415	0.00274580692401
830153	Hayden S. Porter	2	0.0125786163522	5.95202666508e-05	20.0	0.0188679245283	0.00405718385881
80064	David G. Kay	2	0.0	0.0	0.0	0.0062893081761	0.00313479623824
831683	Richard Johnsonbaugh	2	0.0062893081761	1.98400888836e-05	8.0	0.0125786163522	0.00391277486671
206537	Allan L. Fisher	2	0.00314465408805	0.0	2.0	0.00943396226415	0.00313479623824
80678	Doug Baldwin	2	0.00314465408805	0.0	2.0	0.00943396226415	0.00313479623824
280873	Steve Cunningham	2	0.00943396226415	0.0	6.0	0.0157232704403	0.00313479623824
611471	Nell B. Dale	2	0.0195936139332	0.0	26.0	0.0220125786164	0.00305368184109
726883	Adel M. Abunawass	2	0.00943396226415	0.0	6.0	0.0157232704403	0.00313479623824
429950	Charles M. Shub	2	0.0125786163522	0.0	8.0	0.0188679245283	0.00313479623824
804672	James Roberge	2	0.00314465408805	0.0	2.0	0.00943396226415	0.00313479623824
280456	G. Scott Owen	2	0.0	0.0	0.0	0.0062893081761	0.00313479623824
1049009	Mark Temte	2	0.0	0.0	0.0	0.0062893081761	0.00313479623824
105923	Chris McDonald	2	0.0	0.0	0.0	0.0062893081761	0.00313479623824
237020	Larry Hughes	2	0.0	0.0	0.0	0.0062893081761	0.00313479623824
442845	Henry MacKay Walker	2	0.0125786163522	0.0	8.0	0.0188679245283	0.00313479623824
355297	William J. Collins	2	0.00314465408805	0.0	2.0	0.00943396226415	0.00313479623824
# Periodo: 1993-1995
425419	Owen L. Astrachan	6	0.0779375386518	0.0229563674067	3972.0	0.0371057513915	0.00508533848033
80678	Doug Baldwin	5	0.067405438834	0.00502789828334	-286.0	0.0222634508349	0.00315349873362
1074991	David W. Brown	5	0.0296846011132	0.000531067445566	332.0	0.0333951762523	0.00408235685226
80064	David G. Kay	4	0.0526160598493	0.00287604058183	6504.0	0.0185528756957	0.00266336469992
944382	G. Joy Teague	4	0.0472348719102	0.00188977246864	1584.0	0.0185528756957	0.00247290972454
1049336	Greg W. Scragg	4	0.0657469570349	0.00323767222333	284.0	0.0185528756957	0.0026129718944
611471	Nell B. Dale	4	0.0694063423987	0.0152733617949	19746.0	0.0278293135436	0.00393010298752
1037456	Richard E. Pattis	4	0.0537500266564	0.00472443117159	9672.0	0.0166975881262	0.00222884568526
83195	Rick Decker	4	0.0705849406658	0.00748736128449	4510.0	0.0222634508349	0.00309176652674
83196	Stuart Hirshfield	4	0.0882311758323	0.0276417156927	-18320.0	0.0222634508349	0.00300181090671
83366	Susan H. Rodger	4	0.0189745319615	0.000262085232877	238.0	0.0185528756957	0.00307179717519
77845	Eric S. Roberts	3	0.0	0.0	0.0	0.00371057513915	0.00185185185185
159804	Valerie A. Clarke	3	0.040269126537	0.0	1858.0	0.012987012987	0.00171896054448
1075324	Lynn Ziegler	3	0.0663298201292	0.00407726456585	5328.0	0.0222634508349	0.00322619911846
110763	Michael J. Clancy	3	0.0659788687	0.010988038338	-5934.0	0.0278293135436	0.0033775490601
944396	Dean Sanders	3	0.0175187809848	0.000744873819754	998.0	0.0222634508349	0.00291895021631
596249	Dino Schweitzer	3	0.0198780811026	0.000200012414564	110.0	0.0204081632653	0.00315058207567
203102	Viera K. Proulx	3	0.0204081632653	0.000193115434751	134.0	0.0241187384045	0.00292168207319
401477	Thomas L. Naps	3	0.0189745319615	0.000172424495314	114.0	0.0185528756957	0.00292623131944
49577	Richard C. Holt	3	0.0513168978777	0.00193115434751	4926.0	0.0148423005566	0.00240966528055
442845	Henry MacKay Walker	3	0.0686422358768	0.00569000834535	9226.0	0.0204081632653	0.00338038852614
365026	Richard J. Reid	3	0.0560030217857	0.0	1336.0	0.0111317254174	0.00161464690195
117350	Vicki L. Almstrum	3	0.00742115027829	2.75879192502e-05	24.0	0.0111317254174	0.00260589931249
726801	Nira Herrmann	3	0.00185528756957	0.0	2.0	0.00556586270872	0.00185185185185
727708	Barry L. Kurtz	3	0.0668036045587	0.00193115434751	3912.0	0.0166975881262	0.00243482938022
80677	Donald J. Bagert	3	0.0612275262731	0.00193115434751	4218.0	0.00927643784787	0.00175727398237
170870	David Finkel	3	0.0148423005566	0.000131042616438	92.0	0.0185528756957	0.00333049159801
453497	Harriet G. Taylor	3	0.0680182155507	0.00541068066294	2480.0	0.0222634508349	0.00312562500122
910331	Thomas J. Scott	3	0.00927643784787	4.13818788752e-05	34.0	0.012987012987	0.00266437249075
611391	Karl J. Klee	3	0.0184249248289	0.000889710395818	1204.0	0.0148423005566	0.00268844479084
611435	Jeffrey L. Popyack	3	0.00185528756957	0.0	2.0	0.00556586270872	0.00185185185185
611441	Barbara Boucher Owens	3	0.078924089774	0.0066004096806	9952.0	0.0204081632653	0.0029942121863
611496	Judith L. Gersting	3	0.00927643784787	2.75879192502e-05	26.0	0.012987012987	0.00237166016211
81068	Allen B. Tucker	3	0.0777755063469	0.00398783372761	2204.0	0.0185528756957	0.00260723095048
83117	Robert D. Cupper	3	0.0894976520404	0.0285065969612	1576.0	0.0241187384045	0.00332787413585
654833	Lee H. Tichenor	3	0.00662602703419	0.0	14.0	0.00927643784787	0.00180753254428
579282	John Barr	3	0.0725000359552	0.00288983454145	4952.0	0.0185528756957	0.00291502137566
51038	Joseph L. Zachary	3	0.012987012987	8.27637577505e-05	62.0	0.0166975881262	0.00281961787085
1075145	Keith Barker	3	0.0829490433545	0.026747867109	41024.0	0.025974025974	0.00344985036325
43012	Hossein Saiedian	2	0.0467625231911	0.0	1600.0	0.012987012987	0.00174849664562
1075214	Paul A. Luker	2	0.00185528756957	0.0	2.0	0.00556586270872	0.00185185185185
727091	Chris Nevison	2	0.0135271600009	0.0	158.0	0.0148423005566	0.00185438434093
294978	David L. Feinstein	2	0.0136616630123	2.75879192502e-05	22.0	0.0166975881262	0.0022018930488
294979	John T. Gorgone	2	0.0136616630123	2.75879192502e-05	22.0	0.0166975881262	0.0022018930488
294980	Joyce Currie Little	2	0.0205508776937	0.000986268113193	1340.0	0.0148423005566	0.00248362862608
217224	Gordon B. Davis	2	0.0136616630123	2.75879192502e-05	22.0	0.0166975881262	0.0022018930488
110736	Daniel P. Friedman	2	0.0628739807611	0.00562793552703	10410.0	0.0204081632653	0.0028808703181
1075413	Sarah L. Sullivan	2	0.0	0.0	0.0	0.00371057513915	0.00185185185185
944359	B. Lewis Barnett III	2	0.0	0.0	0.0	0.00371057513915	0.00185185185185
944390	Herbert L. Dershem	2	0.00773036487322	2.75879192502e-05	30.0	0.0111317254174	0.00243215565796
442675	Margaret Christensen	2	0.0168662506325	0.000110351677001	90.0	0.0204081632653	0.00263852763878
727364	David M. Arnow	2	0.0	0.0	0.0	0.00371057513915	0.00185185185185
106897	David Levine	2	0.0722201130364	0.000972474153568	2352.0	0.0148423005566	0.00218431321107
1075602	William E. Toll	2	0.0	0.0	0.0	0.00371057513915	0.00185185185185
# Periodo: 1994-1996
80678	Doug Baldwin	5	0.0428810720268	0.00198103483818	302.0	0.0203703703704	0.00290627073894
425419	Owen L. Astrachan	5	0.0664072632944	0.0168006596578	24386.0	0.0333333333333	0.00435666928156
1074991	David W. Brown	5	0.0296296296296	0.000529100529101	332.0	0.0333333333333	0.00407481090642
944382	G. Joy Teague	4	0.0213507625272	0.000790215075929	676.0	0.0240740740741	0.00343970763731
83366	Susan H. Rodger	4	0.0181481481481	0.0002405002405	216.0	0.0185185185185	0.00316329367959
579282	John Barr	4	0.0588505747126	0.00192056620628	2860.0	0.0185185185185	0.00276595942166
77845	Eric S. Roberts	3	0.00185185185185	0.0	2.0	0.00555555555556	0.00184842883549
727069	Kenneth A. Reek	3	0.0344086021505	0.0	992.0	0.00925925925926	0.00147715824808
1075324	Lynn Ziegler	3	0.0419328419328	0.0026159554731	3796.0	0.0222222222222	0.00328892232006
596249	Dino Schweitzer	3	0.0191033138402	0.000182093039236	100.0	0.0203703703704	0.00324836877266
203102	Viera K. Proulx	3	0.00925925925926	1.03071531643e-05	10.0	0.012962962963	0.00218064472824
401477	Thomas L. Naps	3	0.0172839506173	0.000171785886072	170.0	0.0166666666667	0.00284025789893
442845	Henry MacKay Walker	3	0.0479400749064	0.00377241805813	6028.0	0.0203703703704	0.00341349369705
727567	Harriet J. Fell	3	0.00925925925926	1.03071531643e-05	10.0	0.012962962963	0.00218064472824
1049336	Greg W. Scragg	3	0.0467579908676	0.00151354818021	214.0	0.0166666666667	0.00232445363799
80677	Donald J. Bagert	3	0.0445604873803	0.00129182986326	2666.0	0.00925925925926	0.00177229886619
170870	David Finkel	3	0.0148148148148	0.000130557273414	92.0	0.0185185185185	0.0033243354213
50199	James H. Cross II	3	0.00740740740741	2.06143063286e-05	20.0	0.0111111111111	0.00239231358771
611441	Barbara Boucher Owens	3	0.0584474885845	0.00436336150622	6212.0	0.0203703703704	0.00309823209944
80064	David G. Kay	3	0.0423490488007	0.00191713048856	3764.0	0.0185185185185	0.00273394091792
81068	Allen B. Tucker	3	0.0503441494592	0.00288623193385	1544.0	0.0185185185185	0.00271623747346
83117	Robert D. Cupper	3	0.0620606060606	0.0111848645182	5322.0	0.0240740740741	0.0034984484163
83121	Michael Kölling	3	0.0037037037037	0.0	4.0	0.00740740740741	0.00184842883549
611535	Renée A. McCauley	3	0.0234169653524	0.00107881536453	1228.0	0.0259259259259	0.00383078215305
83195	Rick Decker	3	0.0565121412804	0.00618383380288	2926.0	0.0222222222222	0.00315565018457
83196	Stuart Hirshfield	3	0.070523415978	0.0178107606679	22538.0	0.0222222222222	0.00305145058035
83371	Rockford J. Ross	3	0.0185185185185	0.000128266794933	84.0	0.0222222222222	0.00300804467457
654833	Lee H. Tichenor	3	0.00592592592593	0.0	10.0	0.00925925925926	0.0018867796834
1074741	John T. Paxton	3	0.0102880658436	0.0	36.0	0.00740740740741	0.00117624032558
14008	Mark Guzdial	3	0.0430976430976	0.00252868824297	4664.0	0.0240740740741	0.00297407693126
165595	John Rosenberg	3	0.0037037037037	0.0	4.0	0.00740740740741	0.00184842883549
51038	Joseph L. Zachary	3	0.012962962963	8.24572253144e-05	62.0	0.0166666666667	0.00281440600788
1075214	Paul A. Luker	2	0.00185185185185	0.0	2.0	0.00555555555556	0.00184842883549
159804	Valerie A. Clarke	2	0.0159544159544	0.0	182.0	0.012962962963	0.00175212122058
294978	David L. Feinstein	2	0.0136363636364	2.74857417715e-05	22.0	0.0166666666667	0.00219782300619
294979	John T. Gorgone	2	0.0136363636364	2.74857417715e-05	22.0	0.0166666666667	0.00219782300619
294980	Joyce Currie Little	2	0.0111111111111	6.18429189858e-05	48.0	0.0148148148148	0.00277415587912
661576	Curtis A. Carver	2	0.0037037037037	0.0	4.0	0.00740740740741	0.00184842883549
217224	Gordon B. Davis	2	0.0136363636364	2.74857417715e-05	22.0	0.0166666666667	0.00219782300619
333994	Sue Fitzgerald	2	0.0037037037037	6.87143544286e-06	8.0	0.00740740740741	0.00230716299904
110763	Michael J. Clancy	2	0.0540084388186	0.00692640692641	10664.0	0.0240740740741	0.00286094502342
49377	Ann E. Kelley Sobel	2	0.0395978344934	0.0	862.0	0.0111111111111	0.00156523926908
727274	Chuck Leska	2	0.0445604873803	3.43571772143e-06	766.0	0.00925925925926	0.0015566034539
80182	James D. Kiper	2	0.0503441494592	0.00252868824297	4094.0	0.0222222222222	0.00289380635263
51512	Tracy Camp	2	0.0037037037037	6.87143544286e-06	8.0	0.00740740740741	0.00230716299904
727364	David M. Arnow	2	0.0	0.0	0.0	0.0037037037037	0.00184842883549
1075558	Richard T. Denman	2	0.0438731790917	0.0	778.0	0.00925925925926	0.00150755644853
106897	David Levine	2	0.0584474885845	0.000652786367072	1356.0	0.0148148148148	0.00214533109027
1075602	William E. Toll	2	0.0	0.0	0.0	0.0037037037037	0.00184842883549
1075603	Danielle R. Bernstein	2	0.0204486176317	0.000274857417715	142.0	0.0185185185185	0.00252362408769
577563	Richard Rasala	2	0.00771604938272	0.0	12.0	0.0111111111111	0.00182676258161
365026	Richard J. Reid	2	0.0434266327396	0.0	786.0	0.0111111111111	0.00166846657862
111080	Michael B. O'Neal	2	0.0037037037037	0.0	4.0	0.00740740740741	0.00184842883549
111110	Scott B. Grissom	2	0.0181481481481	9.27643784787e-05	40.0	0.0185185185185	0.00283935197236
# Periodo: 1997-1999
425419	Owen L. Astrachan	6	0.0745246361267	0.0167201873627	-4552.0	0.0340681362725	0.00508893477219
51038	Joseph L. Zachary	6	0.0603564543536	0.00276054116265	3290.0	0.0200400801603	0.0032216809579
83366	Susan H. Rodger	6	0.0620068261523	0.00991541315563	3346.0	0.0360721442886	0.0050546760328
110763	Michael J. Clancy	5	0.0731509101152	0.0128449670425	200.0	0.0340681362725	0.00482636013492
106129	Eric Roberts	5	0.0678365277564	0.0124023146695	-1556.0	0.0340681362725	0.00507276528164
38915	Michael T. Goodrich	4	0.0100200400802	1.2072337446e-05	10.0	0.0140280561122	0.00235945759595
38916	Roberto Tamassia	4	0.0100200400802	1.2072337446e-05	10.0	0.0140280561122	0.00235945759595
577563	Richard Rasala	4	0.00400801603206	0.0	4.0	0.00801603206413	0.002
80064	David G. Kay	4	0.059452237809	0.0	534.0	0.0120240480962	0.00171236507508
203102	Viera K. Proulx	4	0.00400801603206	0.0	4.0	0.00801603206413	0.002
408432	Doris K. Lidtke	4	0.0222667557337	0.000796774271434	744.0	0.0180360721443	0.00281142834308
611535	Renée A. McCauley	4	0.0499174449528	0.00187523641661	120.0	0.0180360721443	0.00252423091008
110114	Bill Z. Manaris	4	0.0513713511165	0.00203217680341	36.0	0.0160320641283	0.00236337889245
294979	John T. Gorgone	3	0.017813404587	0.000515086397695	546.0	0.0180360721443	0.00283623482585
217164	Frances S. Grodzinsky	3	0.0154154462772	7.24340246759e-05	68.0	0.0180360721443	0.002735615373
13007	Fintan Culwin	3	0.00200400801603	0.0	2.0	0.0060120240481	0.002
944390	Herbert L. Dershem	3	0.0167000668003	0.000136819824388	100.0	0.0200400801603	0.00318754371029
49536	Stephen J. Hartley	3	0.00981963927856	0.0	20.0	0.0120240480962	0.00209011007768
442845	Henry MacKay Walker	3	0.0512056370806	0.00228569588977	-142.0	0.0200400801603	0.00286189936987
451185	Michael C. Mulder	3	0.0167000668003	2.4144674892e-05	96.0	0.0120240480962	0.00192440472104
109271	Russell L. Shackelford	3	0.0502333781487	0.0014084393687	2240.0	0.0140280561122	0.00263485723137
611471	Nell B. Dale	3	0.0579333850182	0.00342854383466	4102.0	0.0220440881764	0.00356775260601
353438	Sami Khuri	3	0.00981963927856	8.85304746038e-05	76.0	0.0120240480962	0.00263235541188
159080	Marta Patiño-Martínez	3	0.0109107103095	4.42652373019e-05	18.0	0.0140280561122	0.00275242719154
159081	Ricardo Jiménez-Peris	3	0.0109107103095	4.42652373019e-05	18.0	0.0140280561122	0.00275242719154
83368	Frances W. Goosey	3	0.0100200400802	2.012056241e-06	10.0	0.0140280561122	0.00210179640719
83369	Michael T. Grinder	3	0.0100200400802	2.012056241e-06	10.0	0.0140280561122	0.00210179640719
83371	Rockford J. Ross	3	0.0100200400802	2.012056241e-06	10.0	0.0140280561122	0.00210179640719
726672	Jacobo Carrasquel	3	0.059452237809	0.0	534.0	0.0120240480962	0.00171236507508
1074938	Uta Ziegler	3	0.00200400801603	0.0	2.0	0.0060120240481	0.002
1075065	Christopher M. Boroni	3	0.0100200400802	2.012056241e-06	10.0	0.0140280561122	0.00210179640719
43012	Hossein Saiedian	2	0.0124865114845	0.0	26.0	0.0140280561122	0.0022054369785
1005589	Laurie Honour Werth	2	0.0	0.0	0.0	0.00400801603206	0.002
704568	Peter J. Knoke	2	0.0161656646627	0.000193157399136	150.0	0.0180360721443	0.00291417468544
401477	Thomas L. Naps	2	0.00400801603206	8.04822496398e-06	8.0	0.00801603206413	0.00249635036496
55427	Suzanne W. Dietrich	2	0.0060120240481	1.6096449928e-05	14.0	0.0100200400802	0.0025926716471
122903	Christopher T. Haynes	2	0.0	0.0	0.0	0.00400801603206	0.002
727216	Denise M. Woit	2	0.00200400801603	0.0	2.0	0.0060120240481	0.002
49377	Ann E. Kelley Sobel	2	0.00200400801603	0.0	2.0	0.0060120240481	0.002
49531	Murali Sitaraman	2	0.0120240480962	0.0	12.0	0.0160320641283	0.002
407780	Susan A. Mengel	2	0.0135270541082	6.43857997119e-05	62.0	0.0160320641283	0.00266649848883
452845	Deborah Knox	2	0.00458058975093	0.0	14.0	0.0060120240481	0.00128702984578
944396	Dean Sanders	2	0.0154154462772	7.24340246759e-05	68.0	0.0180360721443	0.002735615373
82189	Max Hailperin	2	0.0471031082937	0.0	674.0	0.0120240480962	0.00175708441915
325909	David Jackson	2	0.00400801603206	8.04822496398e-06	8.0	0.00801603206413	0.00249635036496
165595	John Rosenberg	2	0.00200400801603	0.0	2.0	0.0060120240481	0.002
51512	Tracy Camp	2	0.0122745490982	8.04822496398e-05	60.0	0.0160320641283	0.00295101263317
727354	Robert Griffiths	2	0.0060120240481	0.0	6.0	0.0100200400802	0.002
501491	Christopher H. Nevison	2	0.0479569410725	0.0	662.0	0.0120240480962	0.00163364249175
829887	James T. Wilkes	2	0.0532676090436	0.000708243796831	1366.0	0.0100200400802	0.00186224886927
# Periodo: 1998-2000
38915	Michael T. Goodrich	6	0.0139720558882	4.39121756487e-05	14.0	0.0179640718563	0.0029171235158
38916	Roberto Tamassia	6	0.0139720558882	4.39121756487e-05	14.0	0.0179640718563	0.0029171235158
83366	Susan H. Rodger	6	0.0717629781088	0.00818529607452	3464.0	0.0259481037924	0.00408742669778
425419	Owen L. Astrachan	6	0.0914699099211	0.0368529607452	-8556.0	0.0439121756487	0.005365832588
80064	David G. Kay	5	0.072798732432	0.0133013972056	20850.0	0.0199600798403	0.0027464218091
408432	Doris K. Lidtke	5	0.0199600798403	0.000231536926148	96.0	0.0239520958084	0.00407752332186
106129	Eric Roberts	5	0.074803782266	0.0239840319361	34802.0	0.0359281437126	0.00498238234224
110763	Michael J. Clancy	4	0.0856975369649	0.0330329341317	49706.0	0.0279441117764	0.00373706093629
203102	Viera K. Proulx	4	0.00399201596806	0.0	4.0	0.00798403193613	0.00199203187251
49536	Stephen J. Hartley	4	0.00898203592814	0.0	16.0	0.0119760479042	0.0020222545783
109271	Russell L. Shackelford	4	0.06066561036	0.00222754491018	4012.0	0.0219560878244	0.00340522201471
679757	Mary Ann Robbert	4	0.054825132344	0.0144830339321	26670.0	0.0199600798403	0.00334565973865
577563	Richard Rasala	3	0.00399201596806	0.0	4.0	0.00798403193613	0.00199203187251
294979	John T. Gorgone	3	0.0133067198935	1.59680638723e-05	30.0	0.0139720558882	0.00230303719565
401477	Thomas L. Naps	3	0.00798403193613	3.99201596806e-05	28.0	0.0119760479042	0.00317423997703
727216	Denise M. Woit	3	0.00199600798403	0.0	2.0	0.0059880239521	0.00199203187251
49377	Ann E. Kelley Sobel	3	0.0390568420681	0.0	1808.0	0.0059880239521	0.00117873698798
407780	Susan A. Mengel	3	0.0615111240933	0.00306586826347	2558.0	0.0219560878244	0.00313702582314
442845	Henry MacKay Walker	3	0.0734041272963	0.00686061210912	8670.0	0.0339321357285	0.00404486727311
442872	Daniel D. McCracken	3	0.0788111277445	0.0187784431138	31724.0	0.0199600798403	0.00264261316654
225942	Steven Robbins	3	0.00199600798403	0.0	2.0	0.0059880239521	0.00199203187251
380363	Samuel A. Rebelsky	3	0.0146978769733	6.3872255489e-05	58.0	0.0179640718563	0.00258125440439
4274	Bruce W. Weide	3	0.0139720558882	1.99600798403e-05	14.0	0.0179640718563	0.00234277432649
611471	Nell B. Dale	3	0.0772590486423	0.0112754491018	-658.0	0.0239520958084	0.0032821932434
353438	Sami Khuri	3	0.00798403193613	3.99201596806e-05	28.0	0.0119760479042	0.00317423997703
83321	Ching-Kuang Shene	3	0.0119760479042	7.18562874251e-05	48.0	0.0159680638723	0.00298967794941
83332	Ursula Wolz	3	0.0795211379044	0.0109900199601	-3222.0	0.0339321357285	0.00399088136787
48526	Arturo I. Concepcion	3	0.00998003992016	4.79041916168e-05	34.0	0.0139720558882	0.00286605805777
105923	Chris McDonald	3	0.0179640718563	0.000159680638723	98.0	0.0219560878244	0.00333902602504
79552	Thomas B. Hilburn	3	0.0615111240933	0.00306586826347	2558.0	0.0219560878244	0.00313702582314
1074938	Uta Ziegler	3	0.00199600798403	0.0	2.0	0.0059880239521	0.00199203187251
1074987	Kathleen Larson	3	0.0726489408015	0.00494610778443	672.0	0.0219560878244	0.0028065975539
321371	David V. Mason	3	0.00199600798403	0.0	2.0	0.0059880239521	0.00199203187251
661444	Mário Guimarães	3	0.0457349549605	0.00105389221557	3350.0	0.0119760479042	0.00222922897886
727091	Chris Nevison	2	0.057224287244	0.00209181636727	4218.0	0.0159680638723	0.00257931093889
229455	Pamela B. Lawhead	2	0.0142571998859	7.18562874251e-05	72.0	0.0159680638723	0.00244962384818
1075325	D. S. Tomer	2	0.00998003992016	1.19760479042e-05	10.0	0.0139720558882	0.00235005736649
1075396	Margaret M. Reek	2	0.00199600798403	0.0	2.0	0.0059880239521	0.00199203187251
407762	K. Todd Stevens	2	0.0181455271276	0.000191616766467	126.0	0.0219560878244	0.00322669199792
49531	Murali Sitaraman	2	0.0122255489022	0.0	16.0	0.0159680638723	0.00202782191883
944390	Herbert L. Dershem	2	0.00399201596806	7.98403193613e-06	8.0	0.00798403193613	0.00248640474598
82189	Max Hailperin	2	0.0628245288782	0.00510978043912	8220.0	0.0199600798403	0.00281394750273
522527	Stina S. Bridgeman	2	0.00889130829251	0.0	22.0	0.00998003992016	0.00159772787475
165595	John Rosenberg	2	0.00199600798403	0.0	2.0	0.0059880239521	0.00199203187251
51512	Tracy Camp	2	0.0119760479042	6.3872255489e-05	44.0	0.0159680638723	0.00286849034029
704568	Peter J. Knoke	2	0.0465796638912	0.00798403193613	16452.0	0.0179640718563	0.00279322900365
471405	Robert Bryant	2	0.0630489021956	0.0	1120.0	0.0119760479042	0.00170973634754
385454	Eric V. Siegel	2	0.00199600798403	0.0	2.0	0.0059880239521	0.00199203187251
501491	Christopher H. Nevison	2	0.0627129400169	0.0	1126.0	0.0119760479042	0.00164761844405
111110	Scott B. Grissom	2	0.00798403193613	2.39520958084e-05	20.0	0.0119760479042	0.00257817061942
# Periodo: 2001-2003
83282	David Ginat	7	0.0843710734287	0.0247103240631	-8766.0	0.0166389351082	0.00224442966253
50450	Peter B. Henderson	6	0.0649764516766	0.0266274199086	65080.0	0.0349417637271	0.00459801839208
83332	Ursula Wolz	6	0.0789417894243	0.0353125082534	81076.0	0.0366056572379	0.00457618295396
202813	Joseph Bergin	5	0.0863912258911	0.0165235982357	17280.0	0.0249584026622	0.00358913328645
408162	Michael R. Wick	5	0.00831946755408	0.0	40.0	0.00665557404326	0.00117918683382
83394	Andrew T. Phillips	5	0.0138657792568	0.000127565169163	128.0	0.0166389351082	0.0027721220411
202530	Stuart Reges	5	0.0867578081792	0.0170432612313	-3046.0	0.0249584026622	0.00299817413208
55427	Suzanne W. Dietrich	4	0.00665557404326	5.54631170272e-06	8.0	0.00998336106489	0.00193908677188
110763	Michael J. Clancy	4	0.0883829544419	0.0148484096171	3684.0	0.0299500831947	0.00392557805538
280873	Steve Cunningham	4	0.0127991808524	3.8824181919e-05	26.0	0.0149750415973	0.00226637142149
50047	Susan Darling Urban	4	0.00665557404326	5.54631170272e-06	8.0	0.00998336106489	0.00193908677188
80842	Orit Hazzan	4	0.0731081887756	0.0130542217996	7828.0	0.018302828619	0.00263048986097
611392	Nick Parlante	4	0.0886383965068	0.0285427066001	53012.0	0.0316139767055	0.00389987856319
83127	Daniel D. Garcia	4	0.0870039296208	0.00798628828496	710.0	0.0199667221298	0.00255920424889
83321	Ching-Kuang Shene	4	0.00998336106489	4.99168053245e-05	48.0	0.0133111480865	0.00260069638482
388502	Daniel E. Stevenson	4	0.00831946755408	0.0	40.0	0.00665557404326	0.00117918683382
83366	Susan H. Rodger	4	0.08402434299	0.0230207722579	880.0	0.0232945091514	0.00303517821437
83369	Michael T. Grinder	4	0.00998336106489	1.66389351082e-05	12.0	0.0133111480865	0.00213216859172
425419	Owen L. Astrachan	4	0.0895441903397	0.0115958631558	278.0	0.0149750415973	0.00181882296342
106129	Eric Roberts	4	0.0651144059264	0.00274357552228	1884.0	0.0166389351082	0.00208288509474
51038	Joseph L. Zachary	4	0.072589077376	0.00316139767055	7888.0	0.0199667221298	0.00280692689251
577563	Richard Rasala	3	0.0686104814124	0.00210759844703	6116.0	0.0133111480865	0.00215550007107
249892	David B. Levine	3	0.0807075926088	0.00315585135885	7204.0	0.0166389351082	0.00242655770504
294979	John T. Gorgone	3	0.00998336106489	4.99168053245e-05	48.0	0.0133111480865	0.00249305370532
4274	Bruce W. Weide	3	0.0122523067615	9.98336106489e-05	106.0	0.0149750415973	0.00256081240223
83137	Michele H. Jackson	3	0.00665557404326	2.21852468109e-05	24.0	0.00998336106489	0.00233751765572
547340	David Reed	3	0.0857870914443	0.00362820343519	1298.0	0.018302828619	0.00230425574914
225942	Steven Robbins	3	0.0	0.0	0.0	0.00332778702163	0.00166112956811
80678	Doug Baldwin	3	0.0769608160385	0.00970871299157	-1796.0	0.0149750415973	0.00205071059034
611363	Raymond Lister	3	0.00665557404326	1.66389351082e-05	20.0	0.00998336106489	0.00214990307467
611435	Jeffrey L. Popyack	3	0.072847708293	0.00618968386023	13948.0	0.0249584026622	0.00291780921406
83094	Barry S. Fagin	3	0.0519811613413	0.00724902939545	23230.0	0.0166389351082	0.00282470661317
81068	Allen B. Tucker	3	0.053290851766	0.00623405435385	19402.0	0.0166389351082	0.00273132487692
343262	Joel C. Adams	3	0.00665557404326	2.77315585136e-05	28.0	0.00998336106489	0.00264695758882
83183	Lisa Meeden	3	0.01417926644	0.000194120909595	240.0	0.0149750415973	0.00265115991675
83393	Paul J. Wagner	3	0.0140599001664	0.000177481974487	210.0	0.0133111480865	0.00249651216553
48669	Laurie A. Williams	3	0.0646341099923	0.00721575152524	17700.0	0.0249584026622	0.00307198772182
501283	Jane Prey	3	0.0476965555075	0.00314475873544	11776.0	0.0149750415973	0.0023047114227
1074730	Robert Montante	3	0.017574875208	0.00026622296173	266.0	0.0199667221298	0.00301713337412
726780	A. T. Chamillard	3	0.0395217592672	0.00211314475874	10068.0	0.00831946755408	0.0021098487692
1074955	Julie Zelenski	3	0.0903354497536	0.0160491508861	-2020.0	0.0232945091514	0.00284913322712
409539	Michael J. Jipping	3	0.0133111480865	0.000116472545757	100.0	0.0166389351082	0.00322627405504
38916	Roberto Tamassia	2	0.00332778702163	5.54631170272e-06	8.0	0.00665557404326	0.0020733807018
280608	Christine Shannon	2	0.0684573330164	0.0	1792.0	0.00998336106489	0.00148738861294
561192	David J. Barnes	2	0.0601940828093	0.0	2038.0	0.0116472545757	0.00159380011894
1005610	Rick Duley	2	0.00332778702163	0.0	4.0	0.00665557404326	0.00166112956811
335916	Gary Lewandowski	2	0.0171643751642	0.000271769273433	304.0	0.018302828619	0.00277406613593
294978	David L. Feinstein	2	0.00665557404326	0.0	18.0	0.00831946755408	0.00152247554524
401477	Thomas L. Naps	2	0.0714892428703	0.00314475873544	8352.0	0.0116472545757	0.00184430580424
229455	Pamela B. Lawhead	2	0.0726750833918	0.0165002773156	43656.0	0.0166389351082	0.00228490210685
147661	Robert Cartwright	2	0.00499168053245	2.77315585136e-06	6.0	0.00831946755408	0.00186725513495
944390	Herbert L. Dershem	2	0.0135884636717	0.000133111480865	184.0	0.0149750415973	0.00234627098353
944396	Dean Sanders	2	0.0622086920717	0.00105934553522	4324.0	0.0116472545757	0.00181295496076
78124	Edward F. Gehringer	2	0.00499168053245	0.0	6.0	0.00831946755408	0.00166112956811
203102	Viera K. Proulx	2	0.0565846590246	0.0	2168.0	0.00665557404326	0.00117902019399
61807	Robert H. Sloan	2	0.0554591052285	0.000342022555001	2112.0	0.0149750415973	0.00194108611866
49551	Amer Diwan	2	0.00443704936217	0.0	12.0	0.00665557404326	0.0014920325462
1075622	Catherine Sauls Key	2	0.00499168053245	0.0	6.0	0.00831946755408	0.00166112956811
1075623	Keith Dickinson	2	0.00499168053245	0.0	6.0	0.00831946755408	0.00166112956811
567734	Frank Klassner	2	0.0516746170031	0.0	2374.0	0.00998336106489	0.00153611977274
# Periodo: 2002-2004
83394	Andrew T. Phillips	7	0.0490702920334	0.00316932907348	12602.0	0.0159744408946	0.00262909253392
83127	Daniel D. Garcia	6	0.0872224440895	0.0225749094782	10558.0	0.0271565495208	0.00373468585912
83282	David Ginat	6	0.0850950674043	0.0120057082002	-3232.0	0.0159744408946	0.00228146641431
280873	Steve Cunningham	5	0.0570081333918	0.0102083067093	31842.0	0.017571884984	0.00262263291785
80678	Doug Baldwin	5	0.105245784723	0.0462946112886	35772.0	0.0255591054313	0.00354774640531
83137	Michele H. Jackson	5	0.00798722044728	3.06709265176e-05	34.0	0.0111821086262	0.00229467487241
83366	Susan H. Rodger	5	0.0705540498196	0.00576051118211	13846.0	0.0223642172524	0.00320283641802
83393	Paul J. Wagner	5	0.0937875742897	0.0132345047923	27998.0	0.0223642172524	0.00347146113279
106129	Eric Roberts	5	0.0726853700745	0.00588063897764	-950.0	0.0143769968051	0.00197975232541
49551	Amer Diwan	4	0.00570515746235	0.0	14.0	0.00798722044728	0.00155672659316
524915	John Impagliazzo	4	0.0837670531471	0.0118475825346	150.0	0.0303514376997	0.00316675413209
442845	Henry MacKay Walker	4	0.0838677347014	0.0186274760383	48564.0	0.0159744408946	0.00253280275318
408162	Michael R. Wick	4	0.0428348405596	0.0	3258.0	0.00638977635783	0.00112508692906
13150	Manuel A. Pérez-Quiñones	4	0.0989758230802	0.0358244941427	-18590.0	0.0255591054313	0.00349917811611
80842	Orit Hazzan	4	0.09242113281	0.0208461767838	9072.0	0.0239616613419	0.00327864590526
611435	Jeffrey L. Popyack	4	0.0659526987444	0.00622619808307	17176.0	0.0239616613419	0.00273544116507
81068	Allen B. Tucker	4	0.0689505486873	0.0120843450479	35192.0	0.017571884984	0.00252764381808
83136	William M. Waite	4	0.00570515746235	0.0	14.0	0.00798722044728	0.00155672659316
83321	Ching-Kuang Shene	4	0.0111821086262	7.15654952077e-05	70.0	0.0143769968051	0.00274649301664
388502	Daniel E. Stevenson	4	0.0428348405596	0.0	3258.0	0.00638977635783	0.00112508692906
50450	Peter B. Henderson	4	0.0774450114002	0.0076150372737	14640.0	0.0239616613419	0.00313106825856
1074953	James Caristi	4	0.100399935643	0.030586027689	7002.0	0.0223642172524	0.00302611528572
561192	David J. Barnes	3	0.00920127795527	5.62300319489e-05	120.0	0.0127795527157	0.00204890776892
4274	Bruce W. Weide	3	0.00978434504792	8.17891373802e-05	90.0	0.0127795527157	0.00274904741827
147661	Robert Cartwright	3	0.00479233226837	2.55591054313e-06	6.0	0.00798722044728	0.00179280317582
78124	Edward F. Gehringer	3	0.0703406807173	0.0122223642173	34852.0	0.0207667731629	0.00293606601642
61807	Robert H. Sloan	3	0.0743901442128	0.00651714589989	-1902.0	0.0239616613419	0.00263887392042
547340	David Reed	3	0.0930372736954	0.0256217252396	-14890.0	0.0223642172524	0.00281116805959
726802	Paul Zoski	3	0.0553354125865	0.0	2522.0	0.0127795527157	0.00149326481491
225942	Steven Robbins	3	0.0	0.0	0.0	0.00319488817891	0.00159489633174
249892	David B. Levine	3	0.078578778459	0.00211629392971	6148.0	0.0143769968051	0.00195912247623
183053	Bruce W. Char	3	0.0553354125865	0.0	2522.0	0.0127795527157	0.00149326481491
281539	Steven A. Wolfman	3	0.0699879190287	0.00521405750799	13954.0	0.0143769968051	0.00200714330088
50199	James H. Cross II	3	0.0704827831026	0.00522172523962	13870.0	0.0239616613419	0.0027460332021
611392	Nick Parlante	3	0.0801124629984	0.0160286261981	38464.0	0.0271565495208	0.00318682094399
343262	Joel C. Adams	3	0.00638977635783	2.55591054313e-05	28.0	0.00958466453674	0.0025414170151
48421	Robert E. Noonan	3	0.068209144938	0.00106325878594	4506.0	0.0111821086262	0.00180310272658
83250	Grant Braught	3	0.0657042893329	0.00211629392971	7192.0	0.017571884984	0.00220548420433
83369	Michael T. Grinder	3	0.00638977635783	0.0	8.0	0.00958466453674	0.00159489633174
425419	Owen L. Astrachan	3	0.0760108445224	0.0	1836.0	0.00798722044728	0.00112357343885
402896	Lynda Thomas	3	0.00798722044728	1.27795527157e-05	10.0	0.0111821086262	0.00213696748769
450034	Andrew D. McGettrick	3	0.0704827831026	0.00025124600639	1980.0	0.0239616613419	0.00240984203191
48669	Laurie A. Williams	3	0.0859334424527	0.0193763578275	48976.0	0.0223642172524	0.00272261371626
197229	Mark Ratcliffe	3	0.00798722044728	1.27795527157e-05	10.0	0.0111821086262	0.00213696748769
14008	Mark Guzdial	3	0.0802045462892	0.00877103301384	2352.0	0.0159744408946	0.00245332190065
1074899	Stuart A. Hansen	3	0.0863588555341	0.00106325878594	3646.0	0.0111821086262	0.00163429866038
726801	Nira Herrmann	3	0.0553354125865	0.0	2522.0	0.0127795527157	0.00149326481491
202530	Stuart Reges	3	0.0655807850297	0.0	2128.0	0.0143769968051	0.00164749114778
450468	Chris Stephenson	3	0.0580515434872	0.00722811501597	23912.0	0.017571884984	0.00253049957445
100374	John A. N. Lee	2	0.0765109158679	0.0	1824.0	0.00638977635783	0.00100966431117
577563	Richard Rasala	2	0.00319488817891	0.0	4.0	0.00638977635783	0.00159489633174
280608	Christine Shannon	2	0.00798722044728	0.0	10.0	0.0111821086262	0.00159489633174
202813	Joseph Bergin	2	0.078490388382	0.00622619808307	15992.0	0.0127795527157	0.00200173971077
1005681	Carol Miller	2	0.0697082470245	5.36741214058e-05	2002.0	0.0159744408946	0.00190626895016
55427	Suzanne W. Dietrich	2	0.00319488817891	0.0	4.0	0.00638977635783	0.00159489633174
61600	Deepak Kumar	2	0.00821542674578	4.60063897764e-05	56.0	0.0111821086262	0.00231348599948
110763	Michael J. Clancy	2	0.0866806897783	0.00419169329073	9658.0	0.0159744408946	0.00224534756106
281381	John L. Lowther	2	0.00652289669862	0.0	24.0	0.00638977635783	0.00122549846026
944390	Herbert L. Dershem	2	0.0111821086262	5.11182108626e-05	54.0	0.0143769968051	0.00228088036161
944396	Dean Sanders	2	0.0498058210361	0.00315910543131	13238.0	0.0111821086262	0.00177567250914
123158	Timothy J. Hickey	2	0.00821542674578	0.0	14.0	0.0111821086262	0.00166065196061
203102	Viera K. Proulx	2	0.00319488817891	0.0	4.0	0.00638977635783	0.00159489633174
# Periodo: 2005-2007
14008	Mark Guzdial	9	0.0909602446483	0.0172441007392	24606.0	0.0254545454545	0.00408742633624
408162	Michael R. Wick	8	0.0794444444444	0.0113224477788	50076.0	0.0133333333333	0.00217052316935
83284	Lillian N. Cassel	7	0.089000598444	0.0269903823253	-44556.0	0.0230303030303	0.0026940130328
77996	Beth Simon	6	0.0730631294522	0.00535451603413	22286.0	0.0157575757576	0.00191995385463
80842	Orit Hazzan	6	0.0819393939394	0.0114476596758	7152.0	0.0181818181818	0.0026449723637
83116	Kim B. Bruce	6	0.0909602446483	0.0105354492685	5408.0	0.0230303030303	0.00248900241952
450034	Andrew D. McGettrick	6	0.0819393939394	0.00681923254739	9754.0	0.0206060606061	0.00228329179944
280873	Steve Cunningham	5	0.0725286515484	0.00740511915269	33898.0	0.0133333333333	0.00226964154241
61807	Robert H. Sloan	5	0.0741006477329	0.000410470866782	2676.0	0.0145454545455	0.00145645289828
13150	Manuel A. Pérez-Quiñones	5	0.0836680731364	0.0249081102285	78006.0	0.0242424242424	0.00340247326549
83366	Susan H. Rodger	5	0.0865909752547	0.00818588333637	18462.0	0.0266666666667	0.00312458634516
1074852	Thomas J. Cortina	5	0.0728483957874	0.00949450118382	-4146.0	0.0121212121212	0.00186034574271
636747	Carol Zander	5	0.0908768713718	0.024745906826	-27388.0	0.0290909090909	0.0028926633196
115012	Ian Parberry	4	0.0652280701754	0.00333039129156	17440.0	0.0109090909091	0.0020744981046
506254	Thomas P. Way	4	0.00242424242424	2.94204177699e-06	8.0	0.00484848484848	0.00151110796911
611392	Nick Parlante	4	0.0902153472854	0.021765511098	-17848.0	0.030303030303	0.00318893253046
83161	Amruth N. Kumar	4	0.0661860258122	0.00415122094734	20760.0	0.0121212121212	0.0019899642146
83167	Robert McCartney	4	0.0848132306815	0.006312279055	948.0	0.0206060606061	0.00205542540265
611604	Robb Cutler	4	0.0865909752547	0.0147763884803	22328.0	0.0206060606061	0.00222996225715
388502	Daniel E. Stevenson	4	0.0648441247002	0.000839952927332	6684.0	0.00727272727273	0.00138576115815
106129	Eric Roberts	4	0.0918875502008	0.0219611276893	-25116.0	0.0145454545455	0.00155864470149
202530	Stuart Reges	4	0.09205818632	0.0082620868883	1252.0	0.0169696969697	0.00178563875148
48977	William G. Griswold	4	0.0605660761556	2.94204177699e-06	3274.0	0.00969696969697	0.00124590962755
77845	Eric S. Roberts	3	0.0877404129794	0.00497475447961	-164.0	0.0169696969697	0.00181375364628
249892	David B. Levine	3	0.0823477297896	0.00542263831099	4350.0	0.0181818181818	0.00205024525655
336312	David Klappholz	3	0.0877404129794	0.0216616301713	-23914.0	0.0133333333333	0.00186765961027
425419	Owen L. Astrachan	3	0.0848132306815	0.00494118951886	1702.0	0.0145454545455	0.00164793760698
547340	David Reed	3	0.0751111111111	0.00413945278023	18600.0	0.0157575757576	0.00203868307938
606779	Jeffrey Forbes	3	0.0758581994389	0.00147598850269	5796.0	0.00969696969697	0.00128623296075
205416	David R. Musicant	3	0.0809360544218	0.00654310091203	29070.0	0.0157575757576	0.00173851475712
408179	Gayle J. Yaverbaum	3	0.0397540764501	0.000417769932333	4988.0	0.00727272727273	0.00130003509672
225942	Steven Robbins	3	0.0	0.0	0.0	0.00242424242424	0.00121065375303
352739	Mark E. Hoffman	3	0.00363636363636	5.88408355399e-06	14.0	0.00606060606061	0.00156941382996
50147	Richard J. Anderson	3	0.0747148957548	0.00471322097536	-1816.0	0.0121212121212	0.00147992979264
110763	Michael J. Clancy	3	0.0823477297896	0.00602730494964	7412.0	0.0169696969697	0.00209332241786
13324	Chang Liu	3	0.0533620380337	0.00249779346867	16544.0	0.00969696969697	0.00158904777389
50199	James H. Cross II	3	0.0832465715085	0.0024981203622	11208.0	0.0181818181818	0.00198393852539
611406	Michael Goldweber	3	0.0798282340311	0.0133136823622	-9018.0	0.0133333333333	0.00172969095164
423783	Kate Sanders	3	0.0812677595628	0.00497233313253	1320.0	0.0230303030303	0.00221414558981
83119	Ian Utting	3	0.0903798237618	0.0163595688741	-14350.0	0.0242424242424	0.00235232688278
83127	Daniel D. Garcia	3	0.0818717313515	0.0105155974913	-9136.0	0.0109090909091	0.00131962504111
961727	Tamara Denning	3	0.0605660761556	2.94204177699e-06	3274.0	0.00969696969697	0.00124590962755
343262	Joel C. Adams	3	0.00121212121212	0.0	2.0	0.00363636363636	0.00121065375303
83252	Michal Armoni	3	0.0594048332335	0.00892909679317	52264.0	0.00848484848485	0.00151039367394
48448	Stuart H. Zweben	3	0.0448019280012	0.00331862312445	24910.0	0.00969696969697	0.00169659060159
773471	Brian J. Rosmaita	3	0.0498474945534	0.0	3978.0	0.00606060606061	0.00102581880305
611680	Bill Marion	3	0.0609758097581	0.0	3252.0	0.00727272727273	0.000955685265716
109928	Heikki Topi	3	0.0741006477329	0.000410470866782	2676.0	0.0145454545455	0.00145645289828
13739	Mordechai Ben-Ari	3	0.00363636363636	5.88408355399e-06	14.0	0.00606060606061	0.00156941382996
1508	Leen-Kiat Soh	3	0.00484848484848	0.0	8.0	0.00727272727273	0.00121065375303
52855	Robert F. Cohen	3	0.0499731182796	0.00415122094734	26592.0	0.0121212121212	0.00222782529772
159363	Matt Bower	3	0.00121212121212	0.0	2.0	0.00363636363636	0.00121065375303
524915	John Impagliazzo	3	0.0737698412698	0.0048624105129	15064.0	0.0218181818182	0.00248442472509
226996	Han Reichgelt	3	0.0397540764501	0.000417769932333	4988.0	0.00727272727273	0.00130003509672
1074883	Larisa Eidelman	3	0.0664521894549	0.0	2984.0	0.00727272727273	0.00106933022028
165591	Thomas P. Murtagh	3	0.0721591460456	0.0	2748.0	0.00484848484848	0.000690309867871
636748	Briana B. Morrison	3	0.0822793914246	0.00151801066607	2410.0	0.0218181818182	0.00202968343309
202646	Gordon Davies	3	0.0741006477329	0.000410470866782	2676.0	0.0145454545455	0.00145645289828
727078	Mary Anne L. Egan	2	0.0498474945534	0.0	3978.0	0.00606060606061	0.00102581880305
335916	Gary Lewandowski	2	0.0773978662503	0.0067980241621	-1318.0	0.00969696969697	0.00114232182703
1075248	Max B. Kazemzadeh	2	0.0549593495935	0.0	3608.0	0.00484848484848	0.000927723531624
501873	Valentin Razmov	2	0.0684242005981	0.0	2898.0	0.00848484848485	0.000994894668405
388118	Hilary J. Holz	2	0.00606060606061	1.7652250662e-05	34.0	0.00848484848485	0.00174184157991
727179	Titus Winters	2	0.0804761904762	0.000838481906443	5496.0	0.0133333333333	0.00140917352485
1075225	Roshni Malani	2	0.0605291005291	0.0	3276.0	0.00848484848485	0.00107856141126
104643	Lenore Blum	2	0.0727415015896	0.00519495930176	-1440.0	0.00727272727273	0.00109435255383
147676	Timothy Roden	2	0.0549593495935	0.0	3608.0	0.00484848484848	0.000927723531624
2331	Ashok Samal	2	0.00484848484848	0.0	8.0	0.00727272727273	0.00121065375303
78124	Edward F. Gehringer	2	0.0686611265005	0.0088996763754	47328.0	0.00969696969697	0.00152955866647
726750	Jeff Lang	2	0.00484848484848	0.0	8.0	0.00727272727273	0.00121065375303
321884	Sara Stoecklin	2	0.00242424242424	0.0	4.0	0.00484848484848	0.00121065375303
203102	Viera K. Proulx	2	0.0625136612022	0.000838481906443	6912.0	0.0109090909091	0.00155501408071
203138	James B. Fenwick Jr.	2	0.00606060606061	0.0	10.0	0.00848484848485	0.00121065375303
401800	Myles F. McNally	2	0.0701674923331	0.00828400509954	-3928.0	0.0133333333333	0.00182140793872
160165	Judith Gal-Ezer	2	0.0507403616513	0.0	3908.0	0.00363636363636	0.000687948718028
727471	Phil Ventura	2	0.00539944903581	1.1768167108e-05	22.0	0.00727272727273	0.00138613872126
117168	Donald D. Chinn	2	0.0682358339069	0.00167107972933	9846.0	0.00848484848485	0.00141327297936
64933	Li Xu	2	0.00161616161616	0.0	6.0	0.00363636363636	0.00106042664499
727524	Jonas Boustedt	2	0.0806726335774	0.000286424111667	2458.0	0.0169696969697	0.00164023598399
188904	Jonathan S. Turner	2	0.00848484848485	1.1768167108e-05	14.0	0.0109090909091	0.00156941382996
750082	Peter DePasquale	2	0.0475295621604	0.0	4172.0	0.00484848484848	0.00103322668182
1075717	Dale Benham	2	0.00363636363636	0.0	6.0	0.00606060606061	0.00121065375303
# Periodo: 2006-2008
77996	Beth Simon	8	0.08796261432	0.00783239492934	25252.0	0.0233702337023	0.00268098978966
450034	Andrew D. McGettrick	8	0.09722183688	0.0125256621585	-2356.0	0.0270602706027	0.00285329867965
83284	Lillian N. Cassel	7	0.0946423004944	0.0208758604329	33070.0	0.0258302583026	0.00291289824955
636747	Carol Zander	7	0.102724959722	0.0376947751086	-43802.0	0.0344403444034	0.00363421076043
61807	Robert H. Sloan	6	0.0926917871329	0.00318349007178	5040.0	0.019680196802	0.00202137473693
83167	Robert McCartney	6	0.0931928238201	0.00469735616915	1628.0	0.0282902829028	0.00270613800508
1074852	Thomas J. Cortina	6	0.0544442286528	0.00704011458151	8280.0	0.0147601476015	0.00244716176928
408162	Michael R. Wick	5	0.0851391229962	0.0149752482747	63238.0	0.0123001230012	0.00199985796443
13150	Manuel A. Pérez-Quiñones	5	0.0853498633996	0.00942208775403	26376.0	0.0221402214022	0.00292801248392
106129	Eric Roberts	5	0.0886409892377	0.00799503844489	-1226.0	0.0172201722017	0.00187620057491
104643	Lenore Blum	4	0.0514135360041	0.00429318022841	-4070.0	0.0110701107011	0.00179417333552
83335	Sarah Monisha Pulimood	4	0.0584429573109	0.00174504208096	11764.0	0.00738007380074	0.00146917808012
727524	Jonas Boustedt	4	0.0921961091269	0.00236102529274	2244.0	0.0246002460025	0.00232697638096
80842	Orit Hazzan	4	0.0490954126437	0.00399620245429	23326.0	0.0123001230012	0.00197644830579
611392	Nick Parlante	4	0.0882628280208	0.0129157123358	-5988.0	0.0209102091021	0.00230510019044
83127	Daniel D. Garcia	4	0.0940400313094	0.00964987993382	-740.0	0.019680196802	0.00196997821875
48335	Stephen H. Edwards	4	0.0693324627616	0.00175716042875	10096.0	0.0123001230012	0.00196861666674
83166	Josh D. Tenenberg	4	0.0953401239082	0.01079152909	-2726.0	0.0221402214022	0.00218865451244
83252	Michal Armoni	4	0.0605999030113	0.00932898894063	7542.0	0.0110701107011	0.00209348500898
83332	Ursula Wolz	4	0.0696124054107	0.00346584746636	18244.0	0.00861008610086	0.00149722050046
611725	Katherine Deibel	4	0.0758387349269	0.00517150491702	20288.0	0.0123001230012	0.00190711877753
83366	Susan H. Rodger	4	0.0811962593723	0.0100792933196	18998.0	0.0258302583026	0.00301721063369
83389	Joanne McGrath Cohoon	4	0.0549066000214	0.00260544477366	12448.0	0.0135301353014	0.00204364416704
524915	John Impagliazzo	4	0.091381655866	0.0176337122046	3658.0	0.0258302583026	0.00289853673505
14008	Mark Guzdial	4	0.0808156519065	0.00774059464733	31708.0	0.0147601476015	0.00230747670034
339718	Michela Pedroni	4	0.00738007380074	1.51479347306e-05	8.0	0.00984009840098	0.00175126029098
202530	Stuart Reges	4	0.0836249267909	0.00141078377495	2474.0	0.0135301353014	0.00144711133587
48977	William G. Griswold	4	0.0709006404663	6.05917389223e-06	2918.0	0.0110701107011	0.00134695296348
202646	Gordon Davies	4	0.0926088043333	0.00230793944435	2234.0	0.0184501845018	0.00180050796847
1075225	Roshni Malani	3	0.0708520783838	1.51479347306e-06	2920.0	0.00984009840098	0.00118529123893
115012	Ian Parberry	3	0.0696124054107	0.00347796581414	17132.0	0.0110701107011	0.00204116890328
506254	Thomas P. Way	3	0.00246002460025	3.02958694612e-06	8.0	0.00492004920049	0.00153338474506
160165	Judith Gal-Ezer	3	0.0547612675703	0.0065734714136	-4746.0	0.00615006150062	0.000995559979582
336312	David Klappholz	3	0.0905022173581	0.0103410420233	-3844.0	0.0135301353014	0.00186736683201
205416	David R. Musicant	3	0.0885650979797	0.00431716139821	17936.0	0.0159901599016	0.00175729707021
611461	Renée McCauley	3	0.099753167252	0.019696583498	-8562.0	0.0209102091021	0.00212096226119
82806	Tilman Wolf	3	0.0060270602706	0.0	20.0	0.00738007380074	0.00099203118601
281539	Steven A. Wolfman	3	0.0766252106966	0.004329279746	19016.0	0.0172201722017	0.00212942555875
50147	Richard J. Anderson	3	0.00738007380074	6.05917389223e-06	12.0	0.00984009840098	0.00144988367483
343262	Joel C. Adams	3	0.00123001230012	0.0	2.0	0.00369003690037	0.0012285012285
110763	Michael J. Clancy	3	0.0830208944144	0.0100007097889	1600.0	0.0172201722017	0.00219436650693
13324	Chang Liu	3	0.0522444618386	0.00260847436061	17544.0	0.00984009840098	0.00156192892614
214099	Ken Wong	3	0.00861008610086	6.05917389223e-06	14.0	0.0110701107011	0.00147596987762
423783	Kate Sanders	3	0.0828878481093	0.000102551518126	2496.0	0.0147601476015	0.00145615402101
433289	Michael Kelly	3	0.0708520783838	1.51479347306e-06	2920.0	0.00984009840098	0.00118529123893
961727	Tamara Denning	3	0.0708520783838	3.02958694612e-06	2920.0	0.00984009840098	0.00119500827139
83161	Amruth N. Kumar	3	0.0712915468231	0.00174504208096	9850.0	0.00861008610086	0.00136871542805
611576	Anna Eckerdal	3	0.082098440032	5.04931157686e-07	2520.0	0.0110701107011	0.00107699239689
83232	Michael E. Caspersen	3	0.0946423004944	0.0169398297234	-12454.0	0.0184501845018	0.0020291052897
83257	Paul Gross	3	0.0608852468748	0.00808899714613	28790.0	0.019680196802	0.00257722006045
48448	Stuart H. Zweben	3	0.0663528123415	0.00260847436061	14176.0	0.00984009840098	0.00162221817358
83266	Richard E. Ladner	3	0.00861008610086	3.33254564073e-05	58.0	0.0110701107011	0.00188908218105
611667	Gloria Childress Townsend	3	0.0548774718516	0.00172686455929	3202.0	0.0123001230012	0.00179109259876
773471	Brian J. Rosmaita	3	0.0627313732203	0.0	3298.0	0.00615006150062	0.00101289218413
109928	Heikki Topi	3	0.0832882724963	0.000568657295022	2484.0	0.0147601476015	0.00144255448659
64933	Li Xu	3	0.00164001640016	0.0	6.0	0.00369003690037	0.00107605947022
425419	Owen L. Astrachan	3	0.0828878481093	0.00693315180118	-124.0	0.0123001230012	0.00140420585051
79529	Bertrand Meyer	3	0.00553505535055	3.02958694612e-06	16.0	0.00738007380074	0.00130008483716
513712	John Nordlinger	3	0.0854203422298	0.00935233490266	38272.0	0.0172201722017	0.00234193564014
1074913	Jon Beck	3	0.00246002460025	0.0	4.0	0.00492004920049	0.0012285012285
44880	Kelvin Sung	3	0.0695655914192	0.00432170577863	21204.0	0.0123001230012	0.00195332452864
423782	Jan Erik Moström	3	0.082098440032	5.04931157686e-07	2520.0	0.0110701107011	0.00107699239689
450468	Chris Stephenson	3	0.0643308671893	0.0118275074376	58396.0	0.0147601476015	0.00203037936457
43012	Hossein Saiedian	2	0.00123001230012	0.0	2.0	0.00369003690037	0.0012285012285
249892	David B. Levine	2	0.0847901921642	0.0111508576087	-4544.0	0.00861008610086	0.00106953259934
335916	Gary Lewandowski	2	0.0872945438315	0.000233964851673	2370.0	0.0123001230012	0.00123862980669
49217	Kenneth J. Goldman	2	0.0606709879416	0.00292658098995	3410.0	0.0159901599016	0.00200322387697
182380	Roxanne L. Canosa	2	0.00164001640016	0.0	6.0	0.00369003690037	0.00107605947022
501872	Natalie Linnell	2	0.00738007380074	6.05917389223e-06	12.0	0.00984009840098	0.00144988367483
501873	Valentin Razmov	2	0.00632577754349	0.0	14.0	0.00861008610086	0.00123782259466
727179	Titus Winters	2	0.0882628280208	0.000875550627427	5264.0	0.0135301353014	0.00141710509951
280743	Christine Alvarado	2	0.00874675413421	4.84733911379e-05	90.0	0.0110701107011	0.00190973479656
147679	Manuel Oriol	2	0.00632577754349	6.05917389223e-06	14.0	0.00861008610086	0.00150695738604
165591	Thomas P. Murtagh	2	0.0	0.0	0.0	0.00246002460025	0.0012285012285
280873	Steve Cunningham	2	0.0583769946052	0.000875550627427	7664.0	0.00738007380074	0.00133007408045
78124	Edward F. Gehringer	2	0.0755617490433	0.000854343518805	2738.0	0.00861008610086	0.00125861855698
321884	Sara Stoecklin	2	0.00246002460025	0.0	4.0	0.00492004920049	0.0012285012285
203102	Viera K. Proulx	2	0.060458231701	0.000875550627427	7420.0	0.0110701107011	0.0015043502514
401800	Myles F. McNally	2	0.0701791278428	0.0232122011792	-58296.0	0.0135301353014	0.00178738849362
727470	Carl Alphonce	2	0.0788445384454	0.00046251694044	2624.0	0.0110701107011	0.00133119753035
727471	Phil Ventura	2	0.062428505999	0.000869491453535	3314.0	0.00738007380074	0.00121638552597
# Periodo: 2009-2011
14008	Mark Guzdial	11	0.115419947137	0.0182263711949	-4650.0	0.0344456404736	0.00396057447951
77996	Beth Simon	9	0.133932016422	0.032223152105	11586.0	0.0398277717976	0.00467503853287
83127	Daniel D. Garcia	9	0.129983548957	0.0275126943126	70058.0	0.0387513455328	0.00470892466228
83366	Susan H. Rodger	7	0.115540932406	0.019508962028	3486.0	0.0387513455328	0.00401000319632
425419	Owen L. Astrachan	7	0.128319033196	0.0208827126911	-13438.0	0.0258342303552	0.0027708203888
83120	Stephen Cooper	6	0.128169825018	0.0185955788466	-11230.0	0.0290635091496	0.00301957095934
48335	Stephen H. Edwards	6	0.0887488321382	0.00474184328718	18004.0	0.0139935414424	0.00201804894095
83332	Ursula Wolz	6	0.105479473221	0.0110146565053	37396.0	0.0172228202368	0.00239446124249
450468	Chris Stephenson	6	0.10418341164	0.00760004699323	30476.0	0.0182992465016	0.00222509819496
322904	Mehran Sahami	5	0.111564827445	0.005342872718	-402.0	0.0182992465016	0.00191345192755
606719	Zachary Dodds	5	0.107328188428	0.00365159865941	3938.0	0.0204520990312	0.00223226461371
104984	Susanne E. Hambrusch	5	0.111791125269	0.0174996419097	64136.0	0.02691065662	0.00291051399394
939034	Lijun Ni	5	0.10020549956	0.00237867393911	1342.0	0.021528525296	0.00213184171367
83167	Robert McCartney	5	0.115299214974	0.00782586643368	13908.0	0.02691065662	0.00299029897854
110104	Christopher D. Hundhausen	5	0.00753498385361	3.0158494488e-05	52.0	0.00968783638321	0.00191483723655
54951	Joan Peckham	5	0.109242863742	0.00490340375554	-330.0	0.016146393972	0.00174731045544
203138	James B. Fenwick Jr.	4	0.01345532831	0.00014267287777	306.0	0.0150699677072	0.0022203584351
160165	Judith Gal-Ezer	4	0.0750347512019	0.00147544634572	10078.0	0.00645855758881	0.00122194086494
340600	David J. Malan	4	0.0997520810096	0.00275708998082	752.0	0.0193756727664	0.00199758628732
111341	Jesse M. Heines	4	0.0869290611322	0.00654323336179	31490.0	0.0139935414424	0.00210920671607
13150	Manuel A. Pérez-Quiñones	4	0.0707938660987	5.79971047845e-06	3114.0	0.00753498385361	0.00119958574528
453497	Harriet G. Taylor	4	0.105986586073	0.0072486427254	-4192.0	0.0150699677072	0.00168737221251
117661	Janet Davis	4	0.106911784205	0.00174375354161	2026.0	0.0139935414424	0.00148860138736
80842	Orit Hazzan	4	0.0954338091044	0.00293233361791	15294.0	0.00861141011841	0.00132477632366
611392	Nick Parlante	4	0.118650214764	0.00803450291311	-1590.0	0.0301399354144	0.00295296766133
611461	Renée McCauley	4	0.103014999547	0.00292186010836	1182.0	0.0118406889128	0.00149742329436
83327	Henry M. Walker	4	0.09247151805	0.00149226845378	2062.0	0.0118406889128	0.00152313800176
1622	Tiffany Barnes	4	0.120597428354	0.0111108380682	-2900.0	0.016146393972	0.00203758077192
83276	Brian Hanks	4	0.101124816069	0.00114906878767	4948.0	0.00968783638321	0.00133355539203
935984	Richard A. Brown	3	0.0032292787944	0.0	6.0	0.005382131324	0.0010752688172
333994	Sue Fitzgerald	3	0.0922393719796	0.00103914492255	1984.0	0.0129171151776	0.0014717894224
727524	Jonas Boustedt	3	0.114223885508	0.00225228741999	1930.0	0.0182992465016	0.00193024147455
51811	Brad Richards	3	0.105580507199	0.000956894985049	2088.0	0.0129171151776	0.00141065316568
62088	Valerie Barr	3	0.0857123246622	0.00366773690657	18556.0	0.010764262648	0.0016904746177
727708	Barry L. Kurtz	3	0.0100914962325	3.3638320775e-05	44.0	0.00968783638321	0.00147193059765
380363	Samuel A. Rebelsky	3	0.113518073652	0.0052864252339	700.0	0.016146393972	0.00170974423382
719598	Mark Christensen van Langeveld	3	0.0021528525296	0.0	4.0	0.0043057050592	0.0010752688172
719599	Robert Kessler	3	0.0021528525296	0.0	4.0	0.0043057050592	0.0010752688172
830383	Maureen Biggers	3	0.105077263599	0.00702899928703	-2614.0	0.0226049515608	0.00209179906624
732119	Anukrati Agrawal	3	0.00527448869752	2.31988419138e-06	20.0	0.00645855758881	0.00121219612394
44880	Kelvin Sung	3	0.00968783638321	3.24783786793e-05	50.0	0.0118406889128	0.00174521445331
986103	Ariel Ortiz	3	0.00384437951715	0.0	14.0	0.005382131324	0.00104953502571
50227	Dennis Brylow	3	0.0858458329561	0.00509678556846	24852.0	0.0129171151776	0.00171115923556
160822	Tim Bell	3	0.00753498385361	2.55187261052e-05	58.0	0.00968783638321	0.00165345472621
611417	Paul T. Tymann	3	0.0860468770614	0.000740043057051	5760.0	0.00645855758881	0.000928984148092
83116	Kim B. Bruce	3	0.0983283224939	0.00342373742701	13568.0	0.0139935414424	0.00171764941933
343262	Joel C. Adams	3	0.005382131324	1.39193051483e-05	34.0	0.00753498385361	0.00154705499463
83166	Josh D. Tenenberg	3	0.105580507199	0.000620880997472	2088.0	0.0129171151776	0.00136638120194
998754	Guy-Alain Amoussou	3	0.0993027473114	0.00146188006899	1548.0	0.0118406889128	0.00139994749932
832871	Youwen Ouyang	3	0.0902013498491	0.000865497391812	5524.0	0.00645855758881	0.000990343730003
109928	Heikki Topi	3	0.0904233384049	0.00464415927668	21956.0	0.0139935414424	0.00182636713742
83323	Allison Elliott Tew	3	0.0912467297315	0.0	2416.0	0.00645855758881	0.000745425654978
1457	Kristy Elizabeth Boyer	3	0.00861141011841	1.39193051483e-05	16.0	0.010764262648	0.00146959529289
1462	Mladen A. Vouk	3	0.00861141011841	1.39193051483e-05	16.0	0.010764262648	0.00146959529289
1508	Leen-Kiat Soh	3	0.016146393972	6.03169889759e-05	30.0	0.0182992465016	0.00178345249703
450034	Andrew D. McGettrick	3	0.0949406111246	0.00254187045579	1502.0	0.0139935414424	0.00165324247271
2331	Ashok Samal	3	0.016146393972	6.03169889759e-05	30.0	0.0182992465016	0.00178345249703
726698	Paul Denny	3	0.0977181290032	0.002206209866	10908.0	0.00753498385361	0.00114415172442
1074884	Barbara Ericson	3	0.113284737426	0.00646222329679	-1506.0	0.0226049515608	0.00228435765766
165591	Thomas P. Murtagh	3	0.107537609284	0.00280436831584	728.0	0.0193756727664	0.0019540009056
679549	Michelle Craig	3	0.090646422299	0.000988084428349	5492.0	0.0129171151776	0.00142870096949
1074955	Julie Zelenski	3	0.0977181290032	0.000716323730093	2196.0	0.0182992465016	0.00183689292938
77630	Cindy Norris	3	0.0100914962325	4.17579154449e-05	122.0	0.010764262648	0.00163901801463
636747	Carol Zander	3	0.0991241452478	0.0022073698081	10780.0	0.00968783638321	0.00142499912552
726924	Noa Ragonis	3	0.0749327325055	0.0	2942.0	0.0043057050592	0.000739375808946
83885	Heidi J. C. Ellis	3	0.0757047043376	0.0029346535021	13532.0	0.010764262648	0.00177151285891
1075195	Michael Trevisan	3	0.00527448869752	2.31988419138e-06	20.0	0.00645855758881	0.00121219612394
106538	Stephen C. F. Chan	2	0.0032292787944	0.0	6.0	0.005382131324	0.0010752688172
172087	Jennifer Burg	2	0.069631111507	0.000740043057051	6968.0	0.00645855758881	0.00113971726476
4165	Elizabeth Shoop	2	0.0032292787944	0.0	6.0	0.005382131324	0.0010752688172
22541	Daniela Stan Raicu	2	0.0743263988642	0.0	2966.0	0.005382131324	0.000839564425958
49234	André van der Hoek	2	0.0021528525296	2.31988419138e-06	8.0	0.0043057050592	0.00134212385213
727142	Michael Wrinn	2	0.0691940047179	0.0	3186.0	0.00645855758881	0.000926417630598
61600	Deepak Kumar	2	0.106498598566	0.00107018443405	2070.0	0.016146393972	0.00160991632707
636748	Briana B. Morrison	2	0.0867921649729	0.000740043057051	5716.0	0.00753498385361	0.00101259666815
727233	Matthew C. Jadud	2	0.095932157977	0.00579043094169	28586.0	0.00861141011841	0.00125665422908
217365	Tom Lauwers	2	0.0021528525296	0.0	4.0	0.0043057050592	0.0010752688172
401477	Thomas L. Naps	2	0.101590829047	0.00233981206584	1502.0	0.00968783638321	0.00118780594744
78124	Edward F. Gehringer	2	0.086860559114	0.000740043057051	5712.0	0.00861141011841	0.00105621561336
350565	David C. Webb	2	0.005382131324	3.47982628707e-06	10.0	0.00753498385361	0.00126852558922
78202	Janice E. Cuny	2	0.0970299731651	1.54658946092e-06	2272.0	0.00753498385361	0.000879772223874
49531	Murali Sitaraman	2	0.005382131324	1.39193051483e-05	34.0	0.00753498385361	0.00154705499463
1075589	Michelle Friend Hutton	2	0.105378632424	0.000224450636694	2092.0	0.0118406889128	0.00128390601292
401801	Scott Grissom	2	0.0896146744029	5.73056716574e-05	2460.0	0.010764262648	0.00116276468869
569747	Jessica D. Bayliss	2	0.0941298458716	0.0	2342.0	0.005382131324	0.000731629092992
1075611	Kevin Kupzyk	2	0.0110089049809	3.47982628707e-06	44.0	0.010764262648	0.00109913977742
340384	Monica Sweat	2	0.0955993491029	0.00021383624593	2306.0	0.0139935414424	0.00132143487019
83351	Scott A. Turner	2	0.0707030465142	0.0	3118.0	0.005382131324	0.000824655266807
47591	Richard J. Enbody	2	0.0021528525296	0.0	4.0	0.0043057050592	0.0010752688172
1075709	Victor Piotrowski	2	0.0896146744029	5.73056716574e-05	2460.0	0.010764262648	0.00116276468869
829957	Tarsem S. Purewal Jr.	2	0.0781190995858	0.0	2822.0	0.00753498385361	0.000941726372266
12823	Mary Beth Rosson	2	0.00861141011841	1.62391893397e-05	44.0	0.010764262648	0.00133297871152
950821	Matthew Lang	2	0.0021528525296	2.31988419138e-06	8.0	0.0043057050592	0.00134212385213
# Periodo: 2010-2012
83127	Daniel D. Garcia	14	0.106672219598	0.0402145370552	28768.0	0.0367985280589	0.00455508210989
14008	Mark Guzdial	13	0.101490997503	0.0262820118958	-646.0	0.0294388224471	0.00383720735037
48335	Stephen H. Edwards	12	0.0757395503753	0.00750964436561	49624.0	0.015639374425	0.00250193515226
77996	Beth Simon	8	0.106512291232	0.0297244800523	9778.0	0.0294388224471	0.00374653202155
343262	Joel C. Adams	7	0.0450070942363	0.00460659290019	55886.0	0.0147194112236	0.00222306108466
1017124	Steve Cooper	7	0.0998505948729	0.0308289895875	40790.0	0.0211591536339	0.00274852338968
450468	Chris Stephenson	7	0.0990846558606	0.0375895377272	177232.0	0.017479300828	0.00224610704727
935984	Richard A. Brown	6	0.0449928424649	0.00196868736669	6316.0	0.0137994480221	0.00173823106425
4165	Elizabeth Shoop	6	0.0449928424649	0.00196868736669	6316.0	0.0137994480221	0.00173823106425
322904	Mehran Sahami	6	0.0947881230848	0.00916298039357	-4262.0	0.0147194112236	0.00184957165125
110104	Christopher D. Hundhausen	6	0.0535370747943	0.00653631313311	67458.0	0.0110395584177	0.00185818503024
1074884	Barbara Ericson	6	0.0972535225901	0.0120126547163	7912.0	0.0183992640294	0.00235995153313
606719	Zachary Dodds	5	0.0924446301263	0.00634158693836	26934.0	0.017479300828	0.00210215963972
380363	Samuel A. Rebelsky	5	0.0960699097391	0.00466255281157	13680.0	0.015639374425	0.00197339877818
117661	Janet Davis	5	0.0906169620562	0.00251999302226	14858.0	0.0137994480221	0.00185590382556
160822	Tim Bell	5	0.0531565269376	0.00198562959876	23714.0	0.0064397424103	0.00130145119393
611506	Daniel Zingaro	5	0.0888601604153	0.00424995787507	1030.0	0.0202391904324	0.00215081571163
998754	Guy-Alain Amoussou	5	0.0809153738634	0.00559139168997	1818.0	0.0110395584177	0.00142570292977
83327	Henry M. Walker	5	0.0917877238399	0.00474571421137	17818.0	0.0137994480221	0.00187958117855
83332	Ursula Wolz	5	0.0687076385417	0.00745373499977	62246.0	0.00919963201472	0.00145639259709
83366	Susan H. Rodger	5	0.0834826066417	0.0186493731574	101248.0	0.017479300828	0.00217554435663
425419	Owen L. Astrachan	5	0.102812877355	0.0219551274859	-2782.0	0.0147194112236	0.00186915059338
83885	Heidi J. C. Ellis	5	0.0681474323761	0.00142667712567	4166.0	0.00919963201472	0.00133511529127
1622	Tiffany Barnes	5	0.0986718031279	0.0155524818934	-10170.0	0.015639374425	0.00191108408183
939030	Anthony Allevato	4	0.0627317423859	0.000664135497195	9842.0	0.00459981600736	0.000877962224125
333994	Sue Fitzgerald	4	0.0706550952283	0.00262641377303	2458.0	0.0119595216191	0.00150514198601
579282	John Barr	4	0.0808693207195	0.00066695920254	7810.0	0.0064397424103	0.00095863903779
203138	James B. Fenwick Jr.	4	0.0085627344137	4.65911381961e-05	134.0	0.0101195952162	0.00168321223838
727533	Luke Segars	4	0.0854918149844	0.0	3324.0	0.00735970561178	0.000846919897339
248238	Daniela Marghitu	4	0.0621011348357	0.00459473333774	44240.0	0.0101195952162	0.00162089797102
27205	Jeff Gray	4	0.0870633557011	0.0144664072246	109002.0	0.0128794848206	0.00171979269157
727708	Barry L. Kurtz	4	0.00795111052701	2.28720132963e-05	20.0	0.00919963201472	0.00150046377263
13150	Manuel A. Pérez-Quiñones	4	0.0627317423859	1.69422320713e-06	4530.0	0.00551977920883	0.000907150681987
986103	Ariel Ortiz	4	0.0400584709625	0.0	7094.0	0.00459981600736	0.000727837537427
611392	Nick Parlante	4	0.0906169620562	0.00688897918592	-2462.0	0.0257589696412	0.00261249786311
83120	Stephen Cooper	4	0.0951053524124	0.00910564638804	19466.0	0.015639374425	0.0019800693445
83129	Colleen M. Lewis	4	0.0878166851076	0.00120795425425	7254.0	0.00735970561178	0.00104287712432
83167	Robert McCartney	4	0.089588522386	0.0202084120441	153408.0	0.0183992640294	0.00210934081656
30270	Clifford A. Shaffer	4	0.0753379620913	0.000963165893254	3772.0	0.00735970561178	0.00102198312103
679549	Michelle Craig	4	0.0776433860678	0.000656536123786	3336.0	0.0110395584177	0.00118311304437
118499	Jan Vahrenhold	4	0.00367985280589	8.47111603565e-06	28.0	0.00551977920883	0.0014645849894
1074955	Julie Zelenski	4	0.0871701819044	0.00363768537524	1118.0	0.0211591536339	0.00217244941058
726839	Ali Erkan	4	0.0865858601488	0.00272110893263	20260.0	0.00827966881325	0.00121482172447
79717	Gregory W. Hislop	4	0.0681147634248	0.00109588004448	4172.0	0.00827966881325	0.0012030491801
182355	Ralph Morelli	3	0.0712574706641	0.00586653022522	51880.0	0.0110395584177	0.00150869626467
1063609	Tom McKlin	3	0.0853890603991	0.0126754541404	99540.0	0.00827966881325	0.00105787502695
61600	Deepak Kumar	3	0.0900427100787	0.00132488254798	11024.0	0.0110395584177	0.0014113646267
620740	Mark Sherriff	3	0.0866915170861	0.00113697543956	7324.0	0.0119595216191	0.00131084975459
816482	Sriram Mohan	3	0.00459981600736	1.01653392428e-05	34.0	0.0064397424103	0.00132239075827
1075552	Chinma Uche	3	0.071008194155	0.00133617736936	13562.0	0.0110395584177	0.00153288034567
350565	David C. Webb	3	0.00459981600736	2.5413348107e-06	10.0	0.0064397424103	0.00108430955696
108907	N. Hari Narayanan	3	0.0467392751658	0.000660747050781	6080.0	0.0064397424103	0.0010661890777
385389	Lynn Lambert	3	0.0530969344186	0.0	5352.0	0.00367985280589	0.000641883144911
49531	Murali Sitaraman	3	0.00827966881325	2.03306784856e-05	10.0	0.0101195952162	0.00146446887158
401801	Scott Grissom	3	0.0670223568416	0.000307187604071	4240.0	0.00919963201472	0.00105049880205
453705	Jeffrey A. Stone	3	0.00367985280589	5.08266962139e-06	20.0	0.00551977920883	0.00118956034095
811448	Michael Rogers	3	0.070028288075	0.000664135497195	8898.0	0.00551977920883	0.00097832070235
47581	Michael E. Locasto	3	0.0582325395509	0.0150785865435	161638.0	0.00735970561178	0.0012772675112
1075709	Victor Piotrowski	3	0.0670856451861	0.000913943152569	4236.0	0.0110395584177	0.00127389949655
1075712	Josh Paley	3	0.0855432850717	2.90115554897e-05	3322.0	0.00827966881325	0.000939894925513
950821	Matthew Lang	3	0.00275988960442	5.08266962139e-06	18.0	0.00459981600736	0.00140236506974
80425	Alexander Repenning	3	0.00459981600736	2.5413348107e-06	10.0	0.0064397424103	0.00108430955696
410178	Jens Mache	3	0.0509091352577	0.0126389051252	140520.0	0.0101195952162	0.00133996464614
678482	Joseph A. Cottam	3	0.00275988960442	8.47111603565e-07	6.0	0.00459981600736	0.00103316874195
340600	David J. Malan	3	0.0787187792267	0.00012451691016	3610.0	0.0137994480221	0.00138353378413
62088	Valerie Barr	3	0.0111510691088	0.000137232079778	520.0	0.00919963201472	0.00157278253419
1049419	Brian Harvey	3	0.0854918149844	0.0	3324.0	0.00735970561178	0.000846919897339
452195	Wanda Dann	3	0.0907326925314	0.00407464177331	0.0	0.00735970561178	0.000993165240947
48013	Yasmin B. Kafai	3	0.0589818997527	0.00198224115234	21594.0	0.0101195952162	0.00137090957758
318382	David Wolber	3	0.0709018944631	0.00198224115234	18354.0	0.00827966881325	0.00120737146577
281535	Ruth E. Anderson	3	0.0598514728324	0.00264129397992	26832.0	0.00735970561178	0.00130587933981
80842	Orit Hazzan	3	0.0828015131143	0.00132488254798	11852.0	0.00735970561178	0.00114325757981
500731	Suzanne Menzel	3	0.00275988960442	8.47111603565e-07	6.0	0.00459981600736	0.00103316874195
50198	T. Dean Hendrix	3	0.0467392751658	0.000660747050781	6080.0	0.0064397424103	0.0010661890777
939034	Lijun Ni	3	0.0803661744933	5.33680310246e-05	3536.0	0.0064397424103	0.000855953153493
50227	Dennis Brylow	3	0.0118704929222	0.000164339651092	604.0	0.0110395584177	0.00158610765946
611461	Renée McCauley	3	0.0687408788119	0.000557117064611	4134.0	0.00551977920883	0.00080929300291
83121	Michael Kölling	3	0.0755784023958	0.00132657677118	12840.0	0.0064397424103	0.00115125320096
453497	Harriet G. Taylor	3	0.0670856451861	0.000913943152569	4236.0	0.0110395584177	0.00127389949655
462112	Andrew Petersen	3	0.0716166313025	0.000133418977417	3968.0	0.00459981600736	0.000578540283514
83166	Josh D. Tenenberg	3	0.0878166851076	0.00139152199412	3236.0	0.0110395584177	0.00120826096361
611551	Joseph Mertz	3	0.0598262722123	0.00198224115234	21322.0	0.0064397424103	0.00107597136648
832871	Youwen Ouyang	3	0.0683769954303	0.000985190794946	9094.0	0.00551977920883	0.000924347518885
83323	Allison Elliott Tew	3	0.0794228040828	0.0	3578.0	0.00551977920883	0.000743553930692
83351	Scott A. Turner	3	0.0627040584749	0.0	4532.0	0.00459981600736	0.000739127980861
46494	Sarah A. Douglas	3	0.00919963201472	4.06613569711e-05	116.0	0.0110395584177	0.00145326220184
1462	Mladen A. Vouk	3	0.0128794848206	9.14880531851e-05	220.0	0.0147194112236	0.00183251955511
726698	Paul Denny	3	0.083580821473	0.00393906895658	28372.0	0.00919963201472	0.00133590962026
257898	Jason Nieh	3	0.00275988960442	3.38844641426e-06	14.0	0.00459981600736	0.00119148513194
559006	Gursimran S. Walia	3	0.00551977920883	1.3553785657e-05	44.0	0.00735970561178	0.00132351300627
1075143	Mel Chua	3	0.0680821257806	0.00076338874008	4174.0	0.00735970561178	0.00102533112237
54951	Joan Peckham	3	0.0670539860803	0.000331245573613	4222.0	0.0101195952162	0.0011884984578
727075	Ville Isomöttönen	2	0.00183992640294	0.0	4.0	0.00367985280589	0.000919117647059
153645	Kathi Fisler	2	0.00294388224471	6.77689282852e-06	30.0	0.00459981600736	0.00115646650805
12344	Peter J. Clarke	2	0.00459981600736	1.12948213809e-06	10.0	0.0064397424103	0.00101953238327
727111	Kyu Han Koh	2	0.00383318000613	0.0	12.0	0.00551977920883	0.00090834426163
727124	Vesa Lappalainen	2	0.00183992640294	0.0	4.0	0.00367985280589	0.000919117647059
1075299	Rebecca Bates	2	0.0064397424103	7.62400443209e-06	14.0	0.00827966881325	0.0012309247424
727142	Michael Wrinn	2	0.044907521019	0.0	6328.0	0.00827966881325	0.00102401568377
14016	Martha E. Crosby	2	0.0467085458593	0.0	6084.0	0.00459981600736	0.000741005227838
55427	Suzanne W. Dietrich	2	0.00183992640294	1.69422320713e-06	8.0	0.00367985280589	0.00114721983684
1005711	Jody Paul	2	0.0951690532513	0.000365703320413	2986.0	0.00735970561178	0.00085087695069
161424	Yolanda Jacobs Reimer	2	0.0065711657248	0.0	28.0	0.00735970561178	0.000921661192537
277766	Keith Hellman	2	0.00473123932186	1.3553785657e-05	50.0	0.0064397424103	0.00134378327553
1075373	Robert Glen Martin	2	0.0767625048645	0.0	3702.0	0.00459981600736	0.000671570827263
80064	David G. Kay	2	0.0797795600809	0.0	3562.0	0.0064397424103	0.000816539115697
727233	Matthew C. Jadud	2	0.0833357164247	0.00521820747796	40492.0	0.00735970561178	0.000993569161318
105848	William M. Jones	2	0.00183992640294	0.0	4.0	0.00367985280589	0.000919117647059
