# Periodo: 1986-1987
89855	Judith D. Wilson	3	0.0	0.0	0.0	0.010582010582	0.00526315789474
788284	Carol Chrisman	3	0.0119047619048	0.00011257458066	18.0	0.021164021164	0.00613183444047
280456	G. Scott Owen	3	0.010582010582	0.0	4.0	0.021164021164	0.00526315789474
1075743	Janet M. Cook	2	0.0	0.0	0.0	0.010582010582	0.00526315789474
611397	Janet Hartman	2	0.0119047619048	0.00011257458066	18.0	0.021164021164	0.00613183444047
726803	John L. Donaldson	2	0.0	0.0	0.0	0.010582010582	0.00526315789474
727708	Barry L. Kurtz	2	0.015873015873	0.00011257458066	14.0	0.026455026455	0.00682282080034
407766	William G. Bulgren	2	0.021164021164	0.000225149161319	24.0	0.031746031746	0.00740624015128
409318	Jeffrey A. Brumfield	2	0.0	0.0	0.0	0.010582010582	0.00526315789474
1049324	Karl Rehmer	2	0.00529100529101	0.0	2.0	0.015873015873	0.00526315789474
1074963	David Ballew	2	0.0	0.0	0.0	0.010582010582	0.00526315789474
787824	Barbara Beccue	2	0.00793650793651	0.0	12.0	0.015873015873	0.004394481349
408433	Gordon E. Stokes	2	0.021164021164	0.000225149161319	24.0	0.031746031746	0.00740624015128
429950	Charles M. Shub	2	0.0	0.0	0.0	0.010582010582	0.00526315789474
1049506	Ivan B. Liss	2	0.00529100529101	0.0	2.0	0.015873015873	0.00526315789474
1049507	Thomas C. McMillan	2	0.00529100529101	0.0	2.0	0.015873015873	0.00526315789474
1075158	Osvaldo Laurido-Santos	2	0.0	0.0	0.0	0.010582010582	0.00526315789474
1049092	Evans J. Adams	1	0.0	0.0	0.0	0.010582010582	0.00526315789474
160781	Alka Harriger	1	0.00529100529101	0.0	2.0	0.015873015873	0.00526315789474
# Periodo: 1988-1989
620275	Leslie J. Waguespack Jr.	4	0.0217391304348	0.000151889120942	26.0	0.0304347826087	0.00554414063871
453497	Harriet G. Taylor	3	0.0260869565217	0.000341750522119	48.0	0.0347826086957	0.0067775723968
80677	Donald J. Bagert	3	0.0217391304348	0.0	10.0	0.0304347826087	0.004329004329
1005589	Laurie Honour Werth	2	0.0	0.0	0.0	0.00869565217391	0.004329004329
294980	Joyce Currie Little	2	0.0626086956522	0.00360736662237	620.0	0.0521739130435	0.006441594297
449615	William A. Marion	2	0.0472518457752	0.0	106.0	0.0347826086957	0.00429178529868
161380	Robert M. Aiken	2	0.0676850763807	0.00486045187013	826.0	0.0565217391304	0.00681543008598
77414	Mark Smotherman	2	0.00434782608696	0.0	2.0	0.0130434782609	0.004329004329
1075307	Richard M. Plishka	2	0.0177536231884	0.0	24.0	0.0173913043478	0.00331049899794
408179	Gayle J. Yaverbaum	2	0.0472518457752	0.0	106.0	0.0347826086957	0.00429178529868
727708	Barry L. Kurtz	2	0.00869565217391	3.79722802354e-05	8.0	0.0173913043478	0.00540335576832
451752	John Beidler	2	0.0193675889328	0.000227833681413	54.0	0.0217391304348	0.00449673439997
706795	Newcomb Greenleaf	2	0.0343061346039	0.0	146.0	0.0173913043478	0.00277684316075
1075336	James R. Sidbury	2	0.0266304347826	0.000455667362825	72.0	0.0347826086957	0.00632155644806
255300	David F. Haas	2	0.012077294686	0.0	18.0	0.0130434782609	0.00249525317073
341355	A. Joe Turner	2	0.0642140468227	0.00410100626543	690.0	0.0565217391304	0.00666620279146
429950	Charles M. Shub	2	0.0130434782609	0.0	6.0	0.0217391304348	0.004329004329
280456	G. Scott Owen	2	0.0	0.0	0.0	0.00869565217391	0.004329004329
1049506	Ivan B. Liss	2	0.00434782608696	0.0	2.0	0.0130434782609	0.004329004329
1049507	Thomas C. McMillan	2	0.00434782608696	0.0	2.0	0.0130434782609	0.004329004329
203225	Joseph E. Lang	2	0.00869565217391	3.79722802354e-05	8.0	0.0173913043478	0.00540335576832
49639	Barbee T. Mynatt	2	0.00869565217391	3.79722802354e-05	8.0	0.0173913043478	0.00540335576832
89855	Judith D. Wilson	2	0.049104859335	0.00167078033036	386.0	0.0434782608696	0.00586532991781
# Periodo: 1990-1991
611397	Janet Hartman	3	0.00826446280992	3.42923768046e-05	8.0	0.0165289256198	0.0051365233847
727708	Barry L. Kurtz	3	0.0123966942149	6.85847536093e-05	14.0	0.0206611570248	0.00533471532326
910338	Cindy Hanchey	2	0.0371900826446	0.000685847536093	98.0	0.0454545454545	0.00649333040031
1005589	Laurie Honour Werth	2	0.0371900826446	0.0	18.0	0.0454545454545	0.00411522633745
29745	Eugene H. Spafford	2	0.0371900826446	0.000617262782483	90.0	0.0454545454545	0.00625237586392
294980	Joyce Currie Little	2	0.0239079102715	0.0	28.0	0.0247933884298	0.00365380423017
944396	Dean Sanders	2	0.00550964187328	0.0	6.0	0.0123966942149	0.00360457781382
830153	Hayden S. Porter	2	0.0165289256198	0.000102877130414	20.0	0.0247933884298	0.00532609732903
831683	Richard Johnsonbaugh	2	0.00826446280992	3.42923768046e-05	8.0	0.0165289256198	0.0051365233847
48362	Michael B. Feldman	2	0.0206611570248	0.000205754260828	34.0	0.0289256198347	0.00592082776022
280873	Steve Cunningham	2	0.0123966942149	0.0	6.0	0.0206611570248	0.00411522633745
611471	Nell B. Dale	2	0.0257469802924	0.0	26.0	0.0289256198347	0.0040087432107
429950	Charles M. Shub	2	0.0165289256198	0.0	8.0	0.0247933884298	0.00411522633745
425419	Owen L. Astrachan	2	0.0165289256198	0.0	8.0	0.0247933884298	0.00411522633745
442845	Henry MacKay Walker	2	0.0165289256198	0.0	8.0	0.0247933884298	0.00411522633745
355297	William J. Collins	2	0.00413223140496	0.0	2.0	0.0123966942149	0.00411522633745
1075696	C. William Higginbotham	2	0.0371900826446	0.000274339014437	50.0	0.0454545454545	0.00505814381855
727178	Ahmad Ghafarian	1	0.0	0.0	0.0	0.00826446280992	0.00411522633745
910337	Theresia G. Fisher	1	0.0123966942149	0.0	6.0	0.0206611570248	0.00411522633745
43012	Hossein Saiedian	1	0.00413223140496	0.0	2.0	0.0123966942149	0.00411522633745
281096	Jeffrey J. McConnell	1	0.0123966942149	0.0	6.0	0.0206611570248	0.00411522633745
787979	J. Thomas Allen	1	0.0132231404959	0.0	10.0	0.0206611570248	0.00420060826631
1075458	David J. Thurente	1	0.0	0.0	0.0	0.00826446280992	0.00411522633745
1074861	William A. Shay	1	0.0	0.0	0.0	0.00826446280992	0.00411522633745
# Periodo: 1992-1993
944396	Dean Sanders	3	0.0406504065041	0.000796416127427	116.0	0.0487804878049	0.00640141415543
80064	David G. Kay	3	0.0	0.0	0.0	0.00813008130081	0.00404858299595
453497	Harriet G. Taylor	3	0.029933481153	0.000497760079642	90.0	0.0365853658537	0.00653721662712
611391	Karl J. Klee	2	0.0121951219512	6.63680106189e-05	14.0	0.020325203252	0.00524832317227
611397	Janet Hartman	2	0.0290360046458	0.0	28.0	0.0325203252033	0.00405978672442
117350	Vicki L. Almstrum	2	0.0162601626016	0.000132736021238	24.0	0.0243902439024	0.00569710780867
78414	Roger L. Wainwright	2	0.00406504065041	0.0	2.0	0.0121951219512	0.00404858299595
48233	J. Paul Myers Jr.	2	0.0108401084011	0.0	12.0	0.0162601626016	0.00363645179277
611471	Nell B. Dale	2	0.0274390243902	0.000265472042476	62.0	0.0325203252033	0.00556066055963
1037456	Richard E. Pattis	2	0.00914634146341	0.0	8.0	0.0162601626016	0.00397512951577
727708	Barry L. Kurtz	2	0.0274390243902	0.000265472042476	62.0	0.0325203252033	0.00556066055963
611496	Judith L. Gersting	2	0.020325203252	0.000132736021238	26.0	0.0284552845528	0.00518500602243
110763	Michael J. Clancy	2	0.0121951219512	6.63680106189e-05	14.0	0.020325203252	0.00524832317227
365026	Richard J. Reid	2	0.0	0.0	0.0	0.00813008130081	0.00404858299595
83148	Rachelle S. Heller	2	0.0284552845528	0.000398208063713	62.0	0.0365853658537	0.00616434676542
944382	G. Joy Teague	2	0.00406504065041	0.0	2.0	0.0121951219512	0.00404858299595
1075475	Rosalee Nerheim-Wolfe	2	0.0121951219512	0.0	6.0	0.020325203252	0.00404858299595
80678	Doug Baldwin	2	0.0121951219512	6.63680106189e-05	14.0	0.020325203252	0.00524832317227
110736	Daniel P. Friedman	2	0.0378361475922	0.000995520159283	166.0	0.0447154471545	0.00650668052139
61674	Marsha Meredith	2	0.0290360046458	0.0	28.0	0.0325203252033	0.00405978672442
49577	Richard C. Holt	2	0.0307418699187	0.00059731209557	124.0	0.0325203252033	0.00532902545338
29635	Cherri M. Pancake	2	0.0121951219512	6.63680106189e-05	14.0	0.020325203252	0.00524832317227
425419	Owen L. Astrachan	2	0.00813008130081	0.0	4.0	0.0162601626016	0.00404858299595
352233	Martin Osborne	2	0.00406504065041	0.0	2.0	0.0121951219512	0.00404858299595
# Periodo: 1994-1995
425419	Owen L. Astrachan	5	0.0740190554246	0.0189624329159	16986.0	0.0418604651163	0.00548905602483
1074991	David W. Brown	5	0.0372093023256	0.000834824090638	332.0	0.0418604651163	0.00511478584753
80678	Doug Baldwin	4	0.0503063640162	0.00281960933124	196.0	0.0255813953488	0.00363961601079
1075324	Lynn Ziegler	3	0.0491296069631	0.00363311107497	3210.0	0.0279069767442	0.00412287137935
944382	G. Joy Teague	3	0.0215830273358	0.000390307367052	114.0	0.0232558139535	0.00311065268589
596249	Dino Schweitzer	3	0.0223255813953	0.0002331002331	80.0	0.0255813953488	0.00394141952674
1049336	Greg W. Scragg	3	0.0542010502626	0.00208850580944	152.0	0.0209302325581	0.00289475524107
80677	Donald J. Bagert	3	0.0512266023823	0.00179975063696	2292.0	0.0116279069767	0.00221792120664
442845	Henry MacKay Walker	3	0.0558216796724	0.00523662384128	5126.0	0.0255813953488	0.00427600772661
170870	David Finkel	3	0.0186046511628	0.000205995554833	92.0	0.0232558139535	0.00417277369588
611441	Barbara Boucher Owens	3	0.0677513128282	0.0060497641893	5310.0	0.0255813953488	0.00384876822613
80064	David G. Kay	3	0.0473304945955	0.00266710034152	3314.0	0.0232558139535	0.00343086737634
81068	Allen B. Tucker	3	0.0591631182443	0.0039800509568	1302.0	0.0232558139535	0.00340019184297
83117	Robert D. Cupper	3	0.0727373401792	0.0150850183408	4512.0	0.0302325581395	0.00435234825483
83195	Rick Decker	3	0.0651252929511	0.00761966715455	1742.0	0.0279069767442	0.00387489675773
83196	Stuart Hirshfield	3	0.0811706549826	0.0219421405468	16810.0	0.0279069767442	0.00381986189241
83366	Susan H. Rodger	3	0.0196990424077	0.00021683742614	134.0	0.0209302325581	0.00330167379258
654833	Lee H. Tichenor	3	0.00697674418605	0.0	6.0	0.0116279069767	0.00232018561485
579282	John Barr	3	0.0666758951643	0.00268878408413	2498.0	0.0232558139535	0.0036361867092
51038	Joseph L. Zachary	3	0.0162790697674	0.000130102455684	62.0	0.0209302325581	0.0035326998846
1075214	Paul A. Luker	2	0.00232558139535	0.0	2.0	0.00697674418605	0.00232018561485
77845	Eric S. Roberts	2	0.0	0.0	0.0	0.0046511627907	0.00232018561485
159804	Valerie A. Clarke	2	0.0164031007752	0.0	150.0	0.0162790697674	0.0021590666235
294978	David L. Feinstein	2	0.0171247357294	4.3367485228e-05	22.0	0.0209302325581	0.00275875231172
294979	John T. Gorgone	2	0.0171247357294	4.3367485228e-05	22.0	0.0209302325581	0.00275875231172
294980	Joyce Currie Little	2	0.0139534883721	9.75768417629e-05	48.0	0.0186046511628	0.00348217710117
217224	Gordon B. Davis	2	0.0171247357294	4.3367485228e-05	22.0	0.0209302325581	0.00275875231172
110763	Michael J. Clancy	2	0.0593721751993	0.0066785927251	6336.0	0.0302325581395	0.00355927064558
727364	David M. Arnow	2	0.0	0.0	0.0	0.0046511627907	0.00232018561485
203102	Viera K. Proulx	2	0.0093023255814	0.0	8.0	0.0139534883721	0.00232018561485
106897	David Levine	2	0.0661508881157	0.000910717189787	1182.0	0.0186046511628	0.00272250766054
1075602	William E. Toll	2	0.0	0.0	0.0	0.0046511627907	0.00232018561485
1075603	Danielle R. Bernstein	2	0.0215830273358	0.000390307367052	114.0	0.0232558139535	0.00311065268589
401477	Thomas L. Naps	2	0.0186046511628	0.000119260584377	92.0	0.0186046511628	0.00290586186981
577563	Richard Rasala	2	0.0093023255814	0.0	8.0	0.0139534883721	0.00232018561485
365026	Richard J. Reid	2	0.049564382246	0.0	678.0	0.0139534883721	0.00202328638457
111080	Michael B. O'Neal	2	0.0046511627907	0.0	4.0	0.0093023255814	0.00232018561485
111110	Scott B. Grissom	2	0.0209302325581	0.000113839648723	32.0	0.0232558139535	0.00343655759048
727567	Harriet J. Fell	2	0.0093023255814	0.0	8.0	0.0139534883721	0.00232018561485
760356	Walter Potter	2	0.0666758951643	0.00266710034152	2490.0	0.0209302325581	0.00314182699604
408162	Michael R. Wick	2	0.0046511627907	0.0	4.0	0.0093023255814	0.00232018561485
726801	Nira Herrmann	2	0.00232558139535	0.0	2.0	0.00697674418605	0.00232018561485
451185	Michael C. Mulder	2	0.0156976744186	6.50512278419e-05	24.0	0.0186046511628	0.00257014533355
# Periodo: 1996-1997
51038	Joseph L. Zachary	4	0.0313545150502	0.000742023250062	238.0	0.0288461538462	0.00451267025041
611535	Renée A. McCauley	4	0.0224358974359	0.000206117569462	54.0	0.0288461538462	0.00456904788114
217164	Frances S. Grodzinsky	4	0.0224358974359	0.000123670541677	38.0	0.0288461538462	0.00399949411469
110114	Bill Z. Manaris	3	0.0130876068376	0.0	24.0	0.0128205128205	0.00222621822555
83121	Michael Kölling	3	0.00320512820513	0.0	2.0	0.00961538461538	0.00319488817891
165595	John Rosenberg	3	0.00320512820513	0.0	2.0	0.00961538461538	0.00319488817891
80540	Mark Woodman	3	0.0128205128205	2.06117569462e-05	8.0	0.0192307692308	0.00372948957404
55427	Suzanne W. Dietrich	3	0.00961538461538	4.12235138923e-05	14.0	0.0160256410256	0.00414164799856
1075109	Richard A. Howard	3	0.0160256410256	0.000123670541677	34.0	0.0224358974359	0.00459668097446
162723	Simon Holland	3	0.0128205128205	2.06117569462e-05	8.0	0.0192307692308	0.00372948957404
727567	Harriet J. Fell	2	0.00641025641026	0.0	4.0	0.0128205128205	0.00319488817891
50199	James H. Cross II	2	0.00961538461538	4.12235138923e-05	14.0	0.0160256410256	0.00414164799856
174084	Ewan D. Tempero	2	0.00961538461538	0.0	6.0	0.0160256410256	0.00319488817891
577563	Richard Rasala	2	0.0	0.0	0.0	0.00641025641026	0.00319488817891
727069	Kenneth A. Reek	2	0.0	0.0	0.0	0.00641025641026	0.00319488817891
857643	Linda M. Null	2	0.0174501424501	0.0	18.0	0.0224358974359	0.00330752421981
661576	Curtis A. Carver	2	0.010016025641	0.0	16.0	0.0128205128205	0.00260868391903
55397	Massood Towhidnejad	2	0.00641025641026	2.06117569462e-05	8.0	0.0128205128205	0.00398778013572
611432	Tony Greening	2	0.00320512820513	0.0	2.0	0.00961538461538	0.00319488817891
13421	John T. Stasko	2	0.0128205128205	0.0	8.0	0.0192307692308	0.00319488817891
325909	David Jackson	2	0.00641025641026	2.06117569462e-05	8.0	0.0128205128205	0.00398778013572
106129	Eric Roberts	2	0.0313545150502	0.000742023250062	238.0	0.0288461538462	0.00451267025041
110763	Michael J. Clancy	2	0.0343406593407	0.00103058784731	302.0	0.0352564102564	0.0050285607833
79552	Thomas B. Hilburn	2	0.0042735042735	0.0	6.0	0.00961538461538	0.00279844220051
579282	John Barr	2	0.00641025641026	0.0	4.0	0.0128205128205	0.00319488817891
1075065	Christopher M. Boroni	2	0.0192307692308	2.74823425949e-05	12.0	0.025641025641	0.00373666472796
777464	Roy J. Daigle	2	0.00961538461538	4.12235138923e-05	14.0	0.0160256410256	0.00414164799856
504520	Eugene Wallingford	2	0.00320512820513	0.0	2.0	0.00961538461538	0.00319488817891
611601	Mats Daniels	2	0.0200320512821	0.000185505812515	80.0	0.0192307692308	0.00332215339685
42713	Edward A. Fox	2	0.0160256410256	0.000123670541677	34.0	0.0224358974359	0.00459668097446
727354	Robert Griffiths	2	0.0102564102564	0.0	10.0	0.0160256410256	0.00303871249045
# Periodo: 1998-1999
83366	Susan H. Rodger	5	0.0622340622341	0.0121204721205	7108.0	0.034188034188	0.0054025691795
425419	Owen L. Astrachan	5	0.0731606533133	0.0189010989011	10562.0	0.042735042735	0.00626296224104
38915	Michael T. Goodrich	4	0.014245014245	2.442002442e-05	10.0	0.019943019943	0.00335150226698
38916	Roberto Tamassia	4	0.014245014245	2.442002442e-05	10.0	0.019943019943	0.00335150226698
110763	Michael J. Clancy	3	0.063893637227	0.0116076516077	7030.0	0.034188034188	0.00509010862932
80064	David G. Kay	3	0.0499169040836	0.0	384.0	0.017094017094	0.00253531028591
203102	Viera K. Proulx	3	0.00569800569801	0.0	4.0	0.011396011396	0.00284090909091
49536	Stephen J. Hartley	3	0.0128205128205	0.0	16.0	0.017094017094	0.00288401079063
109271	Russell L. Shackelford	3	0.0413105413105	0.00183964183964	1612.0	0.019943019943	0.00380669611436
408432	Doris K. Lidtke	3	0.017094017094	0.00014652014652	48.0	0.022792022792	0.00426368843922
353438	Sami Khuri	3	0.011396011396	8.14000814001e-05	28.0	0.017094017094	0.00452689905815
106129	Eric Roberts	3	0.0529505280886	0.00890516890517	5506.0	0.039886039886	0.0061608689991
1074938	Uta Ziegler	3	0.002849002849	0.0	2.0	0.00854700854701	0.00284090909091
577563	Richard Rasala	2	0.00569800569801	0.0	4.0	0.011396011396	0.00284090909091
704568	Peter J. Knoke	2	0.0229819563153	0.00039072039072	150.0	0.025641025641	0.0041394527287
294979	John T. Gorgone	2	0.011396011396	0.0	18.0	0.014245014245	0.00260377919952
401477	Thomas L. Naps	2	0.00569800569801	1.628001628e-05	8.0	0.011396011396	0.00354595222296
727216	Denise M. Woit	2	0.002849002849	0.0	2.0	0.00854700854701	0.00284090909091
13007	Fintan Culwin	2	0.002849002849	0.0	2.0	0.00854700854701	0.00284090909091
49377	Ann E. Kelley Sobel	2	0.002849002849	0.0	2.0	0.00854700854701	0.00284090909091
49531	Murali Sitaraman	2	0.017094017094	0.0	12.0	0.022792022792	0.00284090909091
407780	Susan A. Mengel	2	0.017094017094	8.14000814001e-05	32.0	0.022792022792	0.00359572891404
944390	Herbert L. Dershem	2	0.00569800569801	1.628001628e-05	8.0	0.011396011396	0.00354595222296
51512	Tracy Camp	2	0.017094017094	0.00013024013024	44.0	0.022792022792	0.00409085838303
501491	Christopher H. Nevison	2	0.0479202279202	0.0	400.0	0.017094017094	0.00247971341267
442872	Daniel D. McCracken	2	0.0550807217474	0.0	348.0	0.017094017094	0.00246517748386
111110	Scott B. Grissom	2	0.011396011396	4.884004884e-05	20.0	0.017094017094	0.00367682287201
830006	Nancy J. Wahl	2	0.00569800569801	0.0	4.0	0.011396011396	0.00284090909091
451185	Michael C. Mulder	2	0.011396011396	0.0	18.0	0.014245014245	0.00260377919952
727708	Barry L. Kurtz	2	0.014245014245	9.76800976801e-05	34.0	0.019943019943	0.00408738961648
380363	Samuel A. Rebelsky	2	0.017094017094	0.0	12.0	0.022792022792	0.00284090909091
1049336	Greg W. Scragg	2	0.0413105413105	0.000927960927961	1040.0	0.022792022792	0.0035362854567
281381	John L. Lowther	2	0.00854700854701	0.0	6.0	0.014245014245	0.00284090909091
442845	Henry MacKay Walker	2	0.0402690990926	0.00351648351648	2780.0	0.02849002849	0.00424518547994
4274	Bruce W. Weide	2	0.017094017094	0.0	12.0	0.022792022792	0.00284090909091
# Periodo: 2000-2001
83332	Ursula Wolz	6	0.0999978299082	0.0318352287701	18646.0	0.0615763546798	0.00706168209783
425419	Owen L. Astrachan	4	0.0941888273409	0.0210606337043	5836.0	0.0418719211823	0.00506263244936
48736	Frederick N. Springsteel	4	0.0540670431335	0.00388007054674	1812.0	0.051724137931	0.00594238023917
106129	Eric Roberts	4	0.0736996993155	0.00133795536094	616.0	0.0221674876847	0.00263010226902
38915	Michael T. Goodrich	3	0.00738916256158	0.0	6.0	0.012315270936	0.002457002457
38916	Roberto Tamassia	3	0.00738916256158	0.0	6.0	0.012315270936	0.002457002457
577563	Richard Rasala	3	0.0553646521687	0.00228668734416	2828.0	0.0197044334975	0.00327442117056
202813	Joseph Bergin	3	0.0704953645626	0.00656814449918	5852.0	0.0221674876847	0.00326942804305
294979	John T. Gorgone	3	0.0189465706707	0.000267591072189	128.0	0.0221674876847	0.0039903345583
229455	Pamela B. Lawhead	3	0.0610201811537	0.00662896065195	6236.0	0.0270935960591	0.00412318266174
110763	Michael J. Clancy	3	0.0825436632333	0.00899268178962	-1098.0	0.0295566502463	0.00408250768664
4274	Bruce W. Weide	3	0.0205254515599	0.000340570455513	152.0	0.0246305418719	0.00465118675603
80064	David G. Kay	3	0.077738039004	0.0122605363985	10472.0	0.0295566502463	0.00366143789543
49615	David Gries	3	0.0834540712837	0.00399359403191	2716.0	0.0394088669951	0.00475147030236
225942	Steven Robbins	3	0.0	0.0	0.0	0.00492610837438	0.002457002457
408432	Doris K. Lidtke	3	0.0189465706707	0.000267591072189	128.0	0.0221674876847	0.0039903345583
611471	Nell B. Dale	3	0.0759180849136	0.00886699507389	4238.0	0.0320197044335	0.00470515985645
50450	Peter B. Henderson	3	0.0418254484618	0.00210423888585	1120.0	0.0295566502463	0.0045081474889
105923	Chris McDonald	3	0.0634064452211	0.00341786778568	3412.0	0.0270935960591	0.00412411665544
122328	Elliot B. Koffman	3	0.0825436632333	0.014863467737	7526.0	0.0295566502463	0.00398179362708
202530	Stuart Reges	3	0.0754136458112	0.00339354132458	2948.0	0.0221674876847	0.00320149124362
679757	Mary Ann Robbert	3	0.0351864883885	0.000985221674877	648.0	0.0172413793103	0.0027382998675
89967	Clare Bates Congdon	3	0.0610201811537	0.00447606884388	4424.0	0.0246305418719	0.00345005735594
1005610	Rick Duley	2	0.00492610837438	0.0	4.0	0.00985221674877	0.002457002457
401477	Thomas L. Naps	2	0.0603710302903	0.00228668734416	2624.0	0.0172413793103	0.00285671354362
55427	Suzanne W. Dietrich	2	0.00738916256158	0.0	6.0	0.012315270936	0.002457002457
333994	Sue Fitzgerald	2	0.0610201811537	0.00447606884388	4424.0	0.0246305418719	0.00345005735594
1005748	Ann E. Fleury	2	0.0	0.0	0.0	0.00492610837438	0.002457002457
409914	Duane Buck	2	0.00246305418719	0.0	2.0	0.00738916256158	0.002457002457
203102	Viera K. Proulx	2	0.0450387051372	0.0	1008.0	0.00985221674877	0.00176805853115
49536	Stephen J. Hartley	2	0.0	0.0	0.0	0.00492610837438	0.002457002457
80269	Gerald L. Engel	2	0.0736996993155	0.00133795536094	616.0	0.0221674876847	0.00263010226902
727539	Donna Tupper	2	0.00985221674877	4.05441018468e-06	8.0	0.0147783251232	0.00264223102361
727540	Kathleen Harmeyer	2	0.00985221674877	4.05441018468e-06	8.0	0.0147783251232	0.00264223102361
727541	Sylvia Sorkin	2	0.00985221674877	4.05441018468e-06	8.0	0.0147783251232	0.00264223102361
100857	Bernd Freisleben	2	0.00246305418719	0.0	2.0	0.00738916256158	0.002457002457
408162	Michael R. Wick	2	0.00246305418719	0.0	2.0	0.00738916256158	0.002457002457
559764	Stanislaw P. Maj	2	0.00492610837438	0.0	4.0	0.00985221674877	0.002457002457
559765	D. Veal	2	0.00492610837438	0.0	4.0	0.00985221674877	0.002457002457
25298	Kevin W. Bowyer	2	0.00246305418719	0.0	2.0	0.00738916256158	0.002457002457
# Periodo: 2002-2003
83282	David Ginat	5	0.0472906403941	0.00465067005668	-766.0	0.0183908045977	0.00273552556121
83394	Andrew T. Phillips	5	0.0191570881226	0.000243656973357	128.0	0.0229885057471	0.00382756300172
280873	Steve Cunningham	4	0.0176834659593	7.4156470152e-05	26.0	0.0206896551724	0.00312925595351
50450	Peter B. Henderson	4	0.0386722526587	0.00439465367163	3258.0	0.0344827586207	0.00461285672573
408162	Michael R. Wick	3	0.0114942528736	0.0	40.0	0.00919540229885	0.00162814328891
80678	Doug Baldwin	3	0.0486815415822	0.00362837014672	-786.0	0.0206896551724	0.00295276999057
80842	Orit Hazzan	3	0.0420094521267	0.00313399367904	1900.0	0.0252873563218	0.00375967238441
611435	Jeffrey L. Popyack	3	0.0424403183024	0.00343238518989	3306.0	0.0344827586207	0.00395677353094
83137	Michele H. Jackson	3	0.00919540229885	4.23751258012e-05	24.0	0.0137931034483	0.00322748997418
83127	Daniel D. Garcia	3	0.0540906017579	0.00533573459046	-1498.0	0.0229885057471	0.00317284303462
343262	Joel C. Adams	3	0.00919540229885	5.29689072514e-05	28.0	0.0137931034483	0.00365474419374
83321	Ching-Kuang Shene	3	0.0137931034483	9.53440330526e-05	48.0	0.0183908045977	0.00359086977904
388502	Daniel E. Stevenson	3	0.0114942528736	0.0	40.0	0.00919540229885	0.00162814328891
83366	Susan H. Rodger	3	0.0392220951136	0.00237300704486	2526.0	0.0229885057471	0.00332541391604
83369	Michael T. Grinder	3	0.00919540229885	0.0	8.0	0.0137931034483	0.00229357798165
83393	Paul J. Wagner	3	0.0183908045977	0.000307219662058	188.0	0.0183908045977	0.00339217215551
202530	Stuart Reges	3	0.0411734431292	0.0	402.0	0.0206896551724	0.00238847256362
249892	David B. Levine	2	0.0486815415822	0.000625033105567	796.0	0.0183908045977	0.00255243039291
561192	David J. Barnes	2	0.0114942528736	0.0	10.0	0.016091954023	0.00229357798165
202813	Joseph Bergin	2	0.0155172413793	0.000190688066105	114.0	0.0183908045977	0.00330507562149
55427	Suzanne W. Dietrich	2	0.00459770114943	0.0	4.0	0.00919540229885	0.00229357798165
110763	Michael J. Clancy	2	0.044734389562	0.00237300704486	2266.0	0.0229885057471	0.00328803359135
147661	Robert Cartwright	2	0.00689655172414	5.29689072514e-06	6.0	0.0114942528736	0.00257818254872
944390	Herbert L. Dershem	2	0.016091954023	0.000105937814503	54.0	0.0206896551724	0.00328007336405
944396	Dean Sanders	2	0.0150470219436	0.000116531595953	108.0	0.016091954023	0.00267012736527
61807	Robert H. Sloan	2	0.0195902048976	0.000423751258012	278.0	0.0206896551724	0.00320700989814
49551	Amer Diwan	2	0.00613026819923	0.0	12.0	0.00919540229885	0.00206009998352
449615	William A. Marion	2	0.0431034482759	0.00294683687342	-354.0	0.0183908045977	0.00269688265967
442845	Henry MacKay Walker	2	0.00459770114943	0.0	4.0	0.00919540229885	0.00229357798165
197109	Robert N. Lass	2	0.0332363938513	0.0	498.0	0.0183908045977	0.00215257030853
547340	David Reed	2	0.0548070335693	0.00524568744813	-2658.0	0.0252873563218	0.00333832834191
1074953	James Caristi	2	0.0103448275862	0.0	36.0	0.0114942528736	0.00205618567842
117350	Vicki L. Almstrum	2	0.0413793103448	0.00132245705104	400.0	0.0183908045977	0.00259263598837
197229	Mark Ratcliffe	2	0.00919540229885	1.05937814503e-05	8.0	0.0137931034483	0.00267736292815
225942	Steven Robbins	2	0.0	0.0	0.0	0.00459770114943	0.00229357798165
183053	Bruce W. Char	2	0.0332363938513	0.0	498.0	0.0183908045977	0.00215257030853
119943	Peter R. Turner	2	0.0176834659593	7.4156470152e-05	26.0	0.0206896551724	0.00312925595351
101219	Ian Sanders	2	0.00459770114943	0.0	4.0	0.00919540229885	0.00229357798165
697209	Ewa Z. Bem	2	0.00229885057471	0.0	2.0	0.00689655172414	0.00229357798165
50047	Susan Darling Urban	2	0.00459770114943	0.0	4.0	0.00919540229885	0.00229357798165
611363	Raymond Lister	2	0.00919540229885	3.17813443509e-05	20.0	0.0137931034483	0.00296844415355
611392	Nick Parlante	2	0.053050397878	0.00715080247894	6372.0	0.032183908046	0.00386104099952
119944	Angela B. Shiflet	2	0.0153256704981	0.0	30.0	0.016091954023	0.00238347069329
# Periodo: 2004-2005
14008	Mark Guzdial	8	0.0952014499643	0.0245385954024	12230.0	0.0375	0.00635214917725
83116	Kim B. Bruce	6	0.105564707433	0.0284765829409	-6112.0	0.0392857142857	0.00463560740205
13150	Manuel A. Pérez-Quiñones	5	0.0842652009257	0.017537314568	24586.0	0.0285714285714	0.00416547591215
13739	Mordechai Ben-Ari	5	0.00892857142857	5.11116790187e-05	42.0	0.0125	0.00303909508726
280873	Steve Cunningham	4	0.0660693665457	0.00337656529517	7966.0	0.0142857142857	0.00232310656855
408162	Michael R. Wick	4	0.0642877207063	0.00112765141835	1780.0	0.0107142857143	0.00188214038548
80842	Orit Hazzan	4	0.100910178886	0.0275818547455	-7436.0	0.0232142857143	0.00327559429626
50199	James H. Cross II	4	0.0939508562046	0.0175740206637	3702.0	0.0428571428571	0.00465430531264
83127	Daniel D. Garcia	4	0.0913994751255	0.0223053750421	-2534.0	0.0214285714286	0.0029960503545
1508	Leen-Kiat Soh	4	0.0107142857143	5.11116790187e-05	44.0	0.0142857142857	0.00256681310308
78124	Edward F. Gehringer	3	0.0801345538215	0.00548853485938	6362.0	0.0232142857143	0.00322461755747
388502	Daniel E. Stevenson	3	0.0642877207063	0.00112765141835	1780.0	0.0107142857143	0.00188214038548
49551	Amer Diwan	3	0.00714285714286	2.12965329244e-06	8.0	0.0107142857143	0.0019169127034
524915	John Impagliazzo	3	0.090675232058	0.0117301100524	-2510.0	0.0321428571429	0.00343581404845
425419	Owen L. Astrachan	3	0.0922839861751	0.00756830102345	252.0	0.0160714285714	0.0021545514509
12823	Mary Beth Rosson	3	0.0677113271344	0.00228405315615	5770.0	0.0142857142857	0.00233454858396
715792	Clifton Kussmaul	3	0.0747922502334	0.00557117301303	10870.0	0.0196428571429	0.00302528632548
83121	Michael Kölling	3	0.0921353807223	0.0015345673153	2838.0	0.0142857142857	0.00200509661027
83136	William M. Waite	3	0.00714285714286	2.12965329244e-06	8.0	0.0107142857143	0.0019169127034
83137	Michele H. Jackson	3	0.00714285714286	2.12965329244e-06	8.0	0.0107142857143	0.0019169127034
83161	Amruth N. Kumar	3	0.00714285714286	3.19447993867e-05	44.0	0.0107142857143	0.0023302459653
83253	Sally Fincher	3	0.00672268907563	0.0	34.0	0.00714285714286	0.00147245458033
83284	Lillian N. Cassel	3	0.0820890551342	0.00769230769231	14782.0	0.0232142857143	0.00266540145964
83366	Susan H. Rodger	3	0.0961614645858	0.0139053277841	1774.0	0.0285714285714	0.00343789930414
83393	Paul J. Wagner	3	0.0797992628014	0.00558395093279	10990.0	0.0178571428571	0.00272569763127
106129	Eric Roberts	3	0.0736371575657	0.0	1554.0	0.00892857142857	0.00148233395308
1074899	Stuart A. Hansen	3	0.0461048117877	0.0	2482.0	0.00535714285714	0.000785194840492
1074953	James Caristi	3	0.0950433080209	0.0261996260937	16266.0	0.0267857142857	0.00366465810727
77845	Eric S. Roberts	2	0.0915457142857	0.00213935842673	688.0	0.0232142857143	0.002607728526
577563	Richard Rasala	2	0.0735425082629	0.00113723485817	3466.0	0.0107142857143	0.00165686660059
77996	Beth Simon	2	0.0629439729687	0.00226169179658	6154.0	0.0160714285714	0.00225920779258
4274	Bruce W. Weide	2	0.00535714285714	1.27779197547e-05	14.0	0.00892857142857	0.00231075904376
725173	Ken Yasuhara	2	0.0630132945249	0.00337337081523	8302.0	0.0178571428571	0.00247734429606
147661	Robert Cartwright	2	0.00714285714286	1.9166879632e-05	20.0	0.0107142857143	0.00230702611577
249892	David B. Levine	2	0.0739225729051	0.000565422949144	1548.0	0.0196428571429	0.00214201674043
162026	Lilly Irani	2	0.0753834933183	0.0	1518.0	0.00892857142857	0.00139291664802
2331	Ashok Samal	2	0.00803571428571	0.0	16.0	0.0107142857143	0.00180957539805
61807	Robert H. Sloan	2	0.0812728287338	0.0	1408.0	0.0178571428571	0.00183733791577
203138	James B. Fenwick Jr.	2	0.00357142857143	0.0	4.0	0.00714285714286	0.0017825311943
727471	Phil Ventura	2	0.00584415584416	3.19447993867e-05	52.0	0.00714285714286	0.00169420912439
117168	Donald D. Chinn	2	0.0744032138213	0.00580463625522	-1024.0	0.0178571428571	0.00227321463771
455130	Debra T. Burhans	2	0.00714285714286	1.9166879632e-05	20.0	0.0107142857143	0.00230702611577
442845	Henry MacKay Walker	2	0.0915457142857	0.00511441562314	502.0	0.0142857142857	0.00177875838347
547340	David Reed	2	0.0681955559339	0.00337337081523	7750.0	0.0178571428571	0.00242660821618
51811	Brad Richards	2	0.0538250907136	0.00113723485817	4606.0	0.0214285714286	0.0023825658991
598653	Eydie Lawson	2	0.0815043752544	0.00226169179658	4912.0	0.0214285714286	0.00243282237142
225942	Steven Robbins	2	0.0	0.0	0.0	0.00357142857143	0.0017825311943
727708	Barry L. Kurtz	2	0.00357142857143	0.0	4.0	0.00714285714286	0.0017825311943
109271	Russell L. Shackelford	2	0.0812728287338	0.0	1408.0	0.0178571428571	0.00183733791577
748278	Joe D. Chase	2	0.0678719708524	0.00555839509328	11806.0	0.0178571428571	0.00253354931201
453382	Joe Bergin	2	0.0961614645858	0.0076987270758	-122.0	0.0142857142857	0.00183106156533
52004	Bina Ramamurthy	2	0.00803571428571	5.11116790187e-05	60.0	0.0107142857143	0.00231984295412
281381	John L. Lowther	2	0.00535714285714	3.19447993867e-06	6.0	0.00892857142857	0.00200372119651
80678	Doug Baldwin	2	0.0852698530977	0.00459872007837	670.0	0.0160714285714	0.00219725948376
525103	Martyn Clark	2	0.00879120879121	0.000102223358037	130.0	0.00892857142857	0.00183329686341
49995	Richard J. LeBlanc	2	0.08185417944	0.000965442825908	1398.0	0.0267857142857	0.00270769460864
# Periodo: 2006-2007
450034	Andrew D. McGettrick	6	0.0685432187775	0.0115579810687	6062.0	0.0298245614035	0.00326229008298
77996	Beth Simon	5	0.0569136110418	0.00717479110782	16846.0	0.0228070175439	0.00288377508078
408162	Michael R. Wick	5	0.0636732339863	0.0139857552493	33922.0	0.0175438596491	0.00302685732706
83284	Lillian N. Cassel	5	0.0730460579673	0.0217269007316	-14530.0	0.0263157894737	0.0028642065532
1074852	Thomas J. Cortina	5	0.0437637460999	0.0119631239787	40270.0	0.0175438596491	0.0030008428309
61807	Robert H. Sloan	4	0.0612692445399	0.00104317618886	1960.0	0.0210526315789	0.00205792380432
83167	Robert McCartney	4	0.0676169590643	0.00966578719793	-424.0	0.0298245614035	0.00323070560716
83366	Susan H. Rodger	4	0.0769793072425	0.0348911528969	-7378.0	0.0368421052632	0.00439922277535
106129	Eric Roberts	4	0.075148760512	0.0249113116711	-26258.0	0.0210526315789	0.00234502641364
14008	Mark Guzdial	4	0.0678461690951	0.00778219714488	16618.0	0.0210526315789	0.00331799188356
636747	Carol Zander	4	0.0715659828953	0.0212242380996	-18610.0	0.0298245614035	0.00338974826454
115012	Ian Parberry	3	0.0538993354121	0.00448925477137	12572.0	0.0157894736842	0.00305841178394
506254	Thomas P. Way	3	0.00350877192982	6.16655875189e-06	8.0	0.00701754385965	0.00218594602886
336312	David Klappholz	3	0.0704740136727	0.0208915375727	-3876.0	0.019298245614	0.00285680047721
205416	David R. Musicant	3	0.0669385280369	0.0055499028767	13214.0	0.0228070175439	0.00268677273386
13150	Manuel A. Pérez-Quiñones	3	0.071908813951	0.0221515710777	-54.0	0.0245614035088	0.00317032405519
110763	Michael J. Clancy	3	0.0714807852966	0.0368883544538	103468.0	0.0245614035088	0.00338694066053
13324	Chang Liu	3	0.0429498280752	0.00336694107853	12258.0	0.0140350877193	0.00230904936339
611392	Nick Parlante	3	0.0804877475189	0.0463081546867	111622.0	0.0298245614035	0.00343187950735
961727	Tamara Denning	3	0.0486579089539	6.16655875189e-06	2468.0	0.0140350877193	0.00183187983035
83252	Michal Armoni	3	0.0106140350877	0.000117164616286	152.0	0.0122807017544	0.00256465245416
48448	Stuart H. Zweben	3	0.0117933723197	0.000147997410045	174.0	0.0140350877193	0.00255416260543
773471	Brian J. Rosmaita	3	0.00863697705803	0.0	26.0	0.00877192982456	0.00159597165814
109928	Heikki Topi	3	0.0612692445399	0.00104317618886	1960.0	0.0210526315789	0.00205792380432
80842	Orit Hazzan	3	0.0349905942011	0.00446458853637	18576.0	0.0157894736842	0.00259015274871
202530	Stuart Reges	3	0.0754319844838	0.00468388311141	1592.0	0.019298245614	0.0021569826456
48977	William G. Griswold	3	0.0486579089539	6.16655875189e-06	2468.0	0.0140350877193	0.00183187983035
202646	Gordon Davies	3	0.0612692445399	0.00104317618886	1960.0	0.0210526315789	0.00205792380432
1075225	Roshni Malani	2	0.0486185098373	0.0	2470.0	0.0122807017544	0.00158582520732
249892	David B. Levine	2	0.0609582331463	0.00113464681035	4306.0	0.0122807017544	0.00191248236834
501873	Valentin Razmov	2	0.00877192982456	0.0	10.0	0.0122807017544	0.00175131348511
727179	Titus Winters	2	0.0666413536616	0.00113464681035	3970.0	0.019298245614	0.0021934858794
104643	Lenore Blum	2	0.0389389491888	0.00768353220485	28434.0	0.0105263157895	0.00173052647942
165591	Thomas P. Murtagh	2	0.0	0.0	0.0	0.00350877192982	0.00175131348511
280873	Steve Cunningham	2	0.00730994152047	2.46662350076e-05	30.0	0.0105263157895	0.00217086279986
321884	Sara Stoecklin	2	0.00350877192982	0.0	4.0	0.00701754385965	0.00175131348511
203102	Viera K. Proulx	2	0.0489355009365	0.00113464681035	5274.0	0.0157894736842	0.00228807776153
401800	Myles F. McNally	2	0.0559588626739	0.0286744981963	86276.0	0.019298245614	0.00273375943512
160165	Judith Gal-Ezer	2	0.00707602339181	0.0	60.0	0.00526315789474	0.00108873528302
727471	Phil Ventura	2	0.00789473684211	1.84996762557e-05	16.0	0.0105263157895	0.00199773631071
423783	Kate Sanders	2	0.0601641880252	0.00195788240372	1996.0	0.019298245614	0.00215353232832
64933	Li Xu	2	0.00233918128655	0.0	6.0	0.00526315789474	0.00153399721324
727524	Jonas Boustedt	2	0.0668639862462	0.000893857373369	1796.0	0.0245614035088	0.00259890618492
188904	Jonathan S. Turner	2	0.0122807017544	2.46662350076e-05	14.0	0.0157894736842	0.00227029040902
750082	Peter DePasquale	2	0.0406250741875	0.0	2956.0	0.00701754385965	0.0015019576573
1075716	Laurence I. Peterson	2	0.00526315789474	0.0	6.0	0.00877192982456	0.00175131348511
1075717	Dale Benham	2	0.00526315789474	0.0	6.0	0.00877192982456	0.00175131348511
547340	David Reed	2	0.0683870838828	0.00336694107853	8098.0	0.019298245614	0.00256537643007
606779	Jeffrey Forbes	2	0.0694148666464	0.000246662350076	1730.0	0.0122807017544	0.00152867347975
567734	Frank Klassner	2	0.0544862610246	0.00113464681035	4774.0	0.0105263157895	0.00172559670524
197229	Mark Ratcliffe	2	0.0595673210805	0.0	2016.0	0.0140350877193	0.00152173290608
408179	Gayle J. Yaverbaum	2	0.00816464237517	0.0	52.0	0.00877192982456	0.00158026300151
340600	David J. Malan	2	0.00175438596491	0.0	2.0	0.00526315789474	0.00175131348511
129720	Peter Shirley	2	0.00730994152047	9.24983812783e-06	12.0	0.0105263157895	0.0020885138906
425419	Owen L. Astrachan	2	0.0783862397508	0.0316269877976	-7450.0	0.0157894736842	0.00189433559591
383750	David Lindquist	2	0.0486185098373	0.0	2470.0	0.0122807017544	0.00158582520732
66362	Moshe Y. Vardi	2	0.0132675438596	0.000184996762557	206.0	0.0140350877193	0.00260674237968
# Periodo: 2008-2009
77996	Beth Simon	5	0.0777559753679	0.00919018834273	10342.0	0.0292307692308	0.0034610882716
425419	Owen L. Astrachan	5	0.0743270477901	0.0412990399431	124678.0	0.0261538461538	0.00309578813825
830383	Maureen Biggers	4	0.057478589615	0.0131350005926	36158.0	0.0338461538462	0.00322267234487
611461	Renée McCauley	4	0.0777559753679	0.013387177794	-5586.0	0.0246153846154	0.00277113762974
83266	Richard E. Ladner	4	0.0138461538462	0.000118525542254	118.0	0.0169230769231	0.00303523337262
83284	Lillian N. Cassel	4	0.069970883817	0.00481039864091	4770.0	0.0215384615385	0.00271859432246
83332	Ursula Wolz	4	0.0130316742081	0.000156453715776	202.0	0.0138461538462	0.00244308182055
611725	Katherine Deibel	4	0.0702281297134	0.0159265141638	40968.0	0.0246153846154	0.00293035111585
450034	Andrew D. McGettrick	4	0.0718122228649	0.0106463367141	-3258.0	0.0276923076923	0.00324951939362
636747	Carol Zander	4	0.0845223508055	0.0442405616982	131760.0	0.0292307692308	0.00315957955742
1075319	Carol Spradling	3	0.05847566719	0.0103923195449	32352.0	0.0169230769231	0.00231101684896
727524	Jonas Boustedt	3	0.0797025783674	0.0146289473239	1438.0	0.0292307692308	0.00303059178248
160165	Judith Gal-Ezer	3	0.00895104895105	6.63743036624e-05	82.0	0.0107692307692	0.00220456626198
524915	John Impagliazzo	3	0.0603222672065	0.00824390863374	25188.0	0.02	0.00263629511984
13150	Manuel A. Pérez-Quiñones	3	0.00923076923077	1.89640867607e-05	12.0	0.0123076923077	0.00219156194671
453497	Harriet G. Taylor	3	0.0542158503748	0.00479633360989	15246.0	0.0123076923077	0.00181556101436
939034	Lijun Ni	3	0.0489796186719	0.00531942633638	18552.0	0.0246153846154	0.00247296681449
104984	Susanne E. Hambrusch	3	0.066403422765	0.0284935403579	-6624.0	0.0292307692308	0.00302679385518
83120	Stephen Cooper	3	0.0561274768327	0.00401248469045	1636.0	0.0215384615385	0.00221012073788
83127	Daniel D. Garcia	3	0.071187768753	0.0172782415325	-4962.0	0.0230769230769	0.00259324651128
48335	Stephen H. Edwards	3	0.00923076923077	1.89640867607e-05	12.0	0.0123076923077	0.00219156194671
83167	Robert McCartney	3	0.0797025783674	0.0146289473239	1438.0	0.0292307692308	0.00303059178248
83203	Lecia Jane Barker	3	0.0504455579632	0.00707360436174	24402.0	0.0169230769231	0.00278592073593
83232	Michael E. Caspersen	3	0.0681404920882	0.00532100667694	13946.0	0.0230769230769	0.00261332485707
83276	Brian Hanks	3	0.0720832123851	0.00447552447552	11754.0	0.0153846153846	0.00220216825951
83366	Susan H. Rodger	3	0.0577683002481	0.0089660621864	12682.0	0.04	0.00378000534358
83389	Joanne McGrath Cohoon	3	0.0434137529138	0.00270475287424	11682.0	0.0123076923077	0.00223194144819
1622	Tiffany Barnes	3	0.0138461538462	0.000184899845917	228.0	0.0153846153846	0.00267510778827
513712	John Nordlinger	3	0.0734694280079	0.00400497807277	5066.0	0.0215384615385	0.00266270609373
49159	Gail E. Kaiser	2	0.00769230769231	9.48204338035e-06	10.0	0.0107692307692	0.00191731978876
49234	André van der Hoek	2	0.00307692307692	4.74102169017e-06	8.0	0.00615384615385	0.00191731978876
280743	Christine Alvarado	2	0.0498314381271	0.00358421239777	12980.0	0.0138461538462	0.00209858586989
104643	Lenore Blum	2	0.00895104895105	7.11153253526e-05	100.0	0.0107692307692	0.00207748601061
106538	Stephen C. F. Chan	2	0.00461538461538	0.0	6.0	0.00769230769231	0.00153609831029
611371	Alison Young	2	0.0595079479192	0.0102974991111	32812.0	0.0153846153846	0.00209998985179
78124	Edward F. Gehringer	2	0.0590176661649	0.000910276164513	4266.0	0.00923076923077	0.0013660015281
61807	Robert H. Sloan	2	0.0676577967487	0.000910276164513	3770.0	0.0138461538462	0.00170512878219
569747	Jessica D. Bayliss	2	0.0105494505495	0.0	42.0	0.00769230769231	0.00129155001559
340384	Monica Sweat	2	0.0566266342353	0.000417209908735	2024.0	0.02	0.00188644187467
106929	Steven Huss-Lederman	2	0.0566826447539	0.00181107028565	6822.0	0.0215384615385	0.002181848552
648896	Michael Panitz	2	0.0593231406275	6.32136225357e-06	1932.0	0.0123076923077	0.00150677875466
442845	Henry MacKay Walker	2	0.0802607196725	0.0413037809648	127568.0	0.0184615384615	0.00213411876713
606719	Zachary Dodds	2	0.0592005721551	0.00617281024061	19426.0	0.0138461538462	0.00187587700213
83335	Sarah Monisha Pulimood	2	0.00820512820513	0.0	54.0	0.00615384615385	0.00107309479502
50949	Arthur B. Pyster	2	0.0676577967487	1.58034056339e-06	1694.0	0.0138461538462	0.00156894995666
410178	Jens Mache	2	0.00791208791209	3.79281735214e-05	50.0	0.0107692307692	0.00224583134221
117350	Vicki L. Almstrum	2	0.0508033278778	0.00531942633638	19050.0	0.0123076923077	0.00191722815009
111341	Jesse M. Heines	2	0.0461031004394	0.00181107028565	8214.0	0.0107692307692	0.00190975894457
719598	Mark Christensen van Langeveld	2	0.00307692307692	0.0	4.0	0.00615384615385	0.00153609831029
719599	Robert Kessler	2	0.00307692307692	0.0	4.0	0.00615384615385	0.00153609831029
1049419	Brian Harvey	2	0.0107692307692	5.68922602821e-05	62.0	0.0138461538462	0.00233885353343
117661	Janet Davis	2	0.00685314685315	0.0	22.0	0.00769230769231	0.00132115292268
53747	Scott T. Leutenegger	2	0.0732815266575	0.00219627829797	1194.0	0.0184615384615	0.0021318062003
80842	Orit Hazzan	2	0.00757396449704	9.48204338035e-06	26.0	0.00769230769231	0.00149484463818
44880	Kelvin Sung	2	0.0593231406275	6.32136225357e-06	1932.0	0.0123076923077	0.00150677875466
566260	Scott A. Wallace	2	0.0593231406275	6.32136225357e-06	1932.0	0.0123076923077	0.00150677875466
795677	Joseph D. Oldham	2	0.0577683002481	0.0	1984.0	0.0107692307692	0.00136824086983
50227	Dennis Brylow	2	0.00307692307692	0.0	4.0	0.00615384615385	0.00153609831029
611392	Nick Parlante	2	0.0598810385017	0.0	1914.0	0.0138461538462	0.00154098929372
164963	David S. Touretzky	2	0.0107692307692	1.89640867607e-05	14.0	0.0138461538462	0.00199129926813
35842	Inna Pivkina	2	0.00769230769231	2.8446130141e-05	34.0	0.0107692307692	0.00221007856375
178712	Zhen Wu	2	0.0379510952624	2.37051084509e-06	3020.0	0.00769230769231	0.00144948275884
163028	Stan Kurkovsky	2	0.00307692307692	0.0	4.0	0.00615384615385	0.00153609831029
83166	Josh D. Tenenberg	2	0.0686301243667	0.00601807232316	798.0	0.0184615384615	0.00206232822409
83211	Thomas Reichlmayr	2	0.0582972063542	0.000910276164513	4314.0	0.00923076923077	0.00161179132449
# Periodo: 2010-2011
14008	Mark Guzdial	11	0.0927754138853	0.0201992736519	12504.0	0.0493066255778	0.00653838254579
83127	Daniel D. Garcia	8	0.110464843713	0.0339685286523	24072.0	0.0508474576271	0.00650471501519
77996	Beth Simon	7	0.110914802344	0.033574728235	4890.0	0.0431432973806	0.00555123168504
450468	Chris Stephenson	5	0.0858977412472	0.0129525118461	17424.0	0.0246533127889	0.00338893324206
48335	Stephen H. Edwards	5	0.0713750562919	0.00478894405448	9070.0	0.0184899845917	0.00277576772181
606719	Zachary Dodds	4	0.0901641853488	0.0058565690314	2264.0	0.0246533127889	0.00279573913537
83120	Stephen Cooper	4	0.0948765992172	0.00705458712952	8568.0	0.0261941448382	0.00340324722215
83167	Robert McCartney	4	0.0867184203037	0.00648195704693	9298.0	0.0308166409861	0.00358372640022
322904	Mehran Sahami	4	0.0785846579375	0.00247868216912	734.0	0.0154083204931	0.00192178488621
83327	Henry M. Walker	4	0.0717512094212	0.00143398079682	1474.0	0.0169491525424	0.00228280828889
83332	Ursula Wolz	4	0.0607125618179	0.00971104643421	27172.0	0.0154083204931	0.0024998285657
83366	Susan H. Rodger	4	0.0739934347156	0.0138029700647	33548.0	0.0184899845917	0.00258441984231
110104	Christopher D. Hundhausen	4	0.0107858243451	6.18235081512e-05	52.0	0.0138674884438	0.00273969019999
998754	Guy-Alain Amoussou	3	0.0833984195263	0.00531227160229	-1338.0	0.0169491525424	0.00207631427946
333994	Sue Fitzgerald	3	0.0691106192268	0.00254122751769	912.0	0.0184899845917	0.00227716349783
203138	James B. Fenwick Jr.	3	0.0128402670776	0.000107002225646	120.0	0.0154083204931	0.00253914179976
340600	David J. Malan	3	0.0734941537796	0.000145432442984	1482.0	0.0231124807396	0.00233196449435
62088	Valerie Barr	3	0.01854134566	0.000361429739961	474.0	0.0154083204931	0.00261845208812
727708	Barry L. Kurtz	3	0.0118525542254	4.51787174951e-05	22.0	0.0138674884438	0.00223276798654
425419	Owen L. Astrachan	3	0.103338079603	0.018179938566	-8570.0	0.020030816641	0.0025453914264
13150	Manuel A. Pérez-Quiñones	3	0.0575070411306	4.75565447317e-06	1894.0	0.00924499229584	0.00149166794393
80842	Orit Hazzan	3	0.0810404284981	0.00176910346402	4768.0	0.0123266563945	0.00193561018625
986103	Ariel Ortiz	3	0.00550297160467	0.0	14.0	0.00770416024653	0.0015016424214
83166	Josh D. Tenenberg	3	0.085627622564	0.000832239532805	1272.0	0.0184899845917	0.00205718070848
50227	Dennis Brylow	3	0.0198657274928	0.000428008902585	542.0	0.0184899845917	0.00264123832512
611392	Nick Parlante	3	0.0891312077753	0.0077511689329	-870.0	0.0338983050847	0.00349293573166
343262	Joel C. Adams	3	0.00770416024653	2.8533926839e-05	34.0	0.0107858243451	0.00221347868462
832871	Youwen Ouyang	3	0.0600431840691	0.00130304932565	4000.0	0.00924499229584	0.0016035950656
83323	Allison Elliott Tew	3	0.07063445908	0.0	1542.0	0.00924499229584	0.00127784615456
1074955	Julie Zelenski	3	0.0759542091363	0.00137619298989	1122.0	0.0261941448382	0.00273387664761
54951	Joan Peckham	3	0.0665759999397	0.000493173127354	1622.0	0.0169491525424	0.0019730977877
935984	Richard A. Brown	2	0.00462249614792	0.0	6.0	0.00770416024653	0.00153846153846
4165	Elizabeth Shoop	2	0.00462249614792	0.0	6.0	0.00770416024653	0.00153846153846
727233	Matthew C. Jadud	2	0.0810404284981	0.00263938823261	6468.0	0.0123266563945	0.00192545587411
350565	David C. Webb	2	0.00770416024653	7.13348170975e-06	10.0	0.0107858243451	0.0018149673815
1075589	Michelle Friend Hutton	2	0.0854931992947	0.00017136208285	1274.0	0.0169491525424	0.0019541706936
401801	Scott Grissom	2	0.0664947105625	0.000443238755386	1638.0	0.0154083204931	0.00174578437118
1075611	Kevin Kupzyk	2	0.0123266563945	7.13348170975e-06	16.0	0.0154083204931	0.00177169243313
401477	Thomas L. Naps	2	0.0871346687211	0.0113043265586	-2976.0	0.0138674884438	0.00181083874166
160165	Judith Gal-Ezer	2	0.0634722237188	0.0	1716.0	0.00616332819723	0.00107494063904
83351	Scott A. Turner	2	0.0574463796948	0.0	1896.0	0.00770416024653	0.00121538079348
727524	Jonas Boustedt	2	0.085627622564	0.000832239532805	1272.0	0.0184899845917	0.00205718070848
1075709	Victor Piotrowski	2	0.0664947105625	0.000443238755386	1638.0	0.0154083204931	0.00174578437118
104984	Susanne E. Hambrusch	2	0.0179432377355	0.00028533926839	398.0	0.0138674884438	0.00212205162747
950821	Matthew Lang	2	0.00308166409861	4.75565447317e-06	8.0	0.00616332819723	0.00192026951151
80425	Alexander Repenning	2	0.00770416024653	7.13348170975e-06	10.0	0.0107858243451	0.0018149673815
672299	Hans-Peter Bischof	2	0.0823890589269	0.00263938823261	6380.0	0.0138674884438	0.00195842214353
678482	Joseph A. Cottam	2	0.00462249614792	2.37782723658e-06	6.0	0.00770416024653	0.00172936552499
62037	Marie desJardins	2	0.0716567999351	0.000889307386483	3412.0	0.00924499229584	0.00126974140015
281179	Erik Brunvand	2	0.00154083204931	0.0	2.0	0.00462249614792	0.00153846153846
51811	Brad Richards	2	0.085627622564	0.00125549278092	1272.0	0.0184899845917	0.00210986771842
12986	Deborah G. Tatar	2	0.00308166409861	4.75565447317e-06	8.0	0.00616332819723	0.00192026951151
111341	Jesse M. Heines	2	0.0107858243451	5.7067853678e-05	62.0	0.0138674884438	0.00234245176963
453497	Harriet G. Taylor	2	0.0664947105625	0.000443238755386	1638.0	0.0154083204931	0.00174578437118
117661	Janet Davis	2	0.0874143947844	0.00055593034642	1246.0	0.0169491525424	0.00192145173831
318382	David Wolber	2	0.00462249614792	0.0	6.0	0.00770416024653	0.00153846153846
112457	Siddharth Kaza	2	0.0154083204931	7.60904715707e-05	84.0	0.0184899845917	0.00213753523963
732119	Anukrati Agrawal	2	0.0075500770416	4.75565447317e-06	20.0	0.00924499229584	0.00173437291579
500731	Suzanne Menzel	2	0.00462249614792	2.37782723658e-06	6.0	0.00770416024653	0.00172936552499
160780	Barbara M. Moskal	2	0.00616332819723	1.42669634195e-05	20.0	0.00924499229584	0.00199114100146
939034	Lijun Ni	2	0.0707261921438	7.13348170975e-06	1540.0	0.0107858243451	0.00152539170007
160822	Tim Bell	2	0.00308166409861	4.75565447317e-06	8.0	0.00616332819723	0.00192026951151
611417	Paul T. Tymann	2	0.068159158887	0.0	1598.0	0.00770416024653	0.00102939082144
257895	Oren Laadan	2	0.00308166409861	0.0	4.0	0.00616332819723	0.00153846153846
611461	Renée McCauley	2	0.0657719419694	0.00034121820845	1656.0	0.00770416024653	0.0011145976961
# Periodo: 2012-2013
48335	Stephen H. Edwards	7	0.0107267950963	9.21743939534e-05	84.0	0.0140105078809	0.00304292091375
83127	Daniel D. Garcia	6	0.0238397548161	0.00155467477801	2144.0	0.0245183887916	0.00391581351351
1017124	Steve Cooper	5	0.0380962192232	0.0031646541924	3694.0	0.031523642732	0.00443589548283
935984	Richard A. Brown	4	0.0202451838879	0.000147479030325	50.0	0.0227670753065	0.00273732212675
4165	Elizabeth Shoop	4	0.0202451838879	0.000147479030325	50.0	0.0227670753065	0.00273732212675
939030	Anthony Allevato	4	0.0078013055246	3.68697575813e-05	54.0	0.00875656742557	0.00196792361534
248238	Daniela Marghitu	4	0.0163006870538	0.000233508464682	206.0	0.0192644483363	0.00323746138662
727533	Luke Segars	4	0.0179922677857	0.0	212.0	0.0140105078809	0.00194782018875
27205	Jeff Gray	4	0.0385497456426	0.0028307780543	3634.0	0.0245183887916	0.00338217376233
343262	Joel C. Adams	4	0.018745540637	0.000190493747504	218.0	0.0192644483363	0.0026018766596
83885	Heidi J. C. Ellis	4	0.0122591943958	3.53335176821e-05	10.0	0.015761821366	0.00246931470008
1074884	Barbara Ericson	4	0.0268616955675	0.00210157618214	2978.0	0.0175131348511	0.00306461111922
182355	Ralph Morelli	3	0.0308397965141	0.00138056758943	2090.0	0.0210157618214	0.00293558334129
1075552	Chinma Uche	3	0.0297080608622	0.00052027324587	810.0	0.0210157618214	0.0029479574794
410178	Jens Mache	3	0.0202451838879	0.000319537899038	358.0	0.0192644483363	0.00251772744337
380363	Samuel A. Rebelsky	3	0.010189460277	9.21743939534e-05	100.0	0.0122591943958	0.00246444709543
1049419	Brian Harvey	3	0.0179922677857	0.0	212.0	0.0140105078809	0.00194782018875
48013	Yasmin B. Kafai	3	0.0174970677549	0.00055304636372	1034.0	0.0192644483363	0.00265058396947
117661	Janet Davis	3	0.010189460277	0.000104464313147	108.0	0.0122591943958	0.00271260084719
160822	Tim Bell	3	0.0117727184277	0.000110609272744	136.0	0.0105078809107	0.00202192755234
611506	Daniel Zingaro	3	0.0249075695661	0.000460871969767	376.0	0.0280210157618	0.00349070221153
1622	Tiffany Barnes	3	0.018163622717	0.000196638707101	482.0	0.015761821366	0.00232417138914
579282	John Barr	3	0.00573157140583	3.07247979845e-05	52.0	0.00700525394046	0.00166162818155
118499	Jan Vahrenhold	3	0.00700525394046	3.07247979845e-05	28.0	0.0105078809107	0.00278578403578
79717	Gregory W. Hislop	3	0.0107267950963	2.15073585891e-05	16.0	0.0140105078809	0.00220142340232
1075299	Rebecca Bates	2	0.0122591943958	2.7652318186e-05	14.0	0.015761821366	0.00234133937016
61600	Deepak Kumar	2	0.00350262697023	0.0	4.0	0.00700525394046	0.00174825174825
1075371	Lester L. Wainwright	2	0.0188829741118	0.0	202.0	0.00875656742557	0.00152185762756
1075372	Renee Ciezki	2	0.0188829741118	0.0	202.0	0.00875656742557	0.00152185762756
1075373	Robert Glen Martin	2	0.0188829741118	0.0	202.0	0.00875656742557	0.00152185762756
506154	Amine Chigani	2	0.0122591943958	6.14495959689e-05	54.0	0.015761821366	0.00250019578099
119117	Dianna Xu	2	0.00350262697023	0.0	4.0	0.00700525394046	0.00174825174825
108907	N. Hari Narayanan	2	0.00525394045534	0.0	6.0	0.00875656742557	0.00174825174825
385389	Lynn Lambert	2	0.0105954465849	0.0	40.0	0.00700525394046	0.00122951116671
727407	Zachary Kurmas	2	0.0186806771745	9.21743939534e-05	124.0	0.0192644483363	0.00226025476124
49531	Murali Sitaraman	2	0.0122591943958	2.45798383876e-05	14.0	0.015761821366	0.00226632136984
1075601	Stephen Bloch	2	0.00350262697023	6.14495959689e-06	8.0	0.00700525394046	0.0021821244449
106929	Steven Huss-Lederman	2	0.00858143607706	0.0	20.0	0.0105078809107	0.00157583116329
453705	Jeffrey A. Stone	2	0.00525394045534	0.0	6.0	0.00875656742557	0.00174825174825
811448	Michael Rogers	2	0.00700525394046	3.07247979845e-05	44.0	0.0105078809107	0.00228543354161
425419	Owen L. Astrachan	2	0.0254974695589	0.000737395151627	1238.0	0.015761821366	0.00249469502215
727499	Ananda Gunawardena	2	0.00394045534151	0.0	32.0	0.00525394045534	0.00127483898133
47581	Michael E. Locasto	2	0.0140591554777	0.000184348787907	268.0	0.0105078809107	0.00186398791765
1075712	Josh Paley	2	0.0179922677857	0.0	212.0	0.0140105078809	0.00194782018875
606779	Jeffrey Forbes	2	0.0193902912214	0.0	334.0	0.00875656742557	0.00145461837874
340563	Ira Greenberg	2	0.00350262697023	0.0	4.0	0.00700525394046	0.00174825174825
348818	D. Brian Larkins	2	0.00350262697023	0.0	4.0	0.00700525394046	0.00174825174825
432788	Evelyn Brannock	2	0.0122591943958	6.14495959689e-05	54.0	0.015761821366	0.00250019578099
1063609	Tom McKlin	2	0.0247685764323	0.00159768949519	2506.0	0.0122591943958	0.00178275151754
953090	Quinn Burke	2	0.0170283962972	0.0	224.0	0.0140105078809	0.00179319097509
160222	Jill Denner	2	0.00525394045534	0.0	6.0	0.00875656742557	0.00174825174825
80816	Nikolai Tillmann	2	0.00875656742557	4.09663973126e-06	10.0	0.0122591943958	0.00193925040734
830391	Hal Abelson	2	0.028158075078	0.0	230.0	0.0105078809107	0.00142123809505
281535	Ruth E. Anderson	2	0.0229658059147	0.000258088303069	646.0	0.00875656742557	0.00155569143951
31724	Monica Anderson	2	0.00700525394046	2.45798383876e-05	24.0	0.0105078809107	0.00246011473556
715792	Clifton Kussmaul	2	0.00175131348511	0.0	2.0	0.00525394045534	0.00174825174825
50198	T. Dean Hendrix	2	0.00525394045534	0.0	6.0	0.00875656742557	0.00174825174825
