# Periodo: 1987-1988
233	Peter H. Schmitt	3	0.116883116883	0.0102406554019	122.0	0.142857142857	0.0222130797533
61957	Werner Stephan	2	0.047619047619	0.00102406554019	14.0	0.0793650793651	0.020255247243
116998	Lutz Priese	2	0.015873015873	0.0	2.0	0.047619047619	0.015625
62788	Olga Stepánková	2	0.031746031746	0.0	4.0	0.0634920634921	0.015625
123291	Petr Stepánek	2	0.031746031746	0.0	4.0	0.0634920634921	0.015625
66467	Hans Kleine Büning	2	0.0918367346939	0.00716845878136	104.0	0.0952380952381	0.0178145722755
# Periodo: 1989-1990
194	Egon Börger	3	0.03125	0.000496031746032	8.0	0.0625	0.0192026952029
122962	Robert F. Stärk	3	0.0	0.0	0.0	0.03125	0.0153846153846
58382	Pavel Pudlák	2	0.015625	0.0	2.0	0.046875	0.0153846153846
56920	Daniele Mundici	2	0.0	0.0	0.0	0.03125	0.0153846153846
54330	Domenico Cantone	2	0.046875	0.000248015873016	6.0	0.078125	0.0172936552937
51819	Yuri Gurevich	2	0.03125	0.000496031746032	8.0	0.0625	0.0192026952029
# Periodo: 1990-1991
194	Egon Börger	3	0.0416666666667	0.00117370892019	18.0	0.0694444444444	0.0209010029706
56920	Daniele Mundici	2	0.0	0.0	0.0	0.0277777777778	0.013698630137
66032	Andreas Goerdt	2	0.0	0.0	0.0	0.0277777777778	0.013698630137
198400	Solomon Feferman	1	0.0	0.0	0.0	0.0277777777778	0.013698630137
1083267	Brigitte Bösli	1	0.0	0.0	0.0	0.0277777777778	0.013698630137
172932	Yoram Hirshfeld	1	0.0	0.0	0.0	0.0277777777778	0.013698630137
67973	Erich Grädel	1	0.0	0.0	0.0	0.0277777777778	0.013698630137
# Periodo: 1992-1993
67973	Erich Grädel	3	0.0586854460094	0.00281690140845	44.0	0.0845070422535	0.0219447455523
175883	Richard Zach	2	0.0140845070423	0.0	2.0	0.0422535211268	0.0138888888889
175768	James K. Huggins	2	0.0140845070423	0.0	2.0	0.0422535211268	0.0138888888889
122919	Mario Rodríguez-Artalejo	2	0.056338028169	0.00160965794769	24.0	0.0845070422535	0.0195442448436
68265	Matthias Baaz	2	0.0140845070423	0.0	2.0	0.0422535211268	0.0138888888889
67628	Iain A. Stewart	2	0.0	0.0	0.0	0.0281690140845	0.0138888888889
11703	Eike Ritter	2	0.0140845070423	0.0	2.0	0.0422535211268	0.0138888888889
# Periodo: 1993-1994
599605	Anders Malmström	2	0.0112359550562	0.0	2.0	0.0337078651685	0.0111111111111
68265	Matthias Baaz	2	0.0224719101124	0.000255362614913	8.0	0.0449438202247	0.0138686126913
116510	Dexter Kozen	2	0.0337078651685	0.0	6.0	0.0561797752809	0.0111111111111
11703	Eike Ritter	2	0.0112359550562	0.0	2.0	0.0337078651685	0.0111111111111
173576	Vladimir Yu. Sazonov	1	0.0	0.0	0.0	0.0224719101124	0.0111111111111
608267	Catarina Coquand	1	0.0	0.0	0.0	0.0224719101124	0.0111111111111
58382	Pavel Pudlák	1	0.0112359550562	0.0	2.0	0.0337078651685	0.0111111111111
202784	Hugo Herbelin	1	0.0	0.0	0.0	0.0224719101124	0.0111111111111
173092	David R. Lester	1	0.0112359550562	0.0	2.0	0.0337078651685	0.0111111111111
# Periodo: 1995-1996
175166	Alexander Leitsch	2	0.0235294117647	0.0	4.0	0.0470588235294	0.0116279069767
100516	Anna Ingólfsdóttir	2	0.0117647058824	0.0	2.0	0.0352941176471	0.0116279069767
68265	Matthias Baaz	2	0.0235294117647	0.0	4.0	0.0470588235294	0.0116279069767
279	Bernhard Beckert	2	0.0235294117647	0.000280112044818	8.0	0.0470588235294	0.0145136649789
38760	Gilles Barthe	2	0.0235294117647	0.000280112044818	8.0	0.0470588235294	0.0145136649789
68041	Steven Lindell	2	0.0470588235294	0.00112044817927	24.0	0.0705882352941	0.0163626236046
173531	Herman Geuvers	2	0.0156862745098	0.0	6.0	0.0352941176471	0.0101850279757
122882	Lincoln A. Wallen	1	0.0117647058824	0.0	2.0	0.0352941176471	0.0116279069767
# Periodo: 1996-1997
100558	Gordon D. Plotkin	2	0.0434782608696	0.000716674629718	20.0	0.0652173913043	0.0139165775955
149852	Vincent Danos	2	0.0434782608696	0.000238891543239	8.0	0.0652173913043	0.0125519380288
173010	Laurent Regnier	2	0.0434782608696	0.000238891543239	8.0	0.0652173913043	0.0125519380288
115205	Rajeev Goré	1	0.0	0.0	0.0	0.0217391304348	0.010752688172
68110	Ronald Fagin	1	0.0217391304348	0.0	4.0	0.0434782608696	0.010752688172
225368	Ofer Arieli	1	0.0108695652174	0.0	2.0	0.0326086956522	0.010752688172
174615	Abdelwaheb Ayari	1	0.0217391304348	0.0	4.0	0.0434782608696	0.010752688172
940063	Ina Schiering	1	0.0	0.0	0.0	0.0217391304348	0.010752688172
367150	Stefan Dziembowski	1	0.0	0.0	0.0	0.0217391304348	0.010752688172
# Periodo: 1998-1999
116801	Paul Gastin	2	0.0178571428571	0.000160875160875	8.0	0.0357142857143	0.0110457980751
174285	Thorsten Altenkirch	2	0.00892857142857	0.0	2.0	0.0267857142857	0.00884955752212
115001	Javier Esparza	2	0.0267857142857	0.00032175032175	14.0	0.0446428571429	0.011471998984
35842	Inna Pivkina	1	0.0178571428571	0.0	4.0	0.0357142857143	0.00884955752212
68099	Zenon Sadowski	1	0.0	0.0	0.0	0.0178571428571	0.00884955752212
22	Helmut Seidl	1	0.00892857142857	0.0	2.0	0.0267857142857	0.00884955752212
654359	Shigeki Hagihara	1	0.00892857142857	0.0	2.0	0.0267857142857	0.00884955752212
654360	Naoki Yonezaki	1	0.00892857142857	0.0	2.0	0.0267857142857	0.00884955752212
599589	Ján Komara	1	0.00892857142857	0.0	2.0	0.0267857142857	0.00884955752212
13866	Johann A. Makowsky	1	0.0	0.0	0.0	0.0178571428571	0.00884955752212
67628	Iain A. Stewart	1	0.0	0.0	0.0	0.0178571428571	0.00884955752212
# Periodo: 1999-2000
116801	Paul Gastin	2	0.0176991150442	0.000158027812895	8.0	0.0353982300885	0.0109489051095
173127	John Power	2	0.0176991150442	0.000158027812895	8.0	0.0353982300885	0.0109489051095
51819	Yuri Gurevich	2	0.00884955752212	0.0	2.0	0.0265486725664	0.00877192982456
122978	Jürgen Giesl	2	0.0265486725664	0.00031605562579	14.0	0.0442477876106	0.0113713671326
173719	C.-H. Luke Ong	2	0.0265486725664	0.00031605562579	14.0	0.0442477876106	0.0113713671326
116991	Aart Middeldorp	2	0.0199115044248	0.0	8.0	0.0353982300885	0.00861277998381
115001	Javier Esparza	2	0.0265486725664	0.00031605562579	14.0	0.0442477876106	0.0113713671326
173387	Julian C. Bradfield	2	0.0	0.0	0.0	0.0176991150442	0.00877192982456
59241	Andreas Blass	2	0.00884955752212	0.0	2.0	0.0265486725664	0.00877192982456
67586	Klaus Meer	1	0.00884955752212	0.0	2.0	0.0265486725664	0.00877192982456
22	Helmut Seidl	1	0.00884955752212	0.0	2.0	0.0265486725664	0.00877192982456
# Periodo: 2001-2002
38472	Jean Goubault-Larrecq	3	0.015037593985	0.0	4.0	0.0300751879699	0.00746268656716
174080	Georg Moser	2	0.00751879699248	0.0	2.0	0.0225563909774	0.00746268656716
256	Manfred Schmidt-Schauß	2	0.00751879699248	0.0	2.0	0.0225563909774	0.00746268656716
62	Heribert Vollmer	2	0.0300751879699	0.000341763499658	20.0	0.0451127819549	0.00965852077466
122995	Max I. Kanovich	2	0.0	0.0	0.0	0.015037593985	0.00746268656716
176257	Claudia Faggian	2	0.00751879699248	0.0	2.0	0.0225563909774	0.00746268656716
68265	Matthias Baaz	2	0.00751879699248	0.0	2.0	0.0225563909774	0.00746268656716
173284	Yohji Akama	2	0.00751879699248	0.0	2.0	0.0225563909774	0.00746268656716
156720	Stephan Kreutzer	2	0.0200501253133	0.0	12.0	0.0300751879699	0.00670301188667
67973	Erich Grädel	2	0.0300751879699	0.000455684666211	24.0	0.0451127819549	0.0105013852891
174082	Simona Ronchi Della Rocca	1	0.00751879699248	0.0	2.0	0.0225563909774	0.00746268656716
173061	Jacques Duparc	1	0.015037593985	0.0	4.0	0.0300751879699	0.00746268656716
68103	Matthias Galota	1	0.0171858216971	0.0	14.0	0.0225563909774	0.00480235266705
# Periodo: 2002-2003
174080	Georg Moser	2	0.0133333333333	8.9485458613e-05	8.0	0.0266666666667	0.00826606081114
173061	Jacques Duparc	2	0.0133333333333	0.0	4.0	0.0266666666667	0.00662251655629
38472	Jean Goubault-Larrecq	2	0.015	0.0	8.0	0.0266666666667	0.00650236209559
47215	Helmut Veith	2	0.00666666666667	0.0	2.0	0.02	0.00662251655629
122995	Max I. Kanovich	2	0.00666666666667	0.0	2.0	0.02	0.00662251655629
176257	Claudia Faggian	2	0.00666666666667	0.0	2.0	0.02	0.00662251655629
115353	Ahmed Bouajjani	2	0.0133333333333	0.0	4.0	0.0266666666667	0.00662251655629
123060	Nicolai Vorobjov	2	0.0	0.0	0.0	0.0133333333333	0.00662251655629
12567	David Nowak	2	0.02	0.000178970917226	14.0	0.0333333333333	0.00858500630506
123197	Andrei Voronkov	2	0.0133333333333	8.9485458613e-05	8.0	0.0266666666667	0.00826606081114
116030	Marcin Jurdzinski	2	0.02	4.47427293065e-05	6.0	0.0333333333333	0.00744428868371
123283	Hans Leiß	2	0.0133333333333	8.9485458613e-05	8.0	0.0266666666667	0.00826606081114
51880	Thomas A. Henzinger	2	0.02	4.47427293065e-05	6.0	0.0333333333333	0.00744428868371
173572	Christian Urban	1	0.0133333333333	0.0	4.0	0.0266666666667	0.00662251655629
422921	Alexandre Miquel	1	0.0	0.0	0.0	0.0133333333333	0.00662251655629
# Periodo: 2004-2005
181441	Ashish Tiwari	2	0.00763358778626	0.0	2.0	0.0229007633588	0.00757575757576
173387	Julian C. Bradfield	2	0.0229007633588	0.000234879624193	14.0	0.0381679389313	0.009820726403
402348	Patrick Maier	2	0.0152671755725	0.0	4.0	0.030534351145	0.00757575757576
173061	Jacques Duparc	1	0.0171755725191	0.0	8.0	0.030534351145	0.00743830939237
175623	François Lamarche	1	0.00763358778626	0.0	2.0	0.0229007633588	0.00757575757576
174091	Philip J. Scott	1	0.00763358778626	0.0	2.0	0.0229007633588	0.00757575757576
67599	Bakhadyr Khoussainov	1	0.00763358778626	0.0	2.0	0.0229007633588	0.00757575757576
117776	Krishnendu Chatterjee	1	0.0152671755725	0.0	4.0	0.030534351145	0.00757575757576
115205	Rajeev Goré	1	0.00763358778626	0.0	2.0	0.0229007633588	0.00757575757576
401955	Tjark Weber	1	0.0	0.0	0.0	0.0152671755725	0.00757575757576
117284	Balder ten Cate	1	0.00763358778626	0.0	2.0	0.0229007633588	0.00757575757576
38950	Isabella Mastroeni	1	0.00763358778626	0.0	2.0	0.0229007633588	0.00757575757576
13866	Johann A. Makowsky	1	0.0	0.0	0.0	0.0152671755725	0.00757575757576
# Periodo: 2005-2006
117776	Krishnendu Chatterjee	3	0.0242424242424	0.0	10.0	0.0378787878788	0.00767479438298
13866	Johann A. Makowsky	2	0.020202020202	0.0	12.0	0.030303030303	0.00675341047229
51880	Thomas A. Henzinger	2	0.030303030303	0.000346981263012	20.0	0.0454545454545	0.00973114123161
181441	Ashish Tiwari	2	0.00757575757576	0.0	2.0	0.0227272727273	0.00751879699248
115407	Luc Segoufin	2	0.00757575757576	0.0	2.0	0.0227272727273	0.00751879699248
156883	Hubie Chen	2	0.0151515151515	0.000115660421004	8.0	0.030303030303	0.00938477580813
176257	Claudia Faggian	2	0.0151515151515	0.000115660421004	8.0	0.030303030303	0.00938477580813
67973	Erich Grädel	2	0.030303030303	0.000462641684016	24.0	0.0454545454545	0.0105803430733
115176	Alexander Moshe Rabinovich	2	0.00757575757576	0.0	2.0	0.0227272727273	0.00751879699248
173387	Julian C. Bradfield	2	0.0227272727273	0.000231320842008	14.0	0.0378787878788	0.00974688611369
173061	Jacques Duparc	1	0.0170454545455	0.0	8.0	0.030303030303	0.00738238284326
174091	Philip J. Scott	1	0.00757575757576	0.0	2.0	0.0227272727273	0.00751879699248
67599	Bakhadyr Khoussainov	1	0.00757575757576	0.0	2.0	0.0227272727273	0.00751879699248
# Periodo: 2007-2008
13866	Johann A. Makowsky	3	0.034965034965	0.000590958337437	34.0	0.048951048951	0.00999139736994
122738	Dale Miller	3	0.020979020979	0.000295479168719	18.0	0.034965034965	0.0105956471936
67981	Anuj Dawar	3	0.013986013986	9.84930562395e-05	8.0	0.027972027972	0.00866788321168
401591	Alexis Saurin	2	0.0125874125874	0.0	10.0	0.020979020979	0.0057273768614
118405	Damian Niwinski	2	0.024975024975	0.0	14.0	0.034965034965	0.00677824520062
157367	Makoto Tatsuta	2	0.041958041958	0.000886437506156	48.0	0.0559440559441	0.0104223495181
174330	Klaus Aehlig	2	0.020979020979	0.000196986112479	14.0	0.034965034965	0.0090023321132
176465	Giulio Manzonetto	2	0.027972027972	0.000393972224958	24.0	0.041958041958	0.00977212242182
147295	Wolfgang Thomas	2	0.00699300699301	0.0	2.0	0.020979020979	0.00694444444444
115608	Christof Löding	2	0.013986013986	9.84930562395e-05	8.0	0.027972027972	0.00866788321168
11162	Phuong Nguyen	2	0.0157342657343	0.0	8.0	0.027972027972	0.00681845130945
68023	Arnold Beckmann	2	0.0125874125874	0.0	10.0	0.020979020979	0.00513854304568
173007	Frédéric Blanqui	2	0.020979020979	4.92465281198e-05	6.0	0.034965034965	0.00780616382806
117230	Jean-Pierre Jouannaud	2	0.020979020979	4.92465281198e-05	6.0	0.034965034965	0.00780616382806
# Periodo: 2008-2009
13866	Johann A. Makowsky	3	0.0289855072464	0.000528932613985	28.0	0.0434782608696	0.0114638019314
157367	Makoto Tatsuta	3	0.0463768115942	0.00158679784195	92.0	0.0579710144928	0.0107494053983
174013	Alexander Rabinovich	2	0.0144927536232	0.0	4.0	0.0289855072464	0.00719424460432
147651	Andreas Abel	2	0.0108695652174	0.0	12.0	0.0217391304348	0.00600684500943
78533	Mariangiola Dezani-Ciancaglini	2	0.0421607378129	0.00126943827356	82.0	0.0507246376812	0.00977889908506
779471	Dulma Rodriguez	2	0.0163043478261	0.000211573045594	18.0	0.0289855072464	0.0083816441992
513250	Matthias Horbach	2	0.00724637681159	0.0	2.0	0.0217391304348	0.00719424460432
276256	Christoph Weidenbach	2	0.00724637681159	0.0	2.0	0.0217391304348	0.00719424460432
123234	Angelo Montanari	2	0.0289855072464	0.000423146091188	24.0	0.0434782608696	0.0101236376169
249775	Mark Weyer	2	0.0144927536232	0.000105786522797	8.0	0.0289855072464	0.00897967757181
173007	Frédéric Blanqui	2	0.0217391304348	0.000211573045594	14.0	0.036231884058	0.00932615700396
174032	Paolo Tranquilli	2	0.0	0.0	0.0	0.0144927536232	0.00719424460432
157180	Martin Hofmann	2	0.0163043478261	0.000211573045594	18.0	0.0289855072464	0.0083816441992
# Periodo: 2010-2011
174297	Thomas Ehrhard	3	0.0253164556962	8.06256550834e-05	8.0	0.0379746835443	0.00734169960172
66362	Moshe Y. Vardi	3	0.0316455696203	0.000483753930501	34.0	0.0443037974684	0.0090488127124
13866	Johann A. Makowsky	2	0.00632911392405	0.0	2.0	0.0189873417722	0.0062893081761
156744	Kord Eickmeyer	2	0.0144665461121	0.0	14.0	0.0189873417722	0.00404726372694
654160	Alberto Carraro	2	0.0253164556962	8.06256550834e-05	8.0	0.0379746835443	0.00734169960172
512363	Kaustuv Chaudhuri	2	0.0126582278481	0.0	4.0	0.0253164556962	0.0062893081761
60286	Martin Grohe	2	0.0253164556962	0.00024187696525	20.0	0.0379746835443	0.00813988462138
26507	Stephen A. Cook	2	0.0189873417722	0.000161251310167	14.0	0.0316455696203	0.00815305549875
117141	Arnaud Durand	2	0.0253164556962	0.00024187696525	20.0	0.0379746835443	0.00813988462138
122889	Kim G. Larsen	1	0.0126582278481	0.0	4.0	0.0253164556962	0.0062893081761
156683	Bastian Laubner	1	0.020253164557	0.0	10.0	0.0316455696203	0.00641979751073
509474	Peter Lohmann	1	0.00632911392405	0.0	2.0	0.0189873417722	0.0062893081761
174116	Cas J. F. Cremers	1	0.00632911392405	0.0	2.0	0.0189873417722	0.0062893081761
497193	Thomas Powell	1	0.0126582278481	0.0	4.0	0.0253164556962	0.0062893081761
174941	Alessandro Bianco	1	0.0126582278481	0.0	4.0	0.0253164556962	0.0062893081761
# Periodo: 2011-2012
66362	Moshe Y. Vardi	3	0.0609756097561	0.00180668473351	34.0	0.0853658536585	0.0173344721749
174297	Thomas Ehrhard	2	0.0365853658537	0.0	6.0	0.0609756097561	0.0120481927711
1083264	Andrew Polonsky	1	0.0	0.0	0.0	0.0243902439024	0.0120481927711
609152	Lurdes Sousa	1	0.0365853658537	0.0	6.0	0.0609756097561	0.0120481927711
74900	Yuli Ye	1	0.0243902439024	0.0	4.0	0.0487804878049	0.0120481927711
157035	Howard Straubing	1	0.0	0.0	0.0	0.0243902439024	0.0120481927711
109505	Yang Cai	1	0.0121951219512	0.0	2.0	0.0365853658537	0.0120481927711
1083272	Steffen Lösch	1	0.0121951219512	0.0	2.0	0.0365853658537	0.0120481927711
