# Periodo: 1982-1983
48398	Nissim Francez	3	0.0618556701031	0.00236254295533	0.0824742268041	0.0176604827162
48221	Philip A. Bernstein	3	0.020618556701	0.0	0.0412371134021	0.0102040816327
48222	Nathan Goodman	3	0.020618556701	0.0	0.0412371134021	0.0102040816327
27373	Jayadev Misra	3	0.020618556701	0.0	0.0412371134021	0.0102040816327
216614	Susan S. Owicki	2	0.020618556701	0.000214776632302	0.0412371134021	0.0127364814539
117345	Gérard Roucairol	2	0.020618556701	0.000214776632302	0.0412371134021	0.0127364814539
34061	K. Mani Chandy	2	0.020618556701	0.0	0.0412371134021	0.0102040816327
49939	Gregory R. Andrews	2	0.0309278350515	0.000429553264605	0.0515463917526	0.0132279165705
48404	C. Mohan	2	0.0309278350515	0.000429553264605	0.0515463917526	0.0132279165705
# Periodo: 1984-1985
116638	Michael Merritt	4	0.0714285714286	0.00617283950617	0.0864197530864	0.0200178247195
44345	Danny Dolev	4	0.106701940035	0.012037037037	0.123456790123	0.0248907306905
47681	Sam Toueg	4	0.037037037037	0.000617283950617	0.0617283950617	0.0158089734579
38500	Joseph Y. Halpern	4	0.0786224821313	0.0033950617284	0.0864197530864	0.0173287662544
50452	Nancy A. Lynch	3	0.0769230769231	0.0070987654321	0.0864197530864	0.0200312146801
173064	Eli Gafni	3	0.0123456790123	0.0	0.037037037037	0.0121951219512
59044	Ephraim Korach	3	0.037037037037	0.000154320987654	0.0617283950617	0.013708385259
50469	Shlomo Moran	3	0.037037037037	0.000154320987654	0.0617283950617	0.013708385259
# Periodo: 1986-1987
47237	Brian A. Coan	3	0.03125	0.000438596491228	0.0520833333333	0.0133642869109
50452	Nancy A. Lynch	3	0.0416666666667	0.00109649122807	0.0625	0.0164275102228
117784	David Peleg	2	0.0208333333333	0.000219298245614	0.0416666666667	0.0128677853864
51799	Maurice Herlihy	2	0.0104166666667	0.0	0.03125	0.0103092783505
122985	Orna Grumberg	2	0.0208333333333	0.0	0.0416666666667	0.0103092783505
27247	Shmuel Katz	2	0.0208333333333	0.000219298245614	0.0416666666667	0.0128677853864
49101	Benny Chor	2	0.03125	0.000438596491228	0.0520833333333	0.0133642869109
50469	Shlomo Moran	2	0.0208333333333	0.000219298245614	0.0416666666667	0.0128677853864
43338	Hector Garcia-Molina	2	0.03125	0.000438596491228	0.0520833333333	0.0133642869109
# Periodo: 1988-1989
50452	Nancy A. Lynch	3	0.0861657722123	0.017316017316	0.0769230769231	0.0163414636187
47279	Yishay Mansour	3	0.10292022792	0.031968031968	0.0897435897436	0.0184072499446
115529	Jennifer L. Welch	3	0.0686134852802	0.010323010323	0.0769230769231	0.0182459794833
115466	Gary L. Peterson	3	0.025641025641	0.000333000333	0.0512820512821	0.0157996858542
116590	Baruch Schieber	3	0.0882173382173	0.01998001998	0.0769230769231	0.0149877745471
173064	Eli Gafni	2	0.0561383061383	0.00532800532801	0.0512820512821	0.0117773866157
74889	Amotz Bar-Noy	2	0.0457875457875	0.001998001998	0.0641025641026	0.0147474499201
# Periodo: 1990-1991
47277	Baruch Awerbuch	5	0.104580812446	0.00629894450119	0.123595505618	0.0206370564793
117784	David Peleg	4	0.0849719101124	0.00306435137896	0.0898876404494	0.0152396248278
47681	Sam Toueg	3	0.0468164794007	0.00102145045965	0.0674157303371	0.0145929339478
47278	Shay Kutten	3	0.0849719101124	0.000680966973102	0.0898876404494	0.0140796620266
50468	Amos Israeli	3	0.0337078651685	0.000510725229826	0.0561797752809	0.0144037313728
34220	Hagit Attiya	3	0.0799001248439	0.00242594484168	0.101123595506	0.0165256354616
78344	Ehud Y. Shapiro	2	0.050051072523	0.00255362614913	0.0674157303371	0.0148718641563
50713	Flaviu Cristian	2	0.0468164794007	0.00102145045965	0.0674157303371	0.0145929339478
173064	Eli Gafni	2	0.0653728294178	0.0	0.0786516853933	0.0119709640401
# Periodo: 1992-1993
78498	Gadi Taubenfeld	3	0.0718390804598	0.00427693130179	0.0804597701149	0.0160642037448
119000	Yehuda Afek	3	0.0884173297966	0.00828655439722	0.103448275862	0.0213056510996
122902	Cynthia Dwork	2	0.0410509031199	0.000400962309543	0.0574712643678	0.0120757632463
173064	Eli Gafni	2	0.0604960677556	0.00240577385726	0.0574712643678	0.0124390867887
51799	Maurice Herlihy	2	0.0478927203065	0.00160384923817	0.0689655172414	0.014918348832
39027	Amir Herzberg	2	0.0258620689655	0.0	0.0459770114943	0.0111574657999
50452	Nancy A. Lynch	2	0.0344827586207	0.000534616412724	0.0574712643678	0.014731088904
50469	Shlomo Moran	2	0.0478927203065	0.0	0.0459770114943	0.00918532371099
# Periodo: 1994-1995
36067	Marios Mavronicolas	5	0.0142180094787	9.02730760551e-05	0.0236966824645	0.00611479162052
117784	David Peleg	3	0.00947867298578	4.51365380275e-05	0.0189573459716	0.00588761878529
39046	Rafail Ostrovsky	3	0.0189573459716	0.000225682690138	0.0284360189573	0.00751636070032
41209	James H. Anderson	3	0.0191943127962	0.00036109230422	0.0189573459716	0.00429721181043
39044	Juan A. Garay	3	0.031990521327	0.000947867298578	0.042654028436	0.00803536550315
282	H. Raymond Strong	3	0.0331753554502	0.000519070187317	0.042654028436	0.00763702632076
116620	Costas Busch	3	0.010663507109	0.0	0.0189573459716	0.00463140089809
116716	Mark Moir	3	0.0274204468517	0.000631911532385	0.0284360189573	0.0055836852115
173064	Eli Gafni	2	0.0151658767773	0.000135409614083	0.0236966824645	0.00604311768764
116749	Gil Neiger	2	0.0	0.0	0.00947867298578	0.00471698113208
377883	Aleta Ricciardi	2	0.0252764612954	0.000315955766193	0.0284360189573	0.00537145012077
51799	Maurice Herlihy	2	0.00473933649289	0.0	0.0142180094787	0.00471698113208
38488	Moti Yung	2	0.0189573459716	0.00018054615211	0.0284360189573	0.00663766806011
33883	Gurdip Singh	2	0.0	0.0	0.00947867298578	0.00471698113208
44148	Jeannette M. Wing	2	0.0142180094787	2.25682690138e-05	0.0236966824645	0.00530229995868
33933	Mahadev Satyanarayanan	2	0.0142180094787	2.25682690138e-05	0.0236966824645	0.00530229995868
36000	Paul G. Spirakis	2	0.00947867298578	4.51365380275e-05	0.0189573459716	0.00588761878529
36012	Shlomi Dolev	2	0.00947867298578	4.51365380275e-05	0.0189573459716	0.00588761878529
47278	Shay Kutten	2	0.00631911532385	0.0	0.0142180094787	0.00413166230547
39027	Amir Herzberg	2	0.0225815444661	4.51365380275e-05	0.0284360189573	0.00523052873298
157377	Martha J. Kosa	2	0.0	0.0	0.00947867298578	0.00471698113208
# Periodo: 1996-1997
47281	George Varghese	5	0.0301507537688	0.000659864981473	0.0402010050251	0.010014089799
119000	Yehuda Afek	4	0.062363097539	0.030861377595	0.0402010050251	0.0073227693384
50452	Nancy A. Lynch	4	0.0488876543522	0.00715699710675	0.0452261306533	0.00783929955275
44345	Danny Dolev	4	0.0371322260156	0.00908583320644	0.0402010050251	0.00764470533615
116738	Alexander A. Shvartsman	3	0.0484012100303	0.00289325414954	0.0402010050251	0.00664547985391
173064	Eli Gafni	3	0.00502512562814	0.0	0.0150753768844	0.005
38410	Dahlia Malkhi	3	0.0421153385978	0.0154814476423	0.0402010050251	0.00755442717248
38929	Mukesh Singhal	3	0.0246231155779	0.000304553068372	0.0301507537688	0.00613439067408
47681	Sam Toueg	3	0.0307788944724	0.000812141515659	0.0402010050251	0.00920754172619
39044	Juan A. Garay	3	0.0223846505254	0.000710623826202	0.0301507537688	0.00712034398794
78498	Gadi Taubenfeld	3	0.0531619847873	0.00218263032333	0.0301507537688	0.00562606069526
36012	Shlomi Dolev	3	0.0604263553794	0.0258362519669	0.035175879397	0.00662293535926
36067	Marios Mavronicolas	3	0.0201005025126	0.000253794223643	0.0251256281407	0.005553476684
34033	Michel Raynal	3	0.0307788944724	0.00058372671438	0.0402010050251	0.00817278766553
44277	Avishai Wool	3	0.0469982764062	0.0200497436678	0.0301507537688	0.00590263805936
47390	Idit Keidar	3	0.036573846677	0.000964418049845	0.0301507537688	0.00552297706775
147264	Nir Shavit	3	0.0486432160804	0.00827369169078	0.0402010050251	0.00763029209246
116716	Mark Moir	3	0.0223846505254	0.000609106136744	0.0251256281407	0.00539846779766
117784	David Peleg	2	0.0517481022132	0.0204558144257	0.0301507537688	0.00547044243226
34335	Ravi Prakash	2	0.0223846505254	0.0	0.0251256281407	0.00480924332416
# Periodo: 1998-1999
47278	Shay Kutten	4	0.0361899974868	0.00295738674553	0.0404624277457	0.00886896814215
47281	George Varghese	4	0.0346820809249	0.000739346686383	0.0462427745665	0.00994670826554
36067	Marios Mavronicolas	4	0.0419610361807	0.00369673343191	0.0404624277457	0.00799582886952
173064	Eli Gafni	3	0.0173410404624	0.000134426670251	0.028901734104	0.00745020588247
38929	Mukesh Singhal	3	0.0173410404624	0.000134426670251	0.028901734104	0.00745020588247
39046	Rafail Ostrovsky	3	0.0308285163776	0.00241968006452	0.0404624277457	0.00915735042655
36000	Paul G. Spirakis	3	0.0365467089316	0.00268853340503	0.0462427745665	0.00806134710841
157353	Joffroy Beauquier	3	0.0287024117999	0.00134426670251	0.0346820809249	0.00755504867601
34220	Hagit Attiya	3	0.0257488176563	0.0	0.0346820809249	0.00573549459047
118602	Prasad Jayanti	3	0.0208092485549	0.0	0.0231213872832	0.00430842142523
116716	Mark Moir	3	0.0231213872832	0.000336066675628	0.0346820809249	0.00915786476131
116738	Alexander A. Shvartsman	2	0.0264244426094	0.00047049334588	0.0346820809249	0.00689638974589
38410	Dahlia Malkhi	2	0.0284570920409	0.000336066675628	0.0346820809249	0.00627747236626
52788	Guohong Cao	2	0.0130057803468	0.0	0.0231213872832	0.00564285626664
410197	Asaph Zemach	2	0.00578034682081	0.0	0.0173410404624	0.00574712643678
47280	Boaz Patt-Shamir	2	0.0346820809249	0.0023524667294	0.0231213872832	0.00476622903007
38608	Michael K. Reiter	2	0.0284570920409	0.000336066675628	0.0346820809249	0.00627747236626
# Periodo: 2000-2001
117784	David Peleg	6	0.0576470588235	0.00438565958928	0.0588235294118	0.0123191934238
47280	Boaz Patt-Shamir	4	0.0480392156863	0.00306300034807	0.0470588235294	0.0100230530379
51799	Maurice Herlihy	3	0.0262032085561	0.000417681865646	0.0294117647059	0.00607453612035
119000	Yehuda Afek	3	0.0433155080214	0.00128785241907	0.0529411764706	0.00950801997288
34033	Michel Raynal	3	0.0360294117647	0.000835363731291	0.0470588235294	0.00894094847775
115529	Jennifer L. Welch	3	0.0176470588235	0.000139227288549	0.0294117647059	0.00758091124883
116716	Mark Moir	3	0.0176470588235	0.0	0.0294117647059	0.00584795321637
116738	Alexander A. Shvartsman	2	0.0117647058824	0.0	0.0235294117647	0.00584795321637
47668	Achour Mostéfaoui	2	0.0262032085561	0.0	0.0294117647059	0.00548898784907
116285	Alexander Russell	2	0.0117647058824	0.0	0.0235294117647	0.00584795321637
115781	Hyunyoung Lee	2	0.0105882352941	0.0	0.0176470588235	0.00432719412667
56921	Andrzej Pelc	2	0.0411764705882	0.000139227288549	0.0352941176471	0.00679751168678
51807	Tiko Kameda	2	0.0176470588235	0.000139227288549	0.0294117647059	0.00758091124883
50837	Rachid Guerraoui	2	0.00588235294118	0.0	0.0176470588235	0.00584795321637
157345	Dan Touitou	2	0.0280276816609	3.48068221371e-05	0.0294117647059	0.00545589293637
278181	Yehuda Hassin	2	0.0349376114082	0.0	0.0176470588235	0.0035489952354
3294	Antonio Fernández	2	0.0235294117647	0.000278454577097	0.0352941176471	0.00822915572364
# Periodo: 2002-2003
34033	Michel Raynal	5	0.0552282768778	0.00376582447519	0.0670103092784	0.0115023166117
118602	Prasad Jayanti	4	0.0103092783505	0.0	0.020618556701	0.00512820512821
51799	Maurice Herlihy	3	0.0257731958763	0.000231469116678	0.0360824742268	0.00698013454635
47280	Boaz Patt-Shamir	3	0.0257731958763	0.000427327600021	0.0360824742268	0.00874324278951
117518	K. Srinathan	3	0.0309278350515	0.000160247850008	0.0412371134021	0.00658238713957
147264	Nir Shavit	3	0.0103092783505	5.34159500027e-05	0.020618556701	0.0064008983717
115230	C. Pandu Rangan	3	0.0309278350515	0.000160247850008	0.0412371134021	0.00658238713957
116738	Alexander A. Shvartsman	2	0.0164948453608	0.000213663800011	0.0257731958763	0.00645249004353
38410	Dahlia Malkhi	2	0.0164948453608	0.000160247850008	0.0257731958763	0.00656995358862
115732	Srdjan Petrovic	2	0.0103092783505	0.0	0.020618556701	0.00512820512821
47668	Achour Mostéfaoui	2	0.0374127036914	8.0123925004e-05	0.0360824742268	0.00589245562746
283224	Michael Greenwald	2	0.0	0.0	0.0103092783505	0.00512820512821
366522	Matthias Fitzi	2	0.0257731958763	0.000213663800011	0.0360824742268	0.00656767429508
151662	Scott Shenker	2	0.0309278350515	0.000160247850008	0.0412371134021	0.00658238713957
47277	Baruch Awerbuch	2	0.0115979381443	0.000106831900005	0.020618556701	0.00597460791636
47279	Yishay Mansour	2	0.0115979381443	0.000106831900005	0.020618556701	0.00597460791636
998091	V. Vinod	2	0.0231958762887	0.0	0.0309278350515	0.00483226633291
119070	Dariusz R. Kowalski	2	0.0137457044674	0.000160247850008	0.020618556701	0.00534049510525
335656	Fabian Kuhn	2	0.0154639175258	0.0	0.0257731958763	0.00512820512821
# Periodo: 2004-2005
65786	Roger Wattenhofer	6	0.0174216027875	0.000146195268146	0.0243902439024	0.00499569842015
175594	Thomas Moscibroda	5	0.0108885017422	0.0	0.01393728223	0.00283513217582
47681	Sam Toueg	4	0.0347230565902	0.000397976007732	0.0348432055749	0.00517150139799
36012	Shlomi Dolev	4	0.0383275261324	0.00127920859628	0.0418118466899	0.00615506797985
34033	Michel Raynal	4	0.01393728223	4.87317560488e-05	0.0209059233449	0.00442564731594
50452	Nancy A. Lynch	4	0.0392188639494	0.000921842385257	0.0418118466899	0.00602963524055
117784	David Peleg	3	0.0174216027875	0.000194927024195	0.0243902439024	0.00591990397206
47668	Achour Mostéfaoui	3	0.011149825784	1.21829390122e-05	0.0174216027875	0.0036183115511
547971	Tina Nolte	3	0.043241311534	0.00099087903966	0.0348432055749	0.00489362774517
174216	Seth Gilbert	3	0.0443792407849	0.00132794035233	0.0418118466899	0.005744815994
151662	Scott Shenker	3	0.0334494773519	0.000999000999001	0.0383275261324	0.006721243091
47390	Idit Keidar	3	0.0306620209059	0.00143758680344	0.0278745644599	0.00528568090142
433439	Faith Ellen Fich	3	0.0174216027875	0.000194927024195	0.0243902439024	0.00591990397206
335656	Fabian Kuhn	3	0.0108885017422	0.0	0.01393728223	0.00283513217582
189270	Carole Delporte-Gallet	3	0.0335656213705	0.000203048983537	0.0313588850174	0.00456790868493
50837	Rachid Guerraoui	3	0.0419570267131	0.00211983138812	0.0418118466899	0.00655099908292
174469	Hugues Fauconnier	3	0.0335656213705	0.000203048983537	0.0313588850174	0.00456790868493
172938	Rida A. Bazzi	3	0.00696864111498	2.43658780244e-05	0.01393728223	0.00433394160584
429970	Vassos Hadzilacos	3	0.0335656213705	0.000536049316537	0.0313588850174	0.00487041614003
38410	Dahlia Malkhi	2	0.0290760543073	0.0	0.0174216027875	0.00290590879022
224284	Teng-Sheng Moh	2	0.0174216027875	3.65488170366e-05	0.0243902439024	0.00409628054853
51799	Maurice Herlihy	2	0.0305142012459	0.00102336687703	0.0243902439024	0.00424636683578
77406	Gregory Chockler	2	0.0401526464244	0.00233912429034	0.0313588850174	0.00478335333163
38498	Gene Tsudik	2	0.0104529616725	4.87317560488e-05	0.0174216027875	0.00450116605399
117879	Ion Stoica	2	0.0295142447223	0.000657878706659	0.0313588850174	0.00527377425355
40581	Yin Ding	2	0.00464576074332	0.0	0.0104529616725	0.00304136253041
224283	W. Melody Moh	2	0.0174216027875	3.65488170366e-05	0.0243902439024	0.00409628054853
55419	Fernando Pedone	2	0.01393728223	7.30976340732e-05	0.0209059233449	0.00449389462135
# Periodo: 2006-2007
47277	Baruch Awerbuch	6	0.0167286245353	0.000249680963214	0.0223048327138	0.00553665561234
50837	Rachid Guerraoui	5	0.0493982735807	0.00255229429063	0.0371747211896	0.00635613683942
28806	Rohit Khandekar	4	0.0102945381756	0.0	0.0111524163569	0.00260310784313
34220	Hagit Attiya	4	0.0529908752957	0.00574266215391	0.0408921933086	0.00734611640765
173094	Srikanta Tirthapura	3	0.0148698884758	5.54846584919e-05	0.0223048327138	0.00472069047033
336445	Danny Hendler	3	0.0520446096654	0.00474393830106	0.0297397769517	0.00486194344233
51799	Maurice Herlihy	3	0.0359814585341	5.54846584919e-05	0.0260223048327	0.00428700876597
277718	Panagiota Fatourou	3	0.0383486597535	0.000749042889641	0.0185873605948	0.00360092691717
34033	Michel Raynal	3	0.0191184280404	0.000157206532394	0.0260223048327	0.00514613989925
47390	Idit Keidar	3	0.0314891755959	0.00130388947456	0.0334572490706	0.00589479470675
44345	Danny Dolev	3	0.030500168976	0.000499361926427	0.0223048327138	0.00419278889268
47358	Lorenzo Alvisi	3	0.0408921933086	0.00105420851135	0.0483271375465	0.00741606814794
429970	Vassos Hadzilacos	3	0.0422391034966	0.0038006991067	0.0371747211896	0.00645876794796
172487	Haifeng Yu	3	0.00743494423792	0.0	0.0148698884758	0.0037037037037
116686	Ittai Abraham	3	0.0432905624176	0.00260777894912	0.0408921933086	0.00685255101513
65786	Roger Wattenhofer	3	0.0273879068356	0.000943239194363	0.0185873605948	0.00362125573194
950825	Nikolaos D. Kallimanis	2	0.0282960984589	0.0	0.0111524163569	0.00229696110503
50745	Phillip B. Gibbons	2	0.00743494423792	0.0	0.0148698884758	0.0037037037037
351292	Venugopalan Ramasubramanian	2	0.0394708069101	0.00166453975476	0.0408921933086	0.00616417243175
56921	Andrzej Pelc	2	0.0260223048327	0.00027742329246	0.0334572490706	0.00529671106196
50452	Nancy A. Lynch	2	0.0359814585341	0.000749042889641	0.0260223048327	0.00446845695862
55419	Fernando Pedone	2	0.0111524163569	5.54846584919e-05	0.0185873605948	0.00480124379093
410236	Faith Ellen	2	0.0393851100171	0.00208067469345	0.0260223048327	0.00479679407099
47278	Shay Kutten	2	0.00371747211896	0.0	0.0111524163569	0.0037037037037
47280	Boaz Patt-Shamir	2	0.0167286245353	0.000221938633968	0.0223048327138	0.00520837049753
216826	Bojian Xu	2	0.0118959107807	1.3871164623e-05	0.0185873605948	0.00385953232117
38608	Michael K. Reiter	2	0.0223048327138	0.000221938633968	0.0297397769517	0.00533326722528
# Periodo: 2008-2009
50837	Rachid Guerraoui	6	0.081368133908	0.013172192553	0.0436137071651	0.00688956443093
174216	Seth Gilbert	5	0.0781296012151	0.00428093940068	0.0311526479751	0.00491977832383
47390	Idit Keidar	5	0.060633397082	0.0038746105919	0.0311526479751	0.00480855746062
34220	Hagit Attiya	5	0.0513204243276	0.00654205607477	0.0218068535826	0.00457115198007
115230	C. Pandu Rangan	4	0.0168224299065	0.0	0.018691588785	0.0028088552836
36012	Shlomi Dolev	4	0.0805335889448	0.0173286604361	0.0342679127726	0.00564458456971
47277	Baruch Awerbuch	4	0.0460529320945	0.00268691588785	0.018691588785	0.00345446685777
34033	Michel Raynal	4	0.0304754164974	0.00114875389408	0.0280373831776	0.0048501199515
189174	Ashish Choudhary	4	0.0168224299065	0.0	0.018691588785	0.0028088552836
65786	Roger Wattenhofer	4	0.0554913422058	0.00148948598131	0.0218068535826	0.00404474113205
24317	Arpita Patra	4	0.0168224299065	0.0	0.018691588785	0.0028088552836
335656	Fabian Kuhn	4	0.0897374276814	0.0266665739505	0.0404984423676	0.00623932588193
87016	Jared Saia	4	0.0218068535826	0.000253115264798	0.0280373831776	0.00520526995699
38410	Dahlia Malkhi	3	0.0755002396358	0.0110068053701	0.0342679127726	0.00541962643926
117784	David Peleg	3	0.0252336448598	0.00035046728972	0.0311526479751	0.00486593182382
336445	Danny Hendler	3	0.06332278163	0.00981308411215	0.018691588785	0.00348470121206
47681	Sam Toueg	3	0.0562869170044	0.00397196261682	0.018691588785	0.00305109804446
117314	Gopal Pandurangan	3	0.0713820447465	0.00529595015576	0.0311526479751	0.00539728257633
38500	Joseph Y. Halpern	3	0.0140186915888	0.000155763239875	0.018691588785	0.00415196123151
50452	Nancy A. Lynch	3	0.0673993555547	0.00169879283489	0.0218068535826	0.00365552051486
28806	Rohit Khandekar	3	0.0383025605957	0.0	0.01246105919	0.00243022593388
174217	Calvin C. Newport	3	0.0755002396358	0.000343049992583	0.0218068535826	0.00328609290608
127670	Kannan Srinathan	3	0.0252336448598	0.000389408099688	0.0311526479751	0.00458465486163
107022	Anne-Marie Kermarrec	3	0.0292056074766	0.0010027258567	0.0342679127726	0.00549188974518
409408	Keren Censor	3	0.0418774662513	0.0	0.01246105919	0.00256942759349
60644	Stefan Schmid	3	0.0717079901563	0.013093847352	0.0311526479751	0.00514067721344
174469	Hugues Fauconnier	3	0.0671113241207	0.00235290572615	0.0218068535826	0.00333961596092
119070	Dariusz R. Kowalski	3	0.0623176581121	0.00268691588785	0.0218068535826	0.00374499565744
44345	Danny Dolev	3	0.0140186915888	0.000155763239875	0.018691588785	0.00415196123151
117059	Alexander Shraer	3	0.0604001917086	0.00256035825545	0.0280373831776	0.00425724422367
90963	Pierre Fraigniaud	3	0.0155763239875	0.000155763239875	0.0218068535826	0.00529482094396
189270	Carole Delporte-Gallet	3	0.0671113241207	0.00235290572615	0.0218068535826	0.00333961596092
# Periodo: 2010-2011
65786	Roger Wattenhofer	7	0.0357616966165	0.002785072014	0.0197183098592	0.00381861892227
510100	Rotem Oshman	4	0.0536425449247	0.00525185008355	0.0281690140845	0.00425318496933
455786	Keren Censor-Hillel	4	0.048613556338	0.00480623856131	0.0366197183099	0.00587580903778
335656	Fabian Kuhn	4	0.0581545346847	0.00666295323731	0.030985915493	0.00464925487959
174216	Seth Gilbert	3	0.0475002687883	0.00291238959179	0.030985915493	0.00490228712502
176267	Johannes Schneider	3	0.0282842509603	0.0	0.00845070422535	0.00167359890902
12703	Sriram V. Pemmaraju	3	0.0112676056338	7.95734861144e-05	0.0169014084507	0.00447603502379
47552	Neeraj Suri	3	0.0298400572929	0.00022280576112	0.0225352112676	0.0030531071397
811540	Dan Dobre	3	0.0298400572929	0.00022280576112	0.0225352112676	0.0030531071397
8744	Christoph Lenzen	3	0.045753935377	0.00334208641681	0.0169014084507	0.00266273579213
117314	Gopal Pandurangan	3	0.0112676056338	4.77440916687e-05	0.0169014084507	0.00363551025547
51799	Maurice Herlihy	3	0.0388908450704	0.00464709158908	0.0225352112676	0.00414212561841
117507	Jukka Suomela	3	0.0112676056338	4.77440916687e-05	0.0169014084507	0.00363551025547
115663	Yuval Emek	3	0.0290744466801	0.00143232275006	0.030985915493	0.00495834869684
87016	Jared Saia	3	0.0140845070423	9.54881833373e-05	0.0197183098592	0.00404146389046
703571	Matthias Majuntke	3	0.0298400572929	0.00022280576112	0.0225352112676	0.0030531071397
107709	Damien Imbs	3	0.0256071407871	0.000358080687515	0.0140845070423	0.00286474388981
34033	Michel Raynal	3	0.0256071407871	0.000358080687515	0.0140845070423	0.00286474388981
50452	Nancy A. Lynch	3	0.0505897171648	0.00169756770377	0.0253521126761	0.00389824796176
511268	Wojciech M. Golab	3	0.0056338028169	0.0	0.0112676056338	0.00280898876404
150886	Andréa W. Richa	3	0.0471404182672	0.00405824779184	0.0338028169014	0.00539644598135
115664	Amos Korman	3	0.0271361502347	0.00127317577783	0.0197183098592	0.00372461911557
47390	Idit Keidar	3	0.0251509054326	0.00168695790563	0.0253521126761	0.00471350955076
176141	Atish Das Sarma	2	0.00901408450704	0.0	0.0140845070423	0.00286726912562
176142	Danupon Nanongkai	2	0.00901408450704	0.0	0.0140845070423	0.00286726912562
116785	Valerie King	2	0.00880281690141	0.0	0.0112676056338	0.00229359007482
510003	Stephan Holzer	2	0.0285437395012	0.0	0.0140845070423	0.00265467427585
39044	Juan A. Garay	2	0.0201207243461	0.000334208641681	0.0225352112676	0.00389765444361
174217	Calvin C. Newport	2	0.0501817355747	0.000965491631522	0.0225352112676	0.00328067703646
577691	Ittay Eyal	2	0.030887076847	0.00200525185008	0.0225352112676	0.00353615092209
47278	Shay Kutten	2	0.020873961719	0.000668417283361	0.0197183098592	0.00373323966858
47280	Boaz Patt-Shamir	2	0.0214232765011	0.000254635155566	0.0225352112676	0.00358138074704
250080	Eric Ruppert	2	0.0262770653773	0.00105037001671	0.0281690140845	0.00411078561499
219389	Yvonne Anne Pignolet	2	0.0285437395012	0.0	0.0140845070423	0.00265467427585
119070	Dariusz R. Kowalski	2	0.0357616966165	0.000732076072253	0.0140845070423	0.00270997527216
