# Periodo: 1982-1985
44345	Danny Dolev	6	0.0752604166667	0.00805817610063	0.08125	0.0171336164212
47681	Sam Toueg	5	0.01875	0.000157232704403	0.03125	0.00805177530155
48398	Nissim Francez	4	0.05	0.00180817610063	0.0625	0.0134756680648
38500	Joseph Y. Halpern	4	0.0564453125	0.00145440251572	0.04375	0.00885650977216
27373	Jayadev Misra	4	0.0125	0.0	0.025	0.00621118012422
34061	K. Mani Chandy	4	0.0125	0.0	0.025	0.00621118012422
116638	Michael Merritt	4	0.0361607142857	0.00157232704403	0.04375	0.0101954132609
173064	Eli Gafni	3	0.00625	0.0	0.01875	0.00621118012422
122902	Cynthia Dwork	3	0.028125	0.00062893081761	0.03125	0.00733015520167
48221	Philip A. Bernstein	3	0.0125	0.0	0.025	0.00621118012422
48222	Nathan Goodman	3	0.0125	0.0	0.025	0.00621118012422
278649	Gabriel Bracha	3	0.01125	0.0	0.01875	0.0045959639482
34155	Fred B. Schneider	3	0.01875	0.000235849056604	0.03125	0.0094768521483
59044	Ephraim Korach	3	0.01875	3.93081761006e-05	0.03125	0.0069819105046
50452	Nancy A. Lynch	3	0.0389423076923	0.00180817610063	0.04375	0.0102022338742
50469	Shlomo Moran	3	0.01875	3.93081761006e-05	0.03125	0.0069819105046
# Periodo: 1986-1989
50452	Nancy A. Lynch	6	0.0913450559488	0.036821192053	0.0662251655629	0.0147861348616
47237	Brian A. Coan	4	0.062698381598	0.0158057395143	0.0397350993377	0.00927367135295
47279	Yishay Mansour	4	0.0999625140572	0.0469757174393	0.0529801324503	0.0106520700271
115466	Gary L. Peterson	4	0.0132450331126	8.83002207506e-05	0.0264900662252	0.00821167883212
116590	Baruch Schieber	4	0.0840954483339	0.0229580573951	0.046357615894	0.00924008568676
51799	Maurice Herlihy	3	0.00662251655629	0.0	0.0198675496689	0.00657894736842
74889	Amotz Bar-Noy	3	0.0385310054184	0.00105960264901	0.046357615894	0.00947638489527
119000	Yehuda Afek	3	0.0679232467312	0.00997792494481	0.046357615894	0.0100440524285
50469	Shlomo Moran	3	0.0666416760382	0.00450331125828	0.0397350993377	0.00845369747034
44345	Danny Dolev	3	0.0385310054184	0.00105960264901	0.046357615894	0.00947638489527
115529	Jennifer L. Welch	3	0.0756859035005	0.0209271523179	0.0397350993377	0.00883870417788
116121	Oded Goldreich	3	0.0834332794493	0.0209271523179	0.046357615894	0.00984202404827
173064	Eli Gafni	2	0.0549016916584	0.00344370860927	0.0264900662252	0.00618861839609
116749	Gil Neiger	2	0.00662251655629	0.0	0.0198675496689	0.00657894736842
117784	David Peleg	2	0.0132450331126	8.83002207506e-05	0.0264900662252	0.00821167883212
# Periodo: 1987-1990
50452	Nancy A. Lynch	6	0.129310344828	0.0930395913155	0.0620689655172	0.0124674478423
44345	Danny Dolev	5	0.104317589105	0.0268518518519	0.0689655172414	0.0108522400916
74889	Amotz Bar-Noy	4	0.100925147183	0.0232439335888	0.0551724137931	0.00949398958172
119000	Yehuda Afek	4	0.111835973905	0.0252075351213	0.0758620689655	0.0125367147698
115466	Gary L. Peterson	4	0.0137931034483	9.5785440613e-05	0.0275862068966	0.00854914508549
50468	Amos Israeli	4	0.082210550354	0.0416666666667	0.0551724137931	0.0121525386334
34220	Hagit Attiya	4	0.119363395225	0.053911238825	0.0620689655172	0.00977809324332
173064	Eli Gafni	3	0.100111234705	0.00565134099617	0.0551724137931	0.00885468784085
51799	Maurice Herlihy	3	0.0850259801606	0.00565134099617	0.0275862068966	0.00660666552685
38500	Joseph Y. Halpern	3	0.0874210781933	0.0263409961686	0.0344827586207	0.00740535420186
39027	Amir Herzberg	3	0.108417407017	0.0197318007663	0.0413793103448	0.00684998512649
47277	Baruch Awerbuch	3	0.0944014684673	0.0282088122605	0.0689655172414	0.0119311313238
47278	Shay Kutten	3	0.0893078640536	0.00397509578544	0.048275862069	0.00782247826341
47279	Yishay Mansour	3	0.12539184953	0.0825191570881	0.048275862069	0.0085361564563
# Periodo: 1991-1994
119000	Yehuda Afek	6	0.0413347080326	0.00395696074227	0.0484581497797	0.0100963105774
78498	Gadi Taubenfeld	5	0.0473836896959	0.0052629527114	0.0352422907489	0.00705607480034
117784	David Peleg	4	0.0322215229704	0.000818681532884	0.0396475770925	0.00717900834109
47681	Sam Toueg	4	0.0214906536492	0.00132548438657	0.0264317180617	0.00538886866882
51799	Maurice Herlihy	4	0.0318061674009	0.00389848348992	0.0308370044053	0.00602390429231
47277	Baruch Awerbuch	4	0.0375917767988	0.00257299910335	0.0396475770925	0.00706663278613
173064	Eli Gafni	4	0.0298881735005	1.94924174496e-05	0.0220264317181	0.00438247721279
50469	Shlomo Moran	4	0.042233288642	0.00405442282952	0.0308370044053	0.00677948735489
122902	Cynthia Dwork	3	0.032455272858	0.00185177965771	0.0308370044053	0.00558952547673
38488	Moti Yung	3	0.026851269142	0.00202721141476	0.0308370044053	0.00679804144372
39027	Amir Herzberg	3	0.0227186910006	0.00132548438657	0.0264317180617	0.00577338781659
47279	Yishay Mansour	3	0.0322215229704	0.00159837823087	0.0352422907489	0.00670602502096
36067	Marios Mavronicolas	3	0.00881057268722	0.0	0.0176211453744	0.00438596491228
50452	Nancy A. Lynch	3	0.0220264317181	0.000311878679194	0.0308370044053	0.0074777734384
50468	Amos Israeli	3	0.0329276487717	0.00152040856107	0.0264317180617	0.00630500141551
118603	Tushar Deepak Chandra	3	0.0209251101322	0.0	0.0220264317181	0.0042380593425
172938	Rida A. Bazzi	3	0.00881057268722	3.89848348992e-05	0.0176211453744	0.00547445255474
429970	Vassos Hadzilacos	3	0.0256501350007	0.00272893844295	0.0264317180617	0.00507577487416
376317	Orli Waarts	3	0.032455272858	0.00185177965771	0.0308370044053	0.00558952547673
116749	Gil Neiger	2	0.00587371512482	0.0	0.0132158590308	0.00384172109105
377883	Aleta Ricciardi	2	0.0132158590308	0.0	0.0220264317181	0.00438596491228
33883	Gurdip Singh	2	0.0	0.0	0.00881057268722	0.00438596491228
# Periodo: 1992-1995
119000	Yehuda Afek	5	0.0412868278504	0.00527556734453	0.0421455938697	0.00883388831206
36067	Marios Mavronicolas	5	0.0114942528736	5.89448865311e-05	0.0191570881226	0.00494784665477
117784	David Peleg	4	0.0246869692302	0.00138520483348	0.0268199233716	0.00592765252109
173064	Eli Gafni	4	0.0357408360496	0.000884173297966	0.0229885057471	0.00480934183155
51799	Maurice Herlihy	4	0.0358090185676	0.0062481579723	0.0268199233716	0.00515535487573
39027	Amir Herzberg	4	0.0340622371741	0.00503978779841	0.0306513409962	0.00577068166922
78498	Gadi Taubenfeld	4	0.0332588335462	0.0025641025641	0.0306513409962	0.00646409355262
41209	James H. Anderson	4	0.0210007778066	0.00150309460654	0.0191570881226	0.00461069419336
376317	Orli Waarts	4	0.0321046373365	0.00229885057471	0.0268199233716	0.00478873904296
116749	Gil Neiger	3	0.00510855683269	0.0	0.0114942528736	0.00334317713267
122902	Cynthia Dwork	3	0.0321046373365	0.00229885057471	0.0268199233716	0.00478873904296
33883	Gurdip Singh	3	0.0	0.0	0.00766283524904	0.00381679389313
39046	Rafail Ostrovsky	3	0.0368405540819	0.00389036251105	0.0229885057471	0.00494495920533
116620	Costas Busch	3	0.00862068965517	0.0	0.0153256704981	0.00374754576487
36012	Shlomi Dolev	3	0.00862068965517	5.89448865311e-05	0.0153256704981	0.00444675016675
36111	Sergio Rajsbaum	3	0.0358090185676	0.00536398467433	0.0191570881226	0.00359755788795
50452	Nancy A. Lynch	3	0.0197044334975	0.000324196875921	0.0268199233716	0.00650180101211
39044	Juan A. Garay	3	0.0300333704116	0.00374300029472	0.0344827586207	0.00643329066434
282	H. Raymond Strong	3	0.0268199233716	0.000338933097554	0.0344827586207	0.00617957854929
50469	Shlomo Moran	3	0.0257487743583	0.000707338638373	0.0191570881226	0.00424080663748
115529	Jennifer L. Welch	3	0.00862068965517	5.89448865311e-05	0.0153256704981	0.00444675016675
58214	Eyal Kushilevitz	3	0.0342090859332	0.00138520483348	0.0229885057471	0.0052772845292
172938	Rida A. Bazzi	3	0.00766283524904	2.94724432655e-05	0.0153256704981	0.00476402741405
107944	Yoram Moses	3	0.0228942905596	0.00150309460654	0.0268199233716	0.00563154314466
336307	Manhoi Choy	3	0.0159642401022	4.42086648983e-05	0.0229885057471	0.00455168485317
51956	Ambuj K. Singh	3	0.0159642401022	0.000117889773062	0.0229885057471	0.00473115518596
# Periodo: 1996-1999
47281	George Varghese	9	0.0353697749196	0.00101649206514	0.0418006430868	0.00929627872938
36067	Marios Mavronicolas	7	0.0592156218462	0.0177367492999	0.0257234726688	0.00491641818444
173064	Eli Gafni	6	0.0128617363344	0.000103723680116	0.0192926045016	0.00510727073227
38929	Mukesh Singhal	6	0.0231511254019	0.000601597344674	0.0257234726688	0.00526771566869
47278	Shay Kutten	6	0.0411108455723	0.0166165335546	0.032154340836	0.00655737382902
119000	Yehuda Afek	6	0.0762934814382	0.0398222867614	0.0353697749196	0.00595055056179
116716	Mark Moir	6	0.0204772381114	0.000715693392802	0.0225080385852	0.00489551593808
116738	Alexander A. Shvartsman	5	0.0679821803876	0.0115921584898	0.032154340836	0.00524918721509
38410	Dahlia Malkhi	5	0.0558202306853	0.0178304463576	0.0289389067524	0.00493211238417
36000	Paul G. Spirakis	5	0.0504929887527	0.0118659890053	0.0353697749196	0.0061147384483
50452	Nancy A. Lynch	5	0.0685566776867	0.0166953635515	0.032154340836	0.00521779330071
44345	Danny Dolev	5	0.0480980643849	0.0110673166684	0.032154340836	0.00611083901163
147264	Nir Shavit	5	0.0643852396264	0.00694948656778	0.0257234726688	0.00470961148823
34033	Michel Raynal	5	0.0272366181199	0.000788299968883	0.0289389067524	0.00566440257772
39046	Rafail Ostrovsky	4	0.0526788324216	0.0216989938803	0.0257234726688	0.00504954278704
78498	Gadi Taubenfeld	4	0.0699356913183	0.0108702416762	0.0225080385852	0.0039287368228
157353	Joffroy Beauquier	4	0.0362706715034	0.0052691629499	0.0225080385852	0.00491655375511
36012	Shlomi Dolev	4	0.0666784125446	0.0159105210386	0.0289389067524	0.00553127009764
38608	Michael K. Reiter	4	0.0545686560062	0.00185699961968	0.0192926045016	0.00319728747393
44277	Avishai Wool	4	0.0518925811914	0.00658368772257	0.0225080385852	0.00406495382499
36111	Sergio Rajsbaum	4	0.0559485530547	0.0052691629499	0.0192926045016	0.00406109402869
118602	Prasad Jayanti	4	0.0194533762058	0.0	0.016077170418	0.00276621063324
118603	Tushar Deepak Chandra	4	0.0277905374368	0.000622342080697	0.032154340836	0.00555952004306
116638	Michael Merritt	4	0.069735302518	0.00908619437818	0.0192926045016	0.00316200710474
34220	Hagit Attiya	4	0.0656000554684	0.001784047298	0.0225080385852	0.00379639234296
117784	David Peleg	3	0.054814460763	0.00939114199772	0.0257234726688	0.00483038467781
47681	Sam Toueg	3	0.0243167202572	0.000414894720465	0.0257234726688	0.00481547377368
47279	Yishay Mansour	3	0.0676045016077	0.0304947619542	0.0225080385852	0.0042250421989
410197	Asaph Zemach	3	0.0526788324216	0.0	0.0128617363344	0.0024586820118
39044	Juan A. Garay	3	0.0204772381114	0.00070532102479	0.0192926045016	0.00429631576305
157345	Dan Touitou	3	0.074655277849	0.0300376862704	0.0353697749196	0.00569806215652
# Periodo: 1997-2000
47278	Shay Kutten	7	0.0520346614561	0.00960386866427	0.0369127516779	0.00727603836544
47281	George Varghese	7	0.0335570469799	0.00088129618331	0.0402684563758	0.00872729606025
119000	Yehuda Afek	6	0.0341378420237	0.00314102998667	0.0335570469799	0.005659535538
38410	Dahlia Malkhi	5	0.0306807286673	0.00151402164825	0.0302013422819	0.00532702667703
117784	David Peleg	5	0.0423787448973	0.00520115397073	0.0335570469799	0.00639952150837
47280	Boaz Patt-Shamir	5	0.0495269669281	0.00799945766389	0.0234899328859	0.00476322831906
36067	Marios Mavronicolas	5	0.0281772664323	0.00266648588796	0.0234899328859	0.00423771401715
116716	Mark Moir	5	0.0139821029083	0.000101688021151	0.0201342281879	0.00446670009313
116738	Alexander A. Shvartsman	4	0.0232178487212	0.000926490859377	0.0268456375839	0.00543940550271
173064	Eli Gafni	4	0.0134228187919	0.000112986690168	0.0201342281879	0.0053293259815
38929	Mukesh Singhal	4	0.0134228187919	0.000112986690168	0.0201342281879	0.0053293259815
39046	Rafail Ostrovsky	4	0.0415226086367	0.00560413983233	0.0268456375839	0.00514907937272
157345	Dan Touitou	4	0.0300875895803	0.000610128126907	0.0302013422819	0.00496702225097
157353	Joffroy Beauquier	4	0.0387805495758	0.00221453912729	0.0234899328859	0.00505468651211
38608	Michael K. Reiter	4	0.0252664824319	0.000158181366235	0.0201342281879	0.00348480595583
147264	Nir Shavit	4	0.010067114094	4.51946760672e-05	0.0167785234899	0.00433557131622
34033	Michel Raynal	4	0.0279642058166	0.000790906831175	0.0335570469799	0.00710510754476
34220	Hagit Attiya	4	0.0257270693512	0.000497141436739	0.0234899328859	0.00402617894995
36000	Paul G. Spirakis	4	0.0233574708584	0.00171739769055	0.0268456375839	0.00454780067011
36012	Shlomi Dolev	3	0.0286317384715	0.00248570718369	0.0201342281879	0.00407360720885
410197	Asaph Zemach	3	0.00755033557047	0.0	0.0134228187919	0.00328380264346
51956	Ambuj K. Singh	3	0.00671140939597	2.25973380336e-05	0.0134228187919	0.00417449893807
36111	Sergio Rajsbaum	3	0.0227585613492	0.00140103495808	0.0201342281879	0.00460754323236
44345	Danny Dolev	3	0.0245445829338	0.000768309493142	0.0268456375839	0.00505001047882
50058	Mustaque Ahamad	3	0.0209731543624	0.000361557408537	0.0201342281879	0.0042413409675
116638	Michael Merritt	3	0.0316994247363	0.00126545092988	0.0201342281879	0.003279201183
118602	Prasad Jayanti	3	0.0120805369128	0.0	0.0134228187919	0.00250724189959
105478	Jerry James	2	0.00447427293065	0.0	0.010067114094	0.00292947293899
38951	Rebecca N. Wright	2	0.0209526927484	0.0	0.0167785234899	0.00288710578688
# Periodo: 2001-2004
34033	Michel Raynal	8	0.0321796338673	0.00297160683963	0.0380434782609	0.00602868530364
51799	Maurice Herlihy	7	0.0400926585887	0.00450183627532	0.0298913043478	0.00513764087667
50452	Nancy A. Lynch	7	0.0356379187455	0.00315424712712	0.0326086956522	0.00596224004989
47280	Boaz Patt-Shamir	6	0.0310559006211	0.0041908541642	0.0244565217391	0.00498206614485
65786	Roger Wattenhofer	6	0.0354442344045	0.00333195119062	0.0326086956522	0.0053623775985
47668	Achour Mostéfaoui	5	0.0244565217391	3.94897918888e-05	0.0217391304348	0.00336843488706
116716	Mark Moir	5	0.0298250265111	0.000444260158749	0.0244565217391	0.00398463097018
116738	Alexander A. Shvartsman	4	0.0414078674948	0.00704152351617	0.0298913043478	0.00529274371496
151662	Scott Shenker	4	0.0266798418972	0.000710816253998	0.0298913043478	0.00466584178518
119070	Dariusz R. Kowalski	4	0.0315059861374	0.00167337993129	0.0163043478261	0.00350267316849
174469	Hugues Fauconnier	4	0.0365022712524	0.00179184930695	0.0271739130435	0.00383321135359
115230	C. Pandu Rangan	4	0.0244565217391	0.000155491055562	0.0298913043478	0.00443163325754
117518	K. Srinathan	4	0.0244565217391	0.000155491055562	0.0298913043478	0.00443163325754
189270	Carole Delporte-Gallet	4	0.0365022712524	0.00179184930695	0.0271739130435	0.00383321135359
118602	Prasad Jayanti	4	0.0054347826087	0.0	0.0108695652174	0.00271002710027
36012	Shlomi Dolev	4	0.0353481795688	0.00268036962445	0.0298913043478	0.00540960385061
433439	Faith Ellen Fich	4	0.0281109445277	0.00229534415354	0.0244565217391	0.00549721344643
38410	Dahlia Malkhi	4	0.0199669187146	0.000444260158749	0.0190217391304	0.00393259249879
47390	Idit Keidar	4	0.0208745059289	0.00060715555029	0.0244565217391	0.00538564984867
335656	Fabian Kuhn	4	0.0257437070938	1.48086719583e-05	0.0163043478261	0.0027499968726
147264	Nir Shavit	4	0.0216429395922	0.000429451486791	0.0135869565217	0.00307942436123
47279	Yishay Mansour	3	0.028417163967	0.00167337993129	0.0135869565217	0.00323615290021
41209	James H. Anderson	3	0.00271739130435	0.0	0.00815217391304	0.00271002710027
117058	Christian Cachin	3	0.0054347826087	0.0	0.0108695652174	0.00271002710027
115072	James Aspnes	3	0.0190217391304	0.00017029972752	0.0244565217391	0.00438766823825
117177	Marcos Kawazoe Aguilera	3	0.0330493537015	0.00296173439166	0.0190217391304	0.00290403245803
336445	Danny Hendler	3	0.0214530892449	0.0	0.0108695652174	0.0022952942148
47681	Sam Toueg	3	0.0313545150502	0.000325790783083	0.0217391304348	0.00302866762928
115529	Jennifer L. Welch	3	0.0342348510784	0.000577538206374	0.0217391304348	0.00375247844802
175053	Grzegorz Malewicz	3	0.039169604387	0.00568653003199	0.0135869565217	0.00244922868637
173094	Srikanta Tirthapura	3	0.0309576224546	0.0	0.0108695652174	0.00175474749312
74889	Amotz Bar-Noy	3	0.036231884058	0.00620483355053	0.0163043478261	0.00326005895106
36103	Christos H. Papadimitriou	3	0.0326086956522	0.0012439284445	0.0353260869565	0.00518460466773
36111	Sergio Rajsbaum	3	0.0237441958632	0.0	0.0135869565217	0.00205606762056
50837	Rachid Guerraoui	3	0.0284378159757	0.00119950242862	0.0271739130435	0.00399582353868
116006	Zvi Lotker	3	0.0254258835495	0.00164376258737	0.0190217391304	0.00368239110119
# Periodo: 2002-2005
34033	Michel Raynal	9	0.0363544634378	0.0031047265987	0.0360576923077	0.00593210165351
65786	Roger Wattenhofer	8	0.0168269230769	0.000150602409639	0.0216346153846	0.00401941708909
50452	Nancy A. Lynch	6	0.0332574672668	0.0014500308928	0.0288461538462	0.00431095346537
151662	Scott Shenker	5	0.0349396243292	0.00201575532901	0.0360576923077	0.00550692415648
174469	Hugues Fauconnier	5	0.0426769788183	0.00178792091443	0.0264423076923	0.00387062558581
47668	Achour Mostéfaoui	5	0.0267701048951	4.0546802595e-05	0.0192307692308	0.00308187677709
47681	Sam Toueg	5	0.0368088942308	0.000467253629904	0.0240384615385	0.00355492468182
51799	Maurice Herlihy	5	0.0320077341137	0.002359437751	0.0240384615385	0.00417794459744
189270	Carole Delporte-Gallet	5	0.0426769788183	0.00178792091443	0.0264423076923	0.00387062558581
36012	Shlomi Dolev	5	0.0332574672668	0.00221848934198	0.0288461538462	0.00443962505886
175594	Thomas Moscibroda	5	0.00981570512821	0.0	0.00961538461538	0.00172305700155
335656	Fabian Kuhn	5	0.0117788461538	1.15848007414e-05	0.0144230769231	0.00263577777556
47280	Boaz Patt-Shamir	4	0.0197860881207	0.00322057460612	0.0168269230769	0.00347374602207
47390	Idit Keidar	4	0.02881292095	0.0022358665431	0.0216346153846	0.00432115877849
118602	Prasad Jayanti	4	0.00480769230769	0.0	0.00961538461538	0.00239808153477
115230	C. Pandu Rangan	4	0.0216346153846	0.000121640407785	0.0264423076923	0.00392151719912
117518	K. Srinathan	4	0.0216346153846	0.000121640407785	0.0264423076923	0.00392151719912
433439	Faith Ellen Fich	4	0.017701048951	0.000335959221501	0.0216346153846	0.00513181526286
38410	Dahlia Malkhi	4	0.0290809481216	0.00312789620019	0.0168269230769	0.00301091364271
50837	Rachid Guerraoui	4	0.0403385142255	0.00351019462465	0.0288461538462	0.00445829768427
119070	Dariusz R. Kowalski	4	0.0319000196232	0.00641797961075	0.0120192307692	0.00244135379974
147264	Nir Shavit	4	0.0121694711538	9.26784059314e-05	0.0120192307692	0.0027975017804
116738	Alexander A. Shvartsman	3	0.0355250218531	0.00725208526413	0.0240384615385	0.00386473488282
174216	Seth Gilbert	3	0.0361410626945	0.00545064874884	0.0288461538462	0.00411328898045
47279	Yishay Mansour	3	0.00858516483516	9.26784059314e-05	0.0120192307692	0.00336975746699
117058	Christian Cachin	3	0.00480769230769	0.0	0.00961538461538	0.00239808153477
115072	James Aspnes	3	0.0168269230769	0.000133225208526	0.0216346153846	0.00388261290147
117177	Marcos Kawazoe Aguilera	3	0.0306740785256	0.000764596848934	0.0168269230769	0.00270972644854
336445	Danny Hendler	3	0.0114536199095	0.0	0.00961538461538	0.002092237298
172938	Rida A. Bazzi	3	0.00480769230769	1.15848007414e-05	0.00961538461538	0.00299322585727
117784	David Peleg	3	0.0254162757974	0.00565338276182	0.0168269230769	0.0035925604142
547971	Tina Nolte	3	0.0325646033654	0.00107352486871	0.0240384615385	0.00346027624193
34044	Anish Arora	3	0.0289463141026	0.000579240037071	0.0144230769231	0.00230289517653
36103	Christos H. Papadimitriou	3	0.034145541958	0.00170296570899	0.03125	0.00451668133723
36111	Sergio Rajsbaum	3	0.025830802969	0.0	0.00961538461538	0.00152665593646
77406	Gregory Chockler	3	0.0336150744417	0.0064874884152	0.0216346153846	0.00336905837599
147195	Victor Luchangco	3	0.0243364589955	1.93080012357e-05	0.0168269230769	0.00284150710045
429970	Vassos Hadzilacos	3	0.0354784522706	0.000556070435589	0.0216346153846	0.00333348884332
116686	Ittai Abraham	3	0.0286807515879	0.00166821130677	0.0144230769231	0.00256810474498
116716	Mark Moir	3	0.0243364589955	1.93080012357e-05	0.0168269230769	0.00284150710045
116752	Partha Dutta	2	0.0280448717949	0.0	0.0120192307692	0.00194266772857
# Periodo: 2006-2009
50837	Rachid Guerraoui	11	0.11443317584	0.0403071878573	0.0415841584158	0.00634893497442
47277	Baruch Awerbuch	10	0.0733889178392	0.00981490212513	0.0158415841584	0.00287219908699
34220	Hagit Attiya	9	0.0945942584208	0.0266284808753	0.029702970297	0.0053110826226
47390	Idit Keidar	8	0.089639321075	0.0132272483528	0.0316831683168	0.00477999179724
28806	Rohit Khandekar	7	0.0617695075496	0.0	0.00792079207921	0.0014889455425
65786	Roger Wattenhofer	7	0.0956760224942	0.00618811881188	0.0178217821782	0.00298432418344
34033	Michel Raynal	7	0.075297029703	0.0246319870082	0.0257425742574	0.00437029263878
336445	Danny Hendler	6	0.0998634346193	0.0114958620186	0.019801980198	0.00304798665217
335656	Fabian Kuhn	6	0.120282795053	0.0661874005951	0.0336633663366	0.00470708853911
44345	Danny Dolev	6	0.0846985710945	0.0045418827597	0.0158415841584	0.00301938278598
174216	Seth Gilbert	5	0.10710815036	0.00768377262896	0.019801980198	0.00283953016593
117059	Alexander Shraer	5	0.088584740827	0.004118726891	0.019801980198	0.00292000266857
117177	Marcos Kawazoe Aguilera	5	0.0949521181626	0.0112786259875	0.0237623762376	0.00352240505451
115230	C. Pandu Rangan	5	0.0116482236459	0.0	0.0118811881188	0.00178741769071
51799	Maurice Herlihy	5	0.0923889935006	0.00164885536173	0.0158415841584	0.00246766339548
189174	Ashish Choudhary	5	0.0123762376238	3.14317146e-05	0.0138613861386	0.00214487524392
36012	Shlomi Dolev	5	0.105163449306	0.0195277447246	0.0277227722772	0.0043450710813
60644	Stefan Schmid	5	0.0974088353208	0.0209909346944	0.0217821782178	0.00338914953276
156906	Philipp Woelfel	5	0.0863498047052	0.00379256378019	0.0138613861386	0.00233573006392
50452	Nancy A. Lynch	5	0.107875400721	0.0362577934926	0.0217821782178	0.00324567014487
150886	Andréa W. Richa	5	0.0832931744502	0.00911144289032	0.019801980198	0.00321177120807
24317	Arpita Patra	5	0.0123762376238	3.14317146e-05	0.0138613861386	0.00214487524392
174217	Calvin C. Newport	4	0.105310531053	0.00146912153277	0.0178217821782	0.00248708029817
47280	Boaz Patt-Shamir	4	0.0659343517539	0.0064448984581	0.0158415841584	0.00306466906496
119070	Dariusz R. Kowalski	4	0.0902842082769	0.00453009586673	0.0158415841584	0.0026194304527
107022	Anne-Marie Kermarrec	4	0.0639736870883	0.0104078264969	0.0257425742574	0.00397671720405
47681	Sam Toueg	4	0.0866479052969	0.00495150535462	0.0178217821782	0.00270922008508
127670	Kannan Srinathan	4	0.016501650165	0.00019644821625	0.019801980198	0.00291746472881
90963	Pierre Fraigniaud	4	0.0725404910433	0.0111251431266	0.0178217821782	0.00341116210106
115663	Yuval Emek	4	0.0696549765985	0.0124310435579	0.0217821782178	0.00308675443566
115664	Amos Korman	4	0.0597121567827	0.0103410341034	0.00792079207921	0.00123246220285
117784	David Peleg	4	0.0795951688192	0.0209878289416	0.0257425742574	0.00370832257792
36111	Sergio Rajsbaum	4	0.0741842657172	0.00273193986065	0.0158415841584	0.0026861901714
175594	Thomas Moscibroda	4	0.0787625833713	0.00602703127456	0.0158415841584	0.00285437484884
38410	Dahlia Malkhi	4	0.107260726073	0.0200418330905	0.0277227722772	0.00384702550388
38500	Joseph Y. Halpern	4	0.0846034041606	0.0030331604589	0.0138613861386	0.00251591696987
87016	Jared Saia	4	0.0145814581458	0.00016501650165	0.0178217821782	0.00330384175409
116686	Ittai Abraham	4	0.106653016576	0.0357797933988	0.0217821782178	0.00325751867301
167258	Pietro Michiardi	3	0.0118811881188	7.07213578501e-05	0.0158415841584	0.00309410913767
116785	Valerie King	3	0.0123381568926	0.0001100110011	0.0138613861386	0.00266324648008
47278	Shay Kutten	3	0.0521808937651	0.00891089108911	0.0118811881188	0.00190851636216
47358	Lorenzo Alvisi	3	0.0219345011424	0.00035360678925	0.0257425742574	0.00403497976341
115072	James Aspnes	3	0.0764436849776	0.0030331604589	0.0118811881188	0.00231503908541
174469	Hugues Fauconnier	3	0.0947132449094	0.002841667801	0.0138613861386	0.00199795892742
709860	Donglin Xia	3	0.068701669437	0.0	0.00990099009901	0.00165455630889
172487	Haifeng Yu	3	0.0039603960396	0.0	0.00792079207921	0.00197628458498
47668	Achour Mostéfaoui	3	0.0638110421212	0.000157158573	0.0158415841584	0.00243439998945
117314	Gopal Pandurangan	3	0.0967828145282	0.00603488920321	0.019801980198	0.00320359129873
174779	Christian Scheideler	3	0.0830176733219	0.00458527598792	0.0138613861386	0.00215699154025
117568	Corentin Travers	3	0.0741112497076	0.00120750170255	0.0138613861386	0.00222599062364
# Periodo: 2007-2010
47277	Baruch Awerbuch	10	0.0773686022471	0.0093841077343	0.013093289689	0.00213259234586
65786	Roger Wattenhofer	9	0.0681671827529	0.00434672175865	0.0163666121113	0.00271136149468
34220	Hagit Attiya	9	0.0678980132258	0.0156690188082	0.0163666121113	0.00316324454243
47390	Idit Keidar	8	0.0843934814696	0.0152910485699	0.0278232405892	0.00441863880252
34033	Michel Raynal	8	0.0659450502375	0.011630746542	0.0229132569558	0.00396303290858
50837	Rachid Guerraoui	8	0.094349365429	0.0153727207522	0.0294599018003	0.0043946156403
28806	Rohit Khandekar	7	0.0629859774704	0.0	0.00654664484452	0.00116320535072
115663	Yuval Emek	7	0.0707620240717	0.0149572819925	0.0310965630115	0.00439718567797
24317	Arpita Patra	7	0.0116491768557	4.82949209841e-05	0.013093289689	0.00206889120271
335656	Fabian Kuhn	7	0.105653897692	0.0425398455816	0.0310965630115	0.00412332155562
174216	Seth Gilbert	6	0.0921993128656	0.00647844310045	0.0163666121113	0.00230528149255
115230	C. Pandu Rangan	6	0.0110020003637	2.14644093263e-05	0.0114566284779	0.00177335010072
36012	Shlomi Dolev	6	0.094349365429	0.0321075341172	0.0278232405892	0.00443226282067
150886	Andréa W. Richa	6	0.0896749509748	0.0140063504556	0.0245499181669	0.00349492645971
174217	Calvin C. Newport	5	0.0939626877018	0.00534831409634	0.0180032733224	0.00242031922107
176267	Johannes Schneider	5	0.056702957459	0.0	0.00490998363339	0.00087160182919
47280	Boaz Patt-Shamir	5	0.0685749625102	0.00740130736992	0.0212765957447	0.0033464050903
117177	Marcos Kawazoe Aguilera	5	0.0872851362915	0.0140896860036	0.0196399345336	0.00294912975723
336445	Danny Hendler	5	0.0817844083207	0.0188655395114	0.013093289689	0.0021722376347
189174	Ashish Choudhary	5	0.0110020003637	2.14644093263e-05	0.0114566284779	0.00177335010072
87016	Jared Saia	5	0.0114566284779	6.97593303104e-05	0.0147299509002	0.00273872046757
117784	David Peleg	5	0.0820771925987	0.0265714609384	0.0245499181669	0.00340572713941
156906	Philipp Woelfel	5	0.0700414331952	0.00288195469221	0.0114566284779	0.00203695108197
50452	Nancy A. Lynch	5	0.0911002482089	0.0142170376728	0.0196399345336	0.0027061653713
119070	Dariusz R. Kowalski	4	0.0749244960759	0.00217863754662	0.0114566284779	0.00186343991743
117059	Alexander Shraer	4	0.0816872771944	0.00285530305063	0.0163666121113	0.00245034871779
175502	Chryssis Georgiou	4	0.0750880866787	0.00431971237692	0.0147299509002	0.00236400710121
47681	Sam Toueg	4	0.0760848311922	0.00490616550651	0.0147299509002	0.00226867095149
117314	Gopal Pandurangan	4	0.085441847699	0.00539829894556	0.0180032733224	0.00278784065589
51799	Maurice Herlihy	4	0.0800706488914	0.00489741485617	0.013093289689	0.00198229003365
174779	Christian Scheideler	4	0.0747616167366	0.000625598096822	0.013093289689	0.00187079454235
90963	Pierre Fraigniaud	4	0.0538190042236	0.00433581068391	0.0114566284779	0.0025052319381
115664	Amos Korman	4	0.0591916414782	0.00743741783156	0.00654664484452	0.00100449962367
60644	Stefan Schmid	4	0.0840839699238	0.00439474837452	0.0180032733224	0.00257100760445
36111	Sergio Rajsbaum	4	0.0683025694118	0.00380185963436	0.013093289689	0.00225125902351
38410	Dahlia Malkhi	4	0.0964666022408	0.0215867413828	0.0229132569558	0.00312342803441
116785	Valerie King	3	0.00729058175867	0.0	0.00818330605565	0.00147886093488
47278	Shay Kutten	3	0.0507981443115	0.0064071261839	0.00981996726678	0.0015714617091
47358	Lorenzo Alvisi	3	0.0181291703387	0.000241474604921	0.0212765957447	0.00333611071942
115072	James Aspnes	3	0.0565630652942	0.0	0.00654664484452	0.00125503608842
174469	Hugues Fauconnier	3	0.0803512703244	0.00196032864368	0.0114566284779	0.00165444105427
453000	Thomas Locher	3	0.0821752537607	0.0015509824439	0.0114566284779	0.0015801182402
12703	Sriram V. Pemmaraju	3	0.00523731587561	1.60983069947e-05	0.00818330605565	0.00191763564841
172487	Haifeng Yu	3	0.00327332242226	0.0	0.00654664484452	0.0016339869281
107022	Anne-Marie Kermarrec	3	0.0631594925599	0.00427436963209	0.0180032733224	0.00274348394931
8744	Christoph Lenzen	3	0.0816872771944	0.00154203894002	0.00981996726678	0.00136158260168
410236	Faith Ellen	3	0.0570794086288	0.00431434627458	0.0147299509002	0.00268734567361
127670	Kannan Srinathan	3	0.014145429039	0.000160983069947	0.0163666121113	0.00241212421237
189270	Carole Delporte-Gallet	3	0.0803512703244	0.00196032864368	0.0114566284779	0.00165444105427
105316	Michael F. Spear	3	0.00654664484452	5.36610233157e-06	0.00981996726678	0.00190740234751
58346	Angelo Monti	3	0.00654664484452	0.0	0.00981996726678	0.0016339869281
27715	Michael Elkin	3	0.00163666121113	0.0	0.00490998363339	0.0016339869281
38500	Joseph Y. Halpern	3	0.0751701501614	0.00217863754662	0.00981996726678	0.00178454628638
676980	Vibhor Bhatt	3	0.0527864062914	0.00109468487564	0.00818330605565	0.0018244337941
107709	Damien Imbs	3	0.0553789753605	1.07322046631e-05	0.00818330605565	0.0014081821723
277718	Panagiota Fatourou	3	0.0569848280014	0.00215717313729	0.0114566284779	0.00216168054301
167258	Pietro Michiardi	3	0.00981996726678	4.82949209841e-05	0.013093289689	0.00255820134585
511268	Wojciech M. Golab	3	0.0689185244466	0.00109468487564	0.00981996726678	0.00174405505108
44345	Danny Dolev	3	0.0751701501614	0.00217863754662	0.00981996726678	0.00178454628638
115594	Riccardo Silvestri	3	0.00654664484452	0.0	0.00981996726678	0.0016339869281
34139	Michael L. Scott	3	0.00654664484452	5.36610233157e-06	0.00981996726678	0.00190740234751
# Periodo: 2011-2014
455786	Keren Censor-Hillel	3	0.0637494900041	0.00843193254454	0.0697674418605	0.0110160616154
811540	Dan Dobre	2	0.0446617336152	0.0	0.0348837209302	0.00494954740068
501173	Marko Vukolic	2	0.0545865633075	0.00244798041616	0.0581395348837	0.00849741764684
117314	Gopal Pandurangan	2	0.0174418604651	0.000135998912009	0.0290697674419	0.00749327065636
51799	Maurice Herlihy	2	0.0465861657722	0.00448796409629	0.0406976744186	0.00752392472695
156801	Brendan Juba	2	0.0116279069767	0.0	0.0232558139535	0.00578034682081
174216	Seth Gilbert	2	0.0586084021005	0.0016319869441	0.0523255813953	0.0079591311902
510100	Rotem Oshman	2	0.0595691955776	0.00679994560044	0.0290697674419	0.00472744644671
50837	Rachid Guerraoui	2	0.0577975376197	0.00271997824017	0.0639534883721	0.0088904977264
65786	Roger Wattenhofer	2	0.0232558139535	0.000203998368013	0.0348837209302	0.00748116561242
50452	Nancy A. Lynch	2	0.0567768895349	0.0016319869441	0.0406976744186	0.0066251103432
511268	Wojciech M. Golab	2	0.0116279069767	0.0	0.0232558139535	0.00578034682081
116006	Zvi Lotker	2	0.0484496124031	0.0031279749762	0.0406976744186	0.00725266277567
335656	Fabian Kuhn	2	0.0685607722685	0.0106079151367	0.046511627907	0.00731814253986
174999	Antonio Fernández Anta	2	0.0232558139535	0.000271997824017	0.0348837209302	0.00813402097539
107944	Yoram Moses	2	0.0595691955776	0.00679994560044	0.0348837209302	0.0060178262875
47552	Neeraj Suri	2	0.0446617336152	0.0	0.0348837209302	0.00494954740068
