# Periodo: 1975-1977
48192	Stanley Y. W. Su	3	0.00446428571429	0.0	2.0	0.0133928571429	0.00444444444444
940177	Alan G. Merten	3	0.0139508928571	0.000160153747598	38.0	0.0178571428571	0.00460509542142
383168	E. Nahouraii	3	0.0285714285714	0.00068065342729	100.0	0.0357142857143	0.00758681566251
49402	S. Bing Yao	3	0.0186011904762	0.000320307495195	50.0	0.0267857142857	0.00692056715072
80697	Dennis Tsichritzis	3	0.00892857142857	0.0	4.0	0.0178571428571	0.00444444444444
940577	Masaaki Tsubaki	2	0.00446428571429	0.0	2.0	0.0133928571429	0.00444444444444
250921	Daniel Sagalowicz	2	0.0133928571429	0.0	6.0	0.0223214285714	0.00444444444444
501856	Craig Fields	2	0.0401785714286	0.000320307495195	50.0	0.0491071428571	0.0054627953242
49774	Eduardo B. Fernández	2	0.025974025974	0.000480461242793	82.0	0.03125	0.00639270154197
48281	David K. Hsiao	2	0.00892857142857	4.00384368994e-05	8.0	0.0178571428571	0.00554744525547
49404	Barron C. Housel	2	0.0093005952381	0.0	24.0	0.0133928571429	0.00342859908401
48996	Shamkant B. Navathe	2	0.00446428571429	0.0	2.0	0.0133928571429	0.00444444444444
51606	Keki B. Irani	2	0.00892857142857	4.00384368994e-05	8.0	0.0178571428571	0.00554744525547
382894	Michael E. Senko	2	0.00446428571429	0.0	2.0	0.0133928571429	0.00444444444444
212411	Hideto Ikeda	2	0.0133928571429	0.0	6.0	0.0223214285714	0.00444444444444
36852	Peter P. Chen	2	0.0111607142857	0.0	20.0	0.0133928571429	0.00320550064962
250875	Anthony C. Klug	2	0.00892857142857	0.0	4.0	0.0178571428571	0.00444444444444
115713	Witold Lipski Jr.	1	0.0	0.0	0.0	0.00892857142857	0.00444444444444
781314	Stig Berild	1	0.00446428571429	0.0	2.0	0.0133928571429	0.00444444444444
50691	John J. Donovan	1	0.0133928571429	0.0	6.0	0.0223214285714	0.00444444444444
980996	Carl E. Taylor	1	0.0133928571429	0.0	6.0	0.0223214285714	0.00444444444444
49669	Gerald J. Popek	1	0.00446428571429	0.0	2.0	0.0133928571429	0.00444444444444
# Periodo: 1978-1980
48221	Philip A. Bernstein	5	0.037880415324	0.00207427233188	566.0	0.0285714285714	0.00583886243951
48222	Nathan Goodman	4	0.0514091350826	0.00301104048177	712.0	0.0326530612245	0.00526871892896
50169	Georges Gardarin	4	0.0616909620991	0.004550016728	-88.0	0.065306122449	0.00920763728632
48192	Stanley Y. W. Su	3	0.0927744070601	0.00401472064236	538.0	0.0938775510204	0.00770704858073
52308	Robert Demolombe	3	0.0415227629513	0.0	104.0	0.0244897959184	0.00336085750417
43662	Eric K. Clemons	3	0.00408163265306	0.0	2.0	0.0122448979592	0.00406504065041
48281	David K. Hsiao	3	0.0122448979592	6.69120107059e-05	14.0	0.0204081632653	0.00526965781931
84147	Michael L. Brodie	3	0.00408163265306	0.0	2.0	0.0122448979592	0.00406504065041
78024	Gerald A. Wilson	3	0.00816326530612	3.3456005353e-05	8.0	0.0163265306122	0.00507388285562
50989	Witold Litwin	3	0.0415227629513	0.0	104.0	0.0326530612245	0.00415295164704
223	Michel E. Adiba	3	0.0440649729279	0.00145533623285	370.0	0.0367346938776	0.00552140342084
358	Frank Manola	3	0.0	0.0	0.0	0.00816326530612	0.00406504065041
4	C. J. Date	2	0.0	0.0	0.0	0.00816326530612	0.00406504065041
250943	James P. Fry	2	0.0837232453957	0.000669120107059	82.0	0.0775510204082	0.00577855065909
250987	Robert W. Taylor	2	0.0837232453957	0.000669120107059	82.0	0.0775510204082	0.00577855065909
50322	Vincent Y. Lum	2	0.0817298347911	0.00180662428906	352.0	0.0775510204082	0.00613874640269
50334	Colette Rolland	2	0.0122448979592	6.69120107059e-05	14.0	0.0204081632653	0.00526965781931
52919	Toby J. Teorey	2	0.0817298347911	0.00180662428906	352.0	0.0775510204082	0.00613874640269
209	Rudi Studer	2	0.0	0.0	0.0	0.00816326530612	0.00406504065041
224	Bruce G. Lindsay	2	0.0490723562152	0.000501840080294	88.0	0.0285714285714	0.00420717393352
216806	Mario Schkolnick	2	0.0780148423006	0.0	88.0	0.069387755102	0.00496229233773
49402	S. Bing Yao	2	0.0122448979592	6.69120107059e-05	14.0	0.0204081632653	0.00526965781931
322843	Rudolf Munz	2	0.0479818594104	0.00140515222482	346.0	0.0326530612245	0.00525184514777
80697	Dennis Tsichritzis	2	0.00408163265306	0.0	2.0	0.0122448979592	0.00406504065041
# Periodo: 1979-1981
4	C. J. Date	3	0.0	0.0	0.0	0.0084388185654	0.00420168067227
84147	Michael L. Brodie	3	0.0	0.0	0.0	0.0084388185654	0.00420168067227
48192	Stanley Y. W. Su	3	0.0753465943339	0.000715154115712	70.0	0.0801687763713	0.00563695750013
48221	Philip A. Bernstein	3	0.029741689822	0.00107273117357	298.0	0.0210970464135	0.00419677679767
48222	Nathan Goodman	3	0.0420485959552	0.001501823643	342.0	0.0295358649789	0.00483044040499
78024	Gerald A. Wilson	3	0.0084388185654	3.57577057856e-05	8.0	0.0168776371308	0.00524443353984
250853	William Kent	3	0.0	0.0	0.0	0.0084388185654	0.00420168067227
49127	Arie Shoshani	3	0.0126582278481	7.15154115712e-05	14.0	0.0210970464135	0.00544678917458
50169	Georges Gardarin	3	0.048776371308	0.00271758563971	466.0	0.0548523206751	0.0080476356611
223	Michel E. Adiba	2	0.0259448783553	0.0	94.0	0.0126582278481	0.0023081648376
250943	James P. Fry	2	0.0753465943339	0.000715154115712	70.0	0.0801687763713	0.00563695750013
176231	Y. Edmund Lien	2	0.0084388185654	0.0	4.0	0.0168776371308	0.00420168067227
250987	Robert W. Taylor	2	0.0753465943339	0.000715154115712	70.0	0.0801687763713	0.00563695750013
52919	Toby J. Teorey	2	0.0732536333802	0.00164485446614	300.0	0.0801687763713	0.00602533514073
209	Rudi Studer	2	0.0	0.0	0.0	0.0084388185654	0.00420168067227
48344	Gio Wiederhold	2	0.0517084470919	0.00164485446614	390.0	0.0295358649789	0.00427736670268
224	Bruce G. Lindsay	2	0.0393357833129	0.00057212329257	154.0	0.0295358649789	0.00491959520111
84196	Yahiko Kambayashi	2	0.0135021097046	0.000107273117357	24.0	0.0210970464135	0.00538294516714
48406	Zvi M. Kedem	2	0.0084388185654	0.0	4.0	0.0168776371308	0.00420168067227
48407	Abraham Silberschatz	2	0.0084388185654	0.0	4.0	0.0168776371308	0.00420168067227
322843	Rudolf Munz	2	0.04064697609	0.00107273117357	232.0	0.0337552742616	0.00566185364861
49960	Susan J. Eggers	2	0.00949367088608	0.0	8.0	0.0168776371308	0.00412544953947
50989	Witold Litwin	2	0.033872480075	0.0	72.0	0.0337552742616	0.00442213048843
# Periodo: 1982-1984
48665	Michael Stonebraker	4	0.0153846153846	0.0001782001782	32.0	0.0230769230769	0.0069453984827
48996	Shamkant B. Navathe	4	0.0153846153846	0.0001485001485	28.0	0.0230769230769	0.00610524317421
50460	Umeshwar Dayal	3	0.0222527472527	0.0004158004158	104.0	0.0269230769231	0.00443711560999
49668	Douglas Stott Parker Jr.	2	0.00769230769231	2.97000297e-05	8.0	0.0153846153846	0.00478228039265
55340	Hans-Jörg Schek	2	0.00769230769231	2.97000297e-05	8.0	0.0153846153846	0.00478228039265
38446	Won Kim	2	0.034965034965	0.000712800712801	130.0	0.0423076923077	0.00596144870684
322611	Peter Peinl	2	0.00769230769231	2.97000297e-05	8.0	0.0153846153846	0.00478228039265
51046	Stavros Christodoulakis	2	0.0530048076923	0.0030888030888	666.0	0.0615384615385	0.00664389644986
53315	Dennis McLeod	2	0.00384615384615	0.0	2.0	0.0115384615385	0.00383141762452
175690	Arnon Rosenthal	2	0.0115384615385	5.94000594001e-05	14.0	0.0192307692308	0.00496680392165
53333	Marco A. Casanova	2	0.0115384615385	1.485001485e-05	6.0	0.0192307692308	0.00430684900859
53334	Antonio L. Furtado	2	0.0115384615385	1.485001485e-05	6.0	0.0192307692308	0.00430684900859
51833	Domenico Saccà	2	0.0102564102564	8.91000891001e-05	28.0	0.0153846153846	0.00399002505878
48406	Zvi M. Kedem	2	0.0123076923077	8.91000891001e-05	24.0	0.0192307692308	0.00490858601448
618781	Wen-Te K. Lin	2	0.0222527472527	0.0002376002376	70.0	0.0307692307692	0.00478306026304
51388	Daniel R. Ries	2	0.0259615384615	0.0001188001188	24.0	0.0307692307692	0.00455757694941
48344	Gio Wiederhold	2	0.0123076923077	0.0001188001188	30.0	0.0192307692308	0.00482082590317
227	Raymond A. Lorie	2	0.0240384615385	0.0002673002673	80.0	0.0230769230769	0.00398403804849
55531	Laura M. Haas	2	0.0376923076923	0.0020196020196	554.0	0.0307692307692	0.0045594362543
53526	Peter Lyngbæk	2	0.00384615384615	0.0	2.0	0.0115384615385	0.00383141762452
48407	Abraham Silberschatz	2	0.0123076923077	8.91000891001e-05	24.0	0.0192307692308	0.00490858601448
80697	Dennis Tsichritzis	2	0.038548951049	0.000594000594001	214.0	0.0384615384615	0.00455275983875
53571	Ravi Krishnamurthy	2	0.00769230769231	0.0	4.0	0.0153846153846	0.00383141762452
49996	Arvola Chan	2	0.0259615384615	0.0001188001188	24.0	0.0307692307692	0.00455757694941
50062	Matthew Morgenstern	2	0.0	0.0	0.0	0.00769230769231	0.00383141762452
48441	S. Misbah Deen	2	0.00769230769231	0.0	4.0	0.0153846153846	0.00383141762452
# Periodo: 1983-1985
48665	Michael Stonebraker	3	0.0118959107807	0.00013871164623	34.0	0.0185873605948	0.00540355029988
48987	David J. DeWitt	3	0.0148698884758	0.00013871164623	28.0	0.0223048327138	0.0059017350684
51046	Stavros Christodoulakis	3	0.0512314126394	0.00288520224158	666.0	0.0594795539033	0.00642243323486
53315	Dennis McLeod	3	0.0148698884758	8.32269877379e-05	20.0	0.0223048327138	0.00479348759611
175690	Arnon Rosenthal	3	0.0111524163569	5.54846584919e-05	14.0	0.0185873605948	0.00480124379093
54109	Gösta Grahne	3	0.00836431226766	5.54846584919e-05	18.0	0.0148698884758	0.00431499460626
38446	Won Kim	2	0.0191184280404	0.000221938633968	50.0	0.0260223048327	0.00541494890288
115761	Serge Abiteboul	2	0.00836431226766	5.54846584919e-05	18.0	0.0148698884758	0.00431499460626
322611	Peter Peinl	2	0.00743494423792	2.7742329246e-05	8.0	0.0148698884758	0.00462287104623
53334	Antonio L. Furtado	2	0.00743494423792	0.0	4.0	0.0148698884758	0.0037037037037
51833	Domenico Saccà	2	0.00743494423792	2.7742329246e-05	8.0	0.0148698884758	0.00462287104623
53333	Marco A. Casanova	2	0.00743494423792	0.0	4.0	0.0148698884758	0.0037037037037
50322	Vincent Y. Lum	2	0.0148698884758	2.7742329246e-05	8.0	0.0223048327138	0.00432344532101
49320	Christos Faloutsos	2	0.0364312267658	0.0	90.0	0.0334572490706	0.0036831536354
227	Raymond A. Lorie	2	0.0167286245353	0.00013871164623	40.0	0.0223048327138	0.00468455124841
55531	Laura M. Haas	2	0.0364312267658	0.00188647838873	554.0	0.0297397769517	0.00440745504582
53526	Peter Lyngbæk	2	0.00849707912905	0.0	14.0	0.0111524163569	0.00238338860329
48407	Abraham Silberschatz	2	0.00743494423792	2.7742329246e-05	8.0	0.0148698884758	0.00462287104623
50460	Umeshwar Dayal	2	0.0111524163569	0.0	6.0	0.0185873605948	0.0037037037037
14128	Matthias Jarke	2	0.0167286245353	0.000221938633968	56.0	0.0223048327138	0.00495159820943
80697	Dennis Tsichritzis	2	0.0372592091923	0.000554846584919	214.0	0.0371747211896	0.00440100117746
53571	Ravi Krishnamurthy	2	0.00743494423792	0.0	4.0	0.0148698884758	0.0037037037037
77645	Joachim W. Schmidt	2	0.0167286245353	0.000221938633968	56.0	0.0223048327138	0.00495159820943
50062	Matthew Morgenstern	2	0.0	0.0	0.0	0.00743494423792	0.0037037037037
43866	Werner Kießling	2	0.00371747211896	0.0	2.0	0.0111524163569	0.0037037037037
48996	Shamkant B. Navathe	2	0.0111524163569	5.54846584919e-05	14.0	0.0185873605948	0.00480124379093
359	Alejandro P. Buchmann	2	0.00743494423792	2.7742329246e-05	8.0	0.0148698884758	0.00462287104623
# Periodo: 1986-1988
48665	Michael Stonebraker	5	0.0208333333333	0.000348262171763	82.0	0.0272108843537	0.00645069031909
38446	Won Kim	3	0.00680272108844	2.32174781175e-05	8.0	0.0136054421769	0.0042311023135
49520	Michael J. Carey	3	0.0226757369615	0.000394697127998	118.0	0.0238095238095	0.00462855835666
100729	Johann Christoph Freytag	3	0.0185185185185	0.000348262171763	94.0	0.0238095238095	0.00577003977595
99863	Klaus Küspert	2	0.0309214594929	9.28699124701e-05	22.0	0.0374149659864	0.00408697701487
49895	Randy H. Katz	2	0.0166666666667	0.000139304868705	50.0	0.0204081632653	0.00453155336125
51209	Doron Rotem	2	0.0108843537415	6.96524343526e-05	24.0	0.0170068027211	0.00434285067722
36413	Hidenori Itoh	2	0.0102040816327	0.0	6.0	0.0170068027211	0.00338983050847
49733	Setrag Khoshafian	2	0.0136054421769	2.32174781175e-05	8.0	0.0204081632653	0.00395705164974
250961	Upen S. Chakravarthy	2	0.00680272108844	2.32174781175e-05	8.0	0.0136054421769	0.0042311023135
50788	Arthur M. Keller	2	0.0136054421769	0.0	18.0	0.0204081632653	0.00351747730032
33882	Kotagiri Ramamohanarao	2	0.0136054421769	9.28699124701e-05	24.0	0.0204081632653	0.0047701207754
3181	H. V. Jagadish	2	0.00340136054422	0.0	2.0	0.0102040816327	0.00338983050847
50334	Colette Rolland	2	0.0102040816327	1.16087390588e-05	6.0	0.0170068027211	0.00381046641099
256702	Peter Pistor	2	0.0309214594929	0.000208957303058	60.0	0.0374149659864	0.00425438468543
223	Michel E. Adiba	2	0.00680272108844	2.32174781175e-05	8.0	0.0136054421769	0.0042311023135
48871	Stefano Ceri	2	0.0108843537415	6.96524343526e-05	24.0	0.0170068027211	0.00434285067722
48872	Georg Gottlob	2	0.0108843537415	6.96524343526e-05	24.0	0.0170068027211	0.00434285067722
980716	Bo Kähler	2	0.0138888888889	0.000139304868705	58.0	0.0170068027211	0.00407361526003
55533	Guy M. Lohman	2	0.0138888888889	0.000139304868705	58.0	0.0170068027211	0.00407361526003
760579	Jean-Yves Lingat	2	0.0102040816327	1.16087390588e-05	6.0	0.0170068027211	0.00381046641099
48388	Daniel M. Dias	2	0.0136054421769	7.73915937251e-06	8.0	0.0204081632653	0.00364538314104
48684	Balakrishna R. Iyer	2	0.0136054421769	7.73915937251e-06	8.0	0.0204081632653	0.00364538314104
312	Nick Roussopoulos	2	0.0108843537415	6.96524343526e-05	24.0	0.0170068027211	0.00434285067722
48344	Gio Wiederhold	2	0.0174927113703	0.00018573982494	54.0	0.0238095238095	0.00435612899365
53574	Carlo Zaniolo	2	0.0108843537415	6.96524343526e-05	24.0	0.0170068027211	0.00434285067722
49493	Roger King	2	0.00680272108844	2.32174781175e-05	8.0	0.0136054421769	0.0042311023135
48987	David J. DeWitt	2	0.0283446712018	0.000580436952938	144.0	0.0340136054422	0.00537537365626
43875	Philip S. Yu	2	0.0136054421769	7.73915937251e-06	8.0	0.0204081632653	0.00364538314104
# Periodo: 1987-1989
48665	Michael Stonebraker	5	0.0228544776119	0.000419252054335	82.0	0.0298507462687	0.0070741774666
49519	Rakesh Agrawal	4	0.00373134328358	0.0	2.0	0.0111940298507	0.00371747211896
38446	Won Kim	3	0.00746268656716	2.79501369557e-05	8.0	0.0149253731343	0.00464005644045
51209	Doron Rotem	3	0.0149253731343	0.000139750684778	28.0	0.0223880597015	0.00592367460537
3181	H. V. Jagadish	3	0.00373134328358	0.0	2.0	0.0111940298507	0.00371747211896
49493	Roger King	3	0.00746268656716	2.79501369557e-05	8.0	0.0149253731343	0.00464005644045
53571	Ravi Krishnamurthy	3	0.0223880597015	0.000307451506512	56.0	0.0298507462687	0.00643393034394
99863	Klaus Küspert	2	0.034730195178	0.000125775616301	26.0	0.0410447761194	0.00443364615613
55340	Hans-Jörg Schek	2	0.0111940298507	5.59002739113e-05	14.0	0.0186567164179	0.00481909228116
49214	Maurizio Lenzerini	2	0.00746268656716	2.79501369557e-05	8.0	0.0149253731343	0.00464005644045
53333	Marco A. Casanova	2	0.0111940298507	0.0	6.0	0.0186567164179	0.00371747211896
53334	Antonio L. Furtado	2	0.0111940298507	0.0	6.0	0.0186567164179	0.00371747211896
100729	Johann Christoph Freytag	2	0.0155472636816	0.000167700821734	40.0	0.0223880597015	0.00522906806657
49895	Randy H. Katz	2	0.0182835820896	0.000167700821734	50.0	0.0223880597015	0.00496954696634
50334	Colette Rolland	2	0.0111940298507	1.39750684778e-05	6.0	0.0186567164179	0.00417876427971
34980	Raghu Ramakrishnan	2	0.0155472636816	0.000111800547823	30.0	0.0223880597015	0.00488239425762
54438	Jeffrey F. Naughton	2	0.0155472636816	0.000111800547823	30.0	0.0223880597015	0.00488239425762
49320	Christos Faloutsos	2	0.0111940298507	5.59002739113e-05	14.0	0.0186567164179	0.00481909228116
256702	Peter Pistor	2	0.0376243781095	0.000223601095645	24.0	0.044776119403	0.00488542172851
351952	Michael Novak	2	0.00497512437811	0.0	6.0	0.0111940298507	0.00325617995821
48357	Gultekin Özsoyoglu	2	0.00746268656716	2.79501369557e-05	8.0	0.0149253731343	0.00464005644045
980716	Bo Kähler	2	0.0133262260128	0.000111800547823	34.0	0.0186567164179	0.00444822798861
760579	Jean-Yves Lingat	2	0.0111940298507	1.39750684778e-05	6.0	0.0186567164179	0.00417876427971
48684	Balakrishna R. Iyer	2	0.0191897654584	0.000223601095645	50.0	0.0261194029851	0.00543507877582
322841	Christophe Lécluse	2	0.00746268656716	2.79501369557e-05	8.0	0.0149253731343	0.00464005644045
53118	Masaru Kitsuregawa	2	0.00746268656716	0.0	4.0	0.0149253731343	0.00371747211896
# Periodo: 1990-1992
3181	H. V. Jagadish	7	0.0613539261736	0.00986052417515	5826.0	0.0220125786164	0.0044289143987
48987	David J. DeWitt	6	0.0425171944536	0.00990020435292	7400.0	0.0314465408805	0.00599084473452
34980	Raghu Ramakrishnan	5	0.058632582674	0.0154752693292	10504.0	0.0220125786164	0.00418151856796
48404	C. Mohan	5	0.0670086659131	0.00915620101978	12.0	0.0314465408805	0.0052197320047
49519	Rakesh Agrawal	5	0.0781767768986	0.0322500644803	15196.0	0.0503144654088	0.00822224062381
51264	Amit P. Sheth	4	0.0241536196976	0.000952324266413	454.0	0.0251572327044	0.00439316944844
48871	Stefano Ceri	4	0.0428934528116	0.0050790627542	4110.0	0.0157232704403	0.00314403705184
50460	Umeshwar Dayal	4	0.0629475346456	0.0069539511537	3610.0	0.0314465408805	0.00539080936353
49520	Michael J. Carey	4	0.0519317160827	0.00514850306529	3292.0	0.0314465408805	0.00574654333547
53637	Jennifer Widom	4	0.0519317160827	0.00624962799833	4636.0	0.0157232704403	0.00277032734628
27103	Patrick Valduriez	4	0.0167714884696	0.000337281511021	116.0	0.0220125786164	0.00511785674199
217134	Ming-Chien Shan	3	0.0141509433962	0.000158720711069	56.0	0.0188679245283	0.00419100788886
52796	Hongjun Lu	3	0.0141509433962	0.000158720711069	56.0	0.0188679245283	0.00419100788886
54334	Dennis Shasha	3	0.0062893081761	1.98400888836e-05	8.0	0.0125786163522	0.00391277486671
49428	Marek Rusinkiewicz	3	0.0306816250212	0.00154752693292	644.0	0.0251572327044	0.00417918821167
48407	Abraham Silberschatz	3	0.0157232704403	0.000128960577743	34.0	0.0220125786164	0.00487163365191
34328	Krithi Ramamritham	3	0.0544602266035	0.00513858302085	3162.0	0.0314465408805	0.0054509893868
54438	Jeffrey F. Naughton	3	0.049627578509	0.01243973573	9056.0	0.0188679245283	0.00339911363387
45251	Hanan Samet	3	0.0157232704403	7.93603555344e-05	26.0	0.0220125786164	0.00401472253148
224	Bruce G. Lindsay	3	0.0649146451033	0.0126778167966	5280.0	0.0283018867925	0.00468305214963
54571	Donovan A. Schneider	3	0.0415453728661	0.0	700.0	0.0157232704403	0.00280673184314
54788	S. Sudarshan	3	0.0463085366342	0.0	628.0	0.0125786163522	0.00245215664484
43338	Hector Garcia-Molina	3	0.0291082083535	0.00099200444418	398.0	0.0314465408805	0.0054842868541
50695	Gene T. J. Wuu	2	0.0494587772216	0.00261889173263	2020.0	0.0157232704403	0.00312834694378
53193	Divyakant Agrawal	2	0.00314465408805	0.0	2.0	0.00943396226415	0.00313479623824
175126	Christophe de Maindreville	2	0.0125786163522	0.000138880622185	76.0	0.0157232704403	0.00367348591203
48665	Michael Stonebraker	2	0.0062893081761	1.98400888836e-05	8.0	0.0125786163522	0.00391277486671
53283	Chiang Lee	2	0.00314465408805	0.0	2.0	0.00943396226415	0.00313479623824
52784	Shahram Ghandeharizadeh	2	0.0360815893378	0.0038688173323	3596.0	0.0188679245283	0.00350817020394
322737	Stanley B. Zdonik	2	0.0062893081761	1.98400888836e-05	8.0	0.0125786163522	0.00391277486671
33874	Richard R. Muntz	2	0.0062893081761	1.98400888836e-05	8.0	0.0125786163522	0.00391277486671
# Periodo: 1991-1993
3181	H. V. Jagadish	6	0.0264579328023	0.00112301260338	300.0	0.02416918429	0.00498161032134
50460	Umeshwar Dayal	6	0.0711154552455	0.00704019042388	1958.0	0.0453172205438	0.00773110265029
51264	Amit P. Sheth	5	0.0493454179255	0.00406481735787	2154.0	0.0302114803625	0.00497852217087
49520	Michael J. Carey	5	0.0151057401813	0.000100704934542	26.0	0.0211480362538	0.00473540098977
49519	Rakesh Agrawal	5	0.0771678344154	0.0115993774604	3158.0	0.0543806646526	0.00874653157263
34980	Raghu Ramakrishnan	4	0.0242531050688	0.000555402972321	-20.0	0.0211480362538	0.00386994199534
48404	C. Mohan	4	0.0594571838938	0.00403735237572	354.0	0.0302114803625	0.00498270847235
54788	S. Sudarshan	4	0.0256797583082	0.000671366230279	-92.0	0.0211480362538	0.00392864160901
48987	David J. DeWitt	4	0.0151057401813	0.00012816991669	38.0	0.0211480362538	0.00478832637883
53637	Jennifer Widom	4	0.0398559144783	0.000878879428728	822.0	0.0151057401813	0.00304822693739
30103	Miron Livny	4	0.0125881168177	2.74649821478e-05	12.0	0.0181268882175	0.0039056119923
27103	Patrick Valduriez	4	0.0161127895267	0.000219719857182	88.0	0.0181268882175	0.00393775947708
34328	Krithi Ramamritham	3	0.0477222133885	0.00335072782203	1860.0	0.0302114803625	0.00521802554122
53798	Tomasz Imielinski	3	0.0545396724439	0.00256339833379	1418.0	0.02416918429	0.0043514384648
49428	Marek Rusinkiewicz	3	0.0379778870945	3.6619976197e-05	382.0	0.0211480362538	0.00352120893489
48665	Michael Stonebraker	3	0.0636296178513	0.00410143733407	1774.0	0.0332326283988	0.00530205711145
45251	Hanan Samet	3	0.0151057401813	7.3239952394e-05	26.0	0.0211480362538	0.00385751954079
48871	Stefano Ceri	3	0.0315381584132	0.0	460.0	0.00906344410876	0.00191227050232
49904	David B. Lomet	3	0.00679758308157	3.6619976197e-05	18.0	0.012084592145	0.00350918236051
53493	Ron Sacks-Davis	3	0.00906344410876	9.15499404925e-06	6.0	0.0151057401813	0.00338580599771
53496	Justin Zobel	3	0.00906344410876	9.15499404925e-06	6.0	0.0151057401813	0.00338580599771
312	Nick Roussopoulos	3	0.0214837193689	0.000238029845281	74.0	0.0271903323263	0.00475310905882
174496	Eric Simon	3	0.019335347432	0.00036619976197	116.0	0.02416918429	0.00535330593017
53229	Yannis E. Ioannidis	3	0.0212954093287	0.0004150263969	4.0	0.0211480362538	0.00388230274576
51209	Doron Rotem	2	0.00906344410876	3.6619976197e-05	14.0	0.0151057401813	0.00390462597455
51210	Arie Segev	2	0.00604229607251	1.83099880985e-05	8.0	0.012084592145	0.00375956380266
54438	Jeffrey F. Naughton	2	0.0107898144152	0.0	14.0	0.0151057401813	0.00311766473356
544297	Ulf Schreier	2	0.0553723391988	0.0	262.0	0.0151057401813	0.00236473564116
217134	Ming-Chien Shan	2	0.0174018126888	0.00036619976197	182.0	0.0181268882175	0.00375593360454
52784	Shahram Ghandeharizadeh	2	0.0332326283988	0.000439439714364	118.0	0.0392749244713	0.00451263101444
34358	Michael J. Franklin	2	0.00944108761329	0.0	16.0	0.012084592145	0.00249294382487
52796	Hongjun Lu	2	0.0174018126888	0.00036619976197	182.0	0.0181268882175	0.00375593360454
84542	Stuart E. Madnick	2	0.00302114803625	0.0	2.0	0.00906344410876	0.00301204819277
# Periodo: 1994-1996
54438	Jeffrey F. Naughton	7	0.092032808626	0.0134078904288	3370.0	0.0425531914894	0.00689381192905
49519	Rakesh Agrawal	6	0.096136182259	0.0254272276473	19408.0	0.0401891252955	0.00631414518379
49320	Christos Faloutsos	5	0.0749051147129	0.00848150762439	7894.0	0.0260047281324	0.00482655904883
123193	Alon Y. Levy	5	0.0782040446355	0.00435308830489	2460.0	0.0260047281324	0.00415920616928
43338	Hector Garcia-Molina	5	0.0880080502312	0.00733868889561	6276.0	0.0283687943262	0.00497753074118
48407	Abraham Silberschatz	5	0.098649546501	0.0268571471254	5586.0	0.0425531914894	0.00634603263986
53229	Yannis E. Ioannidis	5	0.073091431548	0.00542055498023	3840.0	0.0236406619385	0.00430212190746
30103	Miron Livny	4	0.0840856858755	0.0110094560869	-1328.0	0.0260047281324	0.00420536783017
54787	S. Seshadri	4	0.0778009310034	0.00699889328339	4464.0	0.0283687943262	0.00478926392219
217117	Ashish Gupta	3	0.0895749591374	0.00441661380285	2188.0	0.0260047281324	0.00393747526805
34980	Raghu Ramakrishnan	3	0.105548116186	0.0271652600179	-4668.0	0.0354609929078	0.00509756757398
49520	Michael J. Carey	3	0.0698767621049	0.00485364504221	4098.0	0.0212765957447	0.00344057246615
545468	Zhao-Hui Tang	3	0.00709219858156	5.60205259207e-06	6.0	0.0118203309693	0.00265114997934
3181	H. V. Jagadish	3	0.0780019670008	0.00378766335541	2734.0	0.0260047281324	0.00395829135638
48268	Jiawei Han	3	0.00756501182033	5.60205259207e-05	34.0	0.0118203309693	0.00344094004946
251036	Sunita Sarawagi	3	0.0890464933018	0.00224829044028	486.0	0.0212765957447	0.00300519870726
53131	Divesh Srivastava	3	0.0782040446355	0.00791473106857	-376.0	0.0236406619385	0.00351083703935
499034	Manish Mehta 0002	3	0.0780019670008	0.0075483657212	-162.0	0.0189125295508	0.00292381718004
48665	Michael Stonebraker	3	0.0756560431812	0.00227256600152	1810.0	0.0189125295508	0.00302427813593
34358	Michael J. Franklin	3	0.0619851359945	0.00492980628102	5726.0	0.0236406619385	0.00407416102018
52796	Hongjun Lu	3	0.0118203309693	7.28266836969e-05	34.0	0.016548463357	0.00366521494094
53023	Kyuseok Shim	3	0.0722171321275	0.00369735471077	4414.0	0.0141843971631	0.0024295962231
53054	Surajit Chaudhuri	3	0.0573892799036	0.00248731135088	3592.0	0.0118203309693	0.0024124712144
48987	David J. DeWitt	3	0.0619851359945	0.00488498986028	5710.0	0.0189125295508	0.00294284096508
50169	Georges Gardarin	3	0.00709219858156	5.60205259207e-06	6.0	0.0118203309693	0.00265114997934
51264	Amit P. Sheth	2	0.0189125295508	0.0	16.0	0.0236406619385	0.00235849056604
254035	Giuseppe Psaila	2	0.0743516286436	0.0104870424524	11920.0	0.016548463357	0.00268586063415
45251	Hanan Samet	2	0.00236406619385	0.0	2.0	0.00709219858156	0.00235849056604
53527	Waqar Hasan	2	0.00236406619385	0.0	2.0	0.00709219858156	0.00235849056604
792933	Fabrizio Ferrandina	2	0.00945626477541	0.0	8.0	0.0141843971631	0.00235849056604
100728	Donald Kossmann	2	0.00965327029157	0.000112041051841	84.0	0.0118203309693	0.00257257353462
174496	Eric Simon	2	0.00945626477541	3.36123155524e-05	20.0	0.0141843971631	0.00305245672394
117280	Maria Zemankova	2	0.0798591566913	0.00348971418683	302.0	0.0141843971631	0.002123491907
84516	Leonard J. Seligman	2	0.0673811634583	0.00125485978062	2014.0	0.016548463357	0.00271816116939
48221	Philip A. Bernstein	2	0.00236406619385	0.0	2.0	0.00709219858156	0.00235849056604
100929	Nelson Mendonça Mattos	2	0.00472813238771	0.0	4.0	0.00945626477541	0.00235849056604
53991	Guido Moerkotte	2	0.00965327029157	6.72246311048e-05	58.0	0.0141843971631	0.00300150204347
49904	David B. Lomet	2	0.0422192464746	0.00125485978062	3082.0	0.0118203309693	0.00242242790586
43875	Philip S. Yu	2	0.0118203309693	6.72246311048e-05	34.0	0.016548463357	0.00339330458727
250731	Janet L. Wiener	2	0.0686062755212	0.0	880.0	0.00709219858156	0.00121472027759
50086	Peter M. G. Apers	2	0.00945626477541	3.36123155524e-05	20.0	0.0141843971631	0.00305245672394
250815	César A. Galindo-Legaria	2	0.00945626477541	4.48164207366e-05	24.0	0.0141843971631	0.00331883403005
# Periodo: 1995-1997
43338	Hector Garcia-Molina	7	0.0883887617379	0.0103974096109	10080.0	0.0307328605201	0.00557054553131
49519	Rakesh Agrawal	7	0.101535831562	0.0530626421521	57468.0	0.0472813238771	0.00762800870896
49320	Christos Faloutsos	6	0.0846777831917	0.0172968975833	9990.0	0.0307328605201	0.00528716982106
54787	S. Seshadri	6	0.0966691903975	0.0293271187897	746.0	0.0472813238771	0.00671188177139
54438	Jeffrey F. Naughton	5	0.100387236182	0.0281193162508	502.0	0.0378250591017	0.00580363833145
48407	Abraham Silberschatz	5	0.0975190294339	0.0274227943785	-4624.0	0.0425531914894	0.00610663093928
53229	Yannis E. Ioannidis	5	0.069438432539	0.00142777647063	1212.0	0.0189125295508	0.00323656147106
34980	Raghu Ramakrishnan	4	0.100843541801	0.0288733525297	-6352.0	0.0354609929078	0.0051209950816
123193	Alon Y. Levy	4	0.0695472702076	0.0103077767694	12970.0	0.0212765957447	0.00377079427292
30103	Miron Livny	4	0.0788120042494	0.00466277510747	126.0	0.0189125295508	0.003128865407
54788	S. Sudarshan	4	0.0845164921761	0.00345609297913	1050.0	0.0330969267139	0.00450629512911
217117	Ashish Gupta	3	0.0922477305456	0.00452645849439	4642.0	0.0260047281324	0.00407161889702
12535	Alfons Kemper	3	0.057925794246	0.00739844412326	10716.0	0.0189125295508	0.00329779135405
100728	Donald Kossmann	3	0.0692217759632	0.0115962488656	14926.0	0.0189125295508	0.0031930393346
100929	Nelson Mendonça Mattos	3	0.00709219858156	2.24082103683e-05	14.0	0.0118203309693	0.00305739581026
545468	Zhao-Hui Tang	3	0.00709219858156	5.60205259207e-06	6.0	0.0118203309693	0.00265114997934
53991	Guido Moerkotte	3	0.0494661743505	0.00152749300677	3858.0	0.016548463357	0.00305828977495
250813	Viswanath Poosala	3	0.0658325792173	0.00045936831255	1322.0	0.0118203309693	0.00204745819933
50169	Georges Gardarin	3	0.00709219858156	5.60205259207e-06	6.0	0.0118203309693	0.00265114997934
3181	H. V. Jagadish	3	0.0841957464752	0.0267878950848	29710.0	0.0260047281324	0.00380060867845
3182	Kenneth A. Ross	3	0.0576248810291	0.00152375830504	3350.0	0.00945626477541	0.00195374960773
251036	Sunita Sarawagi	3	0.0926328985228	0.00268151584074	710.0	0.0212765957447	0.00299832142624
48665	Michael Stonebraker	3	0.0777078080428	0.00259375035013	2548.0	0.0189125295508	0.00295807035223
34358	Michael J. Franklin	3	0.0583063842213	0.0060054003787	8658.0	0.0236406619385	0.0042293825393
53054	Surajit Chaudhuri	3	0.0640276455879	0.00452645849439	6338.0	0.0141843971631	0.003105661243
53131	Divesh Srivastava	3	0.0697659723151	0.00800533315407	4614.0	0.0212765957447	0.003536695749
3	Markus Tresch	2	0.0128710270554	0.000112041051841	66.0	0.016548463357	0.00334757450895
55340	Hans-Jörg Schek	2	0.0128710270554	0.000112041051841	66.0	0.016548463357	0.00334757450895
51264	Amit P. Sheth	2	0.0189125295508	0.0	16.0	0.0236406619385	0.00235849056604
137288	Shinichi Morishita	2	0.00945626477541	1.12041051841e-05	8.0	0.0141843971631	0.00275313735064
254035	Giuseppe Psaila	2	0.0845164921761	0.0216911476365	28560.0	0.016548463357	0.00263476233058
174169	Edward L. Wimmers	2	0.0841957464752	0.0185035797116	-7672.0	0.0189125295508	0.00299549656407
54640	Nikolaos Sidiropoulos	2	0.0715663845039	0.000517629659507	1240.0	0.016548463357	0.00254519657541
49321	Timos K. Sellis	2	0.0677422265533	0.00152375830504	2890.0	0.0118203309693	0.00231689255023
53423	Bernhard Seeger	2	0.00472813238771	0.0	4.0	0.00945626477541	0.00235849056604
53470	Laks V. S. Lakshmanan	2	0.00709219858156	2.24082103683e-05	14.0	0.0118203309693	0.00305739581026
55531	Laura M. Haas	2	0.0687924936317	0.00396065118259	446.0	0.0189125295508	0.00318485536274
312	Nick Roussopoulos	2	0.0678458079395	0.00302510839972	4456.0	0.0141843971631	0.00276990206389
53587	Gerhard Weikum	2	0.0593197304712	0.0101957357176	16150.0	0.016548463357	0.00274258704288
100696	Achim Kraiss	2	0.0508843559546	0.00880642667473	14708.0	0.0118203309693	0.00203128274274
49520	Michael J. Carey	2	0.0573270780264	0.00019046978813	1508.0	0.0141843971631	0.00251294713199
119159	Yossi Matias	2	0.0805284181351	0.00287796115163	458.0	0.0141843971631	0.00233428657449
# Periodo: 1998-2000
43338	Hector Garcia-Molina	7	0.0506411878849	0.0151646537842	-2910.0	0.0260416666667	0.00437078868076
49320	Christos Faloutsos	5	0.0192307692308	0.000332125603865	262.0	0.0225694444444	0.0046724042906
49520	Michael J. Carey	5	0.0690418679549	0.0554150563607	129200.0	0.03125	0.00321536863518
84498	Daniela Florescu	5	0.0547124236624	0.0194746376812	60402.0	0.0190972222222	0.00298066084589
3181	H. V. Jagadish	5	0.0702786558951	0.0485438808374	-86006.0	0.0208333333333	0.00310832172063
48273	Raymond T. Ng	5	0.0667612056501	0.00471930354267	4288.0	0.015625	0.00260501302766
52783	Christian S. Jensen	5	0.0144675925926	0.000196256038647	168.0	0.0173611111111	0.00348768535013
53054	Surajit Chaudhuri	5	0.0397227185494	0.0125362318841	45728.0	0.0173611111111	0.00351574387977
34980	Raghu Ramakrishnan	4	0.00868055555556	4.52898550725e-05	38.0	0.0121527777778	0.00298047729885
53470	Laks V. S. Lakshmanan	4	0.073210147579	0.0610256642512	180102.0	0.015625	0.00251456053913
55531	Laura M. Haas	4	0.0548925468679	0.0226268115942	64324.0	0.0208333333333	0.00365606095601
100728	Donald Kossmann	4	0.0627417163165	0.0476388888889	138652.0	0.0190972222222	0.00299253781006
53637	Jennifer Widom	4	0.0459644689486	0.0105150966184	14044.0	0.0173611111111	0.00294310600115
50332	Theodore Johnson	4	0.0640676699755	0.0198222624799	-19056.0	0.0104166666667	0.0017776649597
48407	Abraham Silberschatz	4	0.0496977976486	0.0163858695652	-4098.0	0.03125	0.00265654765418
150958	Narayanan Shivakumar	4	0.0499209913506	0.0167039049919	53856.0	0.0190972222222	0.00313811584259
53022	Rajeev Rastogi	4	0.0442270851754	0.000963164251208	2172.0	0.03125	0.00274543607084
45196	Tova Milo	3	0.0486465677932	0.0011884057971	5872.0	0.0295138888889	0.00239211396301
123193	Alon Y. Levy	3	0.0473010244287	0.00117753623188	6028.0	0.0104166666667	0.00180825516851
53587	Gerhard Weikum	3	0.0357419316423	0.00465579710145	20176.0	0.0121527777778	0.00246060052254
442751	Stephen Blott	3	0.0435626678279	0.00234299516908	9954.0	0.0121527777778	0.00145679603549
53648	Henry F. Korth	3	0.0440227356069	0.000108695652174	3030.0	0.0277777777778	0.00218636865242
53802	Curtis E. Dyreson	3	0.0102124183007	9.05797101449e-06	34.0	0.00868055555556	0.00168052973535
100929	Nelson Mendonça Mattos	3	0.0588134430727	0.00572745571659	940.0	0.0347222222222	0.00312146619234
53837	Cheng Hian Goh	3	0.00520833333333	0.0	6.0	0.00868055555556	0.00173310225303
580230	Sridhar Ramaswamy	3	0.055951715138	0.0180917874396	-5806.0	0.0138888888889	0.00185846166119
54032	Torben Bach Pedersen	3	0.0108506944444	9.66183574879e-05	120.0	0.0104166666667	0.00211690203822
54035	Anindya Datta	3	0.0131293402778	0.000108695652174	124.0	0.0138888888889	0.00228122796332
27103	Patrick Valduriez	3	0.0480507524816	0.0133333333333	44688.0	0.0138888888889	0.00211542391052
251036	Sunita Sarawagi	3	0.00625	0.0	20.0	0.00694444444444	0.00134474716564
250813	Viswanath Poosala	3	0.0629787010807	0.00983997584541	1866.0	0.0173611111111	0.0026845212704
322523	Khaled Yagoub	3	0.047741191442	0.000126811594203	2794.0	0.0121527777778	0.00192727370464
175147	Sophie Cluet	3	0.0541351010101	0.0171411030596	-17702.0	0.03125	0.00261780625694
115761	Serge Abiteboul	3	0.050108523249	0.00817290660225	-6212.0	0.0347222222222	0.00295253940787
54438	Jeffrey F. Naughton	3	0.055951715138	0.00580314009662	16188.0	0.0208333333333	0.00314218118144
54607	Peter A. Boncz	3	0.00694444444444	2.4154589372e-05	24.0	0.0104166666667	0.00243879658361
34328	Krithi Ramamritham	3	0.0161591880342	0.00018115942029	166.0	0.0190972222222	0.00278535574383
52827	Beng Chin Ooi	3	0.00520833333333	0.0	6.0	0.00868055555556	0.00173310225303
52917	Hans-Peter Kriegel	3	0.0138888888889	0.000102657004831	80.0	0.0173611111111	0.0029474346763
52923	S. Muthukrishnan	3	0.0648778642456	0.0148591988728	2056.0	0.0138888888889	0.00197026953879
698044	Felipe Cariño	3	0.00694444444444	1.8115942029e-05	20.0	0.0104166666667	0.00224305312123
53023	Kyuseok Shim	3	0.0435342326661	0.0	3064.0	0.00868055555556	0.00116268398925
14128	Matthias Jarke	3	0.0480161587073	0.00580314009662	18552.0	0.0190972222222	0.00333395877302
53052	Minos N. Garofalakis	3	0.0489320942366	0.00399154589372	1412.0	0.0121527777778	0.00179968670517
193942	Jayavel Shanmugasundaram	3	0.0657736138505	0.0160487117552	35532.0	0.0260416666667	0.00303862801125
20335	Kian-Lee Tan	3	0.00520833333333	0.0	6.0	0.00868055555556	0.00173310225303
53129	Nick Koudas	3	0.0648778642456	0.0148591988728	2056.0	0.0138888888889	0.00197026953879
53150	Rajeev Motwani	3	0.0550738599872	0.0286495571659	-27446.0	0.0173611111111	0.00273730062995
53203	Soumen Chakrabarti	3	0.0104166666667	5.73671497585e-05	48.0	0.0138888888889	0.00277567600846
53229	Yannis E. Ioannidis	3	0.0550284195086	0.00684480676329	2544.0	0.0104166666667	0.00182720199954
55340	Hans-Jörg Schek	2	0.0386634460548	0.0	3450.0	0.00694444444444	0.00107618021875
53380	Ke Wang	2	0.00694444444444	2.4154589372e-05	24.0	0.0104166666667	0.00243879658361
84147	Michael L. Brodie	2	0.0355893513578	0.0	3748.0	0.00520833333333	0.00102957884736
174274	You-Chin Fuh	2	0.0513034188034	0.000117149758454	2600.0	0.0243055555556	0.00216425553991
53453	Daniel A. Keim	2	0.00347222222222	0.0	4.0	0.00694444444444	0.00173310225303
53459	Sihem Amer-Yahia	2	0.058146856534	0.0181721014493	-19994.0	0.00868055555556	0.00120482873757
224	Bruce G. Lindsay	2	0.0592839506173	0.00411594202899	2034.0	0.0277777777778	0.00261166567221
# Periodo: 1999-2001
84498	Daniela Florescu	7	0.0792960175604	0.0531855439642	177852.0	0.047619047619	0.00437187292944
3181	H. V. Jagadish	6	0.0749259259259	0.0341722257706	32032.0	0.0208333333333	0.00308483856059
53054	Surajit Chaudhuri	6	0.061303030303	0.0457694627777	191018.0	0.016369047619	0.00298736688472
43338	Hector Garcia-Molina	5	0.0132575757576	0.000204030941736	292.0	0.014880952381	0.00323144201539
49520	Michael J. Carey	5	0.0866306954436	0.0630953052991	203534.0	0.0505952380952	0.00376965462231
20335	Kian-Lee Tan	5	0.0626238236751	0.00568625363707	15300.0	0.0178571428571	0.00277678729136
53637	Jennifer Widom	5	0.0145833333333	0.000252820949542	356.0	0.014880952381	0.00307390442479
27103	Patrick Valduriez	5	0.0659559207094	0.010152757079	34702.0	0.014880952381	0.00206345129903
48273	Raymond T. Ng	5	0.0707144854586	0.00711816644194	20320.0	0.0178571428571	0.00297561063957
52783	Christian S. Jensen	5	0.0125744047619	0.00025503867717	386.0	0.0119047619048	0.00240117724456
34358	Michael J. Franklin	5	0.0630925648703	0.00824772904691	27676.0	0.016369047619	0.00269049003371
50460	Umeshwar Dayal	5	0.04844348659	0.00621111584226	27104.0	0.0193452380952	0.00276126697326
55531	Laura M. Haas	4	0.0586580839712	0.0214143779718	80486.0	0.0178571428571	0.00310108310865
100728	Donald Kossmann	4	0.0677041499331	0.0246611312185	90630.0	0.014880952381	0.00218660003324
54035	Anindya Datta	4	0.0126050420168	8.87091051025e-05	134.0	0.0133928571429	0.00201628053351
115761	Serge Abiteboul	4	0.0487516869096	0.0166934272467	69996.0	0.0327380952381	0.00289443769025
54438	Jeffrey F. Naughton	4	0.0689784506274	0.0169567454404	57044.0	0.0193452380952	0.0026136660003
34328	Krithi Ramamritham	4	0.015306122449	0.000155240933929	188.0	0.0178571428571	0.00244474487017
42554	Erhard Rahm	4	0.0509623135832	0.00260804769001	10860.0	0.0133928571429	0.00231647156724
52827	Beng Chin Ooi	4	0.0624382716049	0.00153466751827	2700.0	0.0119047619048	0.00184720056314
52923	S. Muthukrishnan	4	0.0652917634908	0.00466388120077	11720.0	0.016369047619	0.00251213991071
193942	Jayavel Shanmugasundaram	4	0.0814412238325	0.0322713509375	98630.0	0.0252976190476	0.00260954166695
48987	David J. DeWitt	4	0.0686973648465	0.0121723677052	37166.0	0.0282738095238	0.00320588673846
217134	Ming-Chien Shan	3	0.0427009456265	1.47848508504e-06	3948.0	0.00892857142857	0.00135215919548
53380	Ke Wang	3	0.0104166666667	5.1007735434e-05	54.0	0.0133928571429	0.00240572002959
34980	Raghu Ramakrishnan	3	0.00595238095238	2.21772762756e-05	28.0	0.00892857142857	0.00236770946281
49320	Christos Faloutsos	3	0.00892857142857	4.87900078064e-05	56.0	0.0119047619048	0.00257166008648
53470	Laks V. S. Lakshmanan	3	0.0802777777778	0.0588895394223	235012.0	0.0119047619048	0.00173757316407
55607	Luc Bouganim	3	0.0561196182867	0.00516730537222	20304.0	0.016369047619	0.00224780157142
53574	Carlo Zaniolo	3	0.00892857142857	4.87900078064e-05	56.0	0.0119047619048	0.00257166008648
53587	Gerhard Weikum	3	0.0546638564635	0.0316647150664	134750.0	0.0133928571429	0.00184381193127
49703	Martin L. Kersten	3	0.0128613945578	7.98381945923e-05	112.0	0.014880952381	0.00214070513995
53802	Curtis E. Dyreson	3	0.00898171768707	6.65318288269e-06	56.0	0.00744047619048	0.00146464856631
100929	Nelson Mendonça Mattos	3	0.0712524654832	0.00514913344645	886.0	0.0297619047619	0.00249353432369
50332	Theodore Johnson	3	0.0660592998955	0.00105120289547	5576.0	0.00744047619048	0.00131424623752
54032	Torben Bach Pedersen	3	0.00931437389771	9.75800156128e-05	198.0	0.00892857142857	0.00183835442281
53069	Eugene J. Shekita	3	0.0788509510446	0.00150703328796	2138.0	0.0178571428571	0.0017570765633
250848	Subbu N. Subramanian	3	0.0851430976431	0.0591667553758	235628.0	0.0133928571429	0.00146910479504
175147	Sophie Cluet	3	0.0432486745339	0.00210151869988	12630.0	0.0267857142857	0.00224462489366
322616	Laurent Mignet	3	0.0432264957265	2.94218531923e-05	3900.0	0.0252976190476	0.00195412906279
54334	Dennis Shasha	3	0.0658014571949	0.00717545773898	24080.0	0.0178571428571	0.00224181533655
48221	Philip A. Bernstein	3	0.0509623135832	0.00260804769001	10860.0	0.0133928571429	0.00231647156724
251036	Sunita Sarawagi	3	0.0014880952381	0.0	2.0	0.00446428571429	0.00148588410104
48404	C. Mohan	3	0.0382795943082	0.0	4404.0	0.00892857142857	0.00138860786308
50745	Phillip B. Gibbons	3	0.0411781468816	0.0041515861188	23690.0	0.00744047619048	0.00158031250378
52796	Hongjun Lu	3	0.0133928571429	5.76609183167e-05	50.0	0.016369047619	0.00230274475767
61060	Helen M. Thomas	3	0.0112781954887	0.0	38.0	0.0104166666667	0.00144467198183
52958	Luis Gravano	3	0.0678676865271	0.0451130153999	191048.0	0.014880952381	0.00231279472549
38654	Fabio Casati	3	0.0427009456265	1.47848508504e-06	3948.0	0.00892857142857	0.00135215919548
53023	Kyuseok Shim	3	0.0528805938938	0.00914147328082	41560.0	0.00892857142857	0.00165737261681
322523	Khaled Yagoub	3	0.0656988828267	0.000133063657654	2566.0	0.0104166666667	0.00137421679098
14128	Matthias Jarke	3	0.0510240112994	0.00519391810375	22128.0	0.016369047619	0.00284549492811
53052	Minos N. Garofalakis	3	0.046365053172	0.00516730537222	27288.0	0.00892857142857	0.00173926284905
53129	Nick Koudas	3	0.0651403915507	0.0015368852459	2588.0	0.0119047619048	0.00174465226155
53131	Divesh Srivastava	3	0.0742004107981	0.0234317708703	2272.0	0.014880952381	0.00215420689506
53193	Divyakant Agrawal	2	0.0507475416416	0.00312699595486	14680.0	0.0193452380952	0.00223296166637
55340	Hans-Jörg Schek	2	0.00446428571429	0.0	6.0	0.00744047619048	0.00148588410104
55408	Volker Markl	2	0.0119047619048	6.65318288269e-05	76.0	0.014880952381	0.00226649342114
45196	Tova Milo	2	0.0432043396549	7.98381945923e-06	3902.0	0.0238095238095	0.00180639910875
53423	Bernhard Seeger	2	0.00892857142857	0.0	12.0	0.0119047619048	0.00148588410104
84147	Michael L. Brodie	2	0.0522901157982	0.0	3224.0	0.00446428571429	0.00082923272591
174274	You-Chin Fuh	2	0.0616167153996	0.000167015051516	2736.0	0.0208333333333	0.00177749705694
53453	Daniel A. Keim	2	0.00297619047619	0.0	4.0	0.00595238095238	0.00148588410104
224	Bruce G. Lindsay	2	0.0732334202143	0.0036850568706	1810.0	0.0238095238095	0.00205131465332
193922	Ioana Manolescu	2	0.0663191712562	0.0	2542.0	0.00892857142857	0.00112095667533
20758	Weidong Chen	2	0.0616167153996	0.000167015051516	2736.0	0.0208333333333	0.00177749705694
123193	Alon Y. Levy	2	0.0651403915507	0.00105120289547	5648.0	0.00892857142857	0.00131122276102
# Periodo: 2002-2004
53131	Divesh Srivastava	10	0.113149023276	0.0602024783232	3218.0	0.0228013029316	0.00315922367783
34358	Michael J. Franklin	9	0.120444434572	0.0509008252516	-47036.0	0.0249728555917	0.00299897704162
53470	Laks V. S. Lakshmanan	7	0.0951871009134	0.0269403103152	152160.0	0.0206297502714	0.00319392399006
49519	Rakesh Agrawal	7	0.0865761465972	0.0120347239976	-1666.0	0.014115092291	0.00164637599436
53054	Surajit Chaudhuri	7	0.129345454703	0.0713615726153	-30294.0	0.0238870792617	0.00302060661484
55533	Guy M. Lohman	6	0.112363720627	0.0202399568484	-14834.0	0.0217155266015	0.00231849663808
53587	Gerhard Weikum	6	0.121044780663	0.0289310340146	60240.0	0.0238870792617	0.00322107948985
54243	Joseph M. Hellerstein	6	0.0985176840589	0.00912453166277	27772.0	0.0152008686211	0.00184411649478
48268	Jiawei Han	6	0.0798179428776	0.0117110418732	76006.0	0.014115092291	0.00222935732835
48987	David J. DeWitt	6	0.100039584431	0.0164534119658	-1906.0	0.0217155266015	0.0022624475468
53129	Nick Koudas	6	0.109144310654	0.0300622519396	-74262.0	0.0152008686211	0.00201944763811
53130	Yannis Papakonstantinou	6	0.106628360573	0.00436332593747	11396.0	0.0130293159609	0.00194273777195
47192	Dimitris Papadias	5	0.00651465798046	1.06217249681e-05	12.0	0.00868621064061	0.0016432895588
52923	S. Muthukrishnan	5	0.0916832812478	0.00591748099891	19438.0	0.0119435396308	0.00195013855426
55536	Hamid Pirahesh	5	0.114012249392	0.0258811845388	-13416.0	0.0217155266015	0.00251745657373
131864	Christoph Koch	5	0.00760043431053	3.776613322e-05	78.0	0.00977198697068	0.0020379290175
3181	H. V. Jagadish	5	0.0934023427712	0.013452929547	72690.0	0.0162866449511	0.00255324485748
54438	Jeffrey F. Naughton	5	0.0950473938181	0.0112559969844	14482.0	0.0195439739414	0.00206588016151
322856	Mitch Cherniack	5	0.0664648898269	0.00537412075721	12534.0	0.0195439739414	0.00203653167334
193922	Ioana Manolescu	5	0.0955146868064	0.0289534959525	168542.0	0.0238870792617	0.00255560130528
52835	Yufei Tao	5	0.00651465798046	1.06217249681e-05	12.0	0.00868621064061	0.0016432895588
52827	Beng Chin Ooi	5	0.0919001291221	0.022455917948	-61496.0	0.0184581976113	0.00246794948815
53052	Minos N. Garofalakis	5	0.0718213948112	0.0045329606183	32046.0	0.0108577633008	0.00163418165726
55155	Jayant R. Haritsa	5	0.0981196328102	0.0133908054694	21352.0	0.014115092291	0.0021226315819
53128	Vagelis Hristidis	5	0.120818950848	0.0573015033073	-67330.0	0.0119435396308	0.00158386920111
53193	Divyakant Agrawal	5	0.0625690412123	0.00434829816362	34370.0	0.0152008686211	0.00192780969027
55408	Volker Markl	4	0.103393758895	0.0108821849085	-13492.0	0.0217155266015	0.00220606440696
45196	Tova Milo	4	0.0802465398448	0.00314423290914	4842.0	0.0195439739414	0.00191745441143
43338	Hector Garcia-Molina	4	0.0900263544783	0.00297880375773	19774.0	0.0162866449511	0.00178440773966
53678	Wenfei Fan	4	0.0745498361336	0.00463502822188	2520.0	0.014115092291	0.00194172046246
53022	Rajeev Rastogi	4	0.0725726085036	0.00243561042277	4520.0	0.0119435396308	0.00159845902199
55608	Philippe Pucheral	4	0.0043431053203	2.36038332625e-06	8.0	0.00651465798046	0.00126608485539
43875	Philip S. Yu	4	0.0682151941588	0.00297408299108	26120.0	0.00760043431053	0.00132076165107
250728	Anastassia Ailamaki	4	0.00542888165038	9.44153330501e-06	26.0	0.00760043431053	0.00138904174354
277503	Sam Lightstone	4	0.0936274086574	0.00659090381155	-4738.0	0.0152008686211	0.00162773965684
115761	Serge Abiteboul	4	0.0802465398448	0.00314423290914	4842.0	0.0195439739414	0.00191745441143
3321	Walid G. Aref	4	0.100194364602	0.0120680137603	3118.0	0.0108577633008	0.00131015264534
120087	Hans-Arno Jacobsen	4	0.0043431053203	1.18019166313e-05	28.0	0.00651465798046	0.00172827382697
54831	Mong-Li Lee	4	0.0771858851665	0.00371804516118	22638.0	0.014115092291	0.00196388836365
34328	Krithi Ramamritham	4	0.00977198697068	6.25501581457e-05	122.0	0.0119435396308	0.00222424227755
48665	Michael Stonebraker	4	0.0664421590165	0.00437803899353	5848.0	0.0184581976113	0.00184101956505
52796	Hongjun Lu	4	0.0788781457427	0.00575806697316	-3654.0	0.0108577633008	0.00152783303717
151129	Ugur Çetintemel	4	0.0582539349218	0.000997970070339	14182.0	0.0130293159609	0.0013913650713
52826	Chee Yong Chan	4	0.0663967440069	0.00025613533686	5852.0	0.0108577633008	0.00147203995972
52911	Jignesh M. Patel	4	0.00542888165038	1.888306661e-05	42.0	0.00760043431053	0.00184916740125
52989	Alon Y. Halevy	4	0.00542888165038	3.54057498938e-06	10.0	0.00760043431053	0.00127953231885
55607	Luc Bouganim	4	0.0043431053203	2.36038332625e-06	8.0	0.00651465798046	0.00126608485539
53148	Sudipto Guha	4	0.0928665740747	0.00298313112716	19238.0	0.0108577633008	0.00162775428962
53217	Ramakrishnan Srikant	4	0.0732291266356	8.65473886292e-06	5306.0	0.00868621064061	0.00107852316407
151662	Scott Shenker	3	0.0812873945457	0.0	4780.0	0.00760043431053	0.000971199947183
55407	Ralf Rantzau	3	0.0733673991557	0.00592692253222	42040.0	0.014115092291	0.00203812775887
49320	Christos Faloutsos	3	0.0732567394284	0.0019874427607	17588.0	0.00977198697068	0.00135981794172
53459	Sihem Amer-Yahia	3	0.0974796151351	0.00599086889025	1688.0	0.00977198697068	0.00136175549473
53574	Carlo Zaniolo	3	0.00760043431053	2.95047915782e-05	62.0	0.00977198697068	0.0017469954279
53637	Jennifer Widom	3	0.0906988202447	0.0181183024123	123410.0	0.014115092291	0.00133413349482
100769	Torsten Grust	3	0.0043431053203	2.36038332625e-06	8.0	0.00651465798046	0.00126608485539
53776	Yuan Wang	3	0.0973331026875	0.00100770926333	3992.0	0.014115092291	0.00131009394422
55043	Eamonn J. Keogh	3	0.077741845924	0.0039560024548	28310.0	0.0108577633008	0.00159257770216
359	Alejandro P. Buchmann	3	0.110951954862	0.00297880375773	16518.0	0.0108577633008	0.00157279443676
49703	Martin L. Kersten	3	0.114280513508	0.0440321997075	-83080.0	0.0152008686211	0.00188809176694
465466	Yirong Xu	3	0.0841025424087	0.000627547247006	4620.0	0.00977198697068	0.00113307926638
43600	Boualem Benatallah	3	0.013572204126	0.00016994759949	378.0	0.0152008686211	0.00219228208355
381531	Oliver Po	3	0.0624885406768	0.000389935325497	6218.0	0.0108577633008	0.0012492437163
53961	Flip Korn	3	0.0914674543146	0.00194967662748	4248.0	0.00651465798046	0.00100791883266
53991	Guido Moerkotte	3	0.00217155266015	0.0	4.0	0.0043431053203	0.00108459869848
494332	Martin Theobald	3	0.0962243055791	0.000503941840155	4036.0	0.0108577633008	0.00143568432302
43874	Charu C. Aggarwal	3	0.0681434138773	0.0	5702.0	0.00542888165038	0.000852359883619
322521	Benoît Dageville	3	0.106104245202	0.00493320115187	26102.0	0.00977198697068	0.00123290995718
44046	Wang-Pin Hsiung	3	0.0624885406768	0.000389935325497	6218.0	0.0108577633008	0.0012492437163
216829	Ihab F. Ilyas	3	0.0909110308677	0.00168267418692	2888.0	0.00868621064061	0.00098853252246
54328	Amol Deshpande	3	0.0844682056366	0.00493320115187	31730.0	0.0119435396308	0.00150122215551
54334	Dennis Shasha	3	0.0658119488361	0.00198980314403	19392.0	0.00542888165038	0.00129331099309
250963	Omar Benjelloun	3	0.0800811512631	0.00304086497933	4852.0	0.014115092291	0.00141946779788
54370	Andrey Balmin	3	0.113083162377	0.020250596013	-10354.0	0.0119435396308	0.00151924216717
322737	Stanley B. Zdonik	3	0.0582364727111	1.888306661e-06	6672.0	0.0119435396308	0.00119164879633
214197	Mayank Bawa	3	0.0923369168081	0.00875295839819	-3408.0	0.0152008686211	0.00147432836418
322767	Prasanna Ganesan	3	0.106862966427	0.0309900060757	-52842.0	0.0152008686211	0.00147917418217
3322	Ahmed K. Elmagarmid	3	0.0986677871834	0.000311788726088	3938.0	0.00651465798046	0.000781665036673
48404	C. Mohan	3	0.0976265693287	0.0	3980.0	0.00760043431053	0.00089902704866
322885	Sailesh Krishnamurthy	3	0.110888626121	0.00840030082684	-704.0	0.0184581976113	0.00202173703537
64884	Susan B. Davidson	3	0.0780855598731	0.00494736345182	34010.0	0.0130293159609	0.00210698674398
81274	Jeffrey Scott Vitter	3	0.0723294389293	0.00259852182101	2894.0	0.0108577633008	0.00146538163549
53145	Sunil Prabhakar	3	0.0843581732367	0.019281047079	86754.0	0.014115092291	0.00181281793591
376247	Jerry Kiernan	3	0.0732291266356	8.65473886292e-06	5306.0	0.00868621064061	0.00107852316407
323072	Arvind Hulgeri	3	0.00694896851249	0.0	20.0	0.00868621064061	0.00113403081074
54786	Philip Bohannon	3	0.0940808101521	0.0118821897458	-2786.0	0.014115092291	0.00180623604761
54788	S. Sudarshan	3	0.00694896851249	0.0	20.0	0.00868621064061	0.00113403081074
54830	Wynne Hsu	3	0.077093997208	0.000743962170106	5040.0	0.0108577633008	0.00143313916238
52783	Christian S. Jensen	3	0.0771552315187	0.00420015805372	28498.0	0.0130293159609	0.00179879045253
52837	Jian Pei	3	0.0795890507842	0.00397134494642	29390.0	0.00760043431053	0.00129282203651
52888	Jianyong Wang	3	0.0682151941588	1.77028749469e-05	5696.0	0.00868621064061	0.00134665887512
52935	K. Selçuk Candan	3	0.0624885406768	0.000389935325497	6218.0	0.0108577633008	0.0012492437163
# Periodo: 2003-2005
53129	Nick Koudas	10	0.127423695882	0.050610185802	-30430.0	0.0213414634146	0.00287234334103
53131	Divesh Srivastava	10	0.119138821883	0.0272560589352	-23204.0	0.020325203252	0.00274663461815
53587	Gerhard Weikum	8	0.115695503331	0.0159287263624	60166.0	0.0182926829268	0.00214223568261
34358	Michael J. Franklin	8	0.115285417365	0.0332089064832	-16214.0	0.0233739837398	0.00263963336562
48987	David J. DeWitt	8	0.127236766255	0.0491563624956	-57042.0	0.0294715447154	0.00297209355163
52796	Hongjun Lu	7	0.106508058531	0.0392755610504	-80080.0	0.0182926829268	0.00242342851976
53054	Surajit Chaudhuri	7	0.123025620327	0.0363758158601	64298.0	0.0213414634146	0.00254041216567
53470	Laks V. S. Lakshmanan	6	0.114675710442	0.0381227796411	-16144.0	0.0193089430894	0.00283238816683
55533	Guy M. Lohman	6	0.110300630348	0.0158588042292	-7518.0	0.0223577235772	0.00238127438471
250728	Anastassia Ailamaki	6	0.0679193910185	0.00621748587781	50948.0	0.0121951219512	0.0019434959363
54243	Joseph M. Hellerstein	6	0.0993126667908	0.0135837057426	36310.0	0.0142276422764	0.00158593717395
53109	Jeffrey Xu Yu	6	0.0902216321054	0.0022312073704	5444.0	0.0162601626016	0.0021242911056
53145	Sunil Prabhakar	6	0.0964415074099	0.0175686132849	-9172.0	0.020325203252	0.00270060284504
53148	Sudipto Guha	6	0.103541260243	0.00313010886976	23104.0	0.010162601626	0.00151391003821
34980	Raghu Ramakrishnan	5	0.104497665459	0.015368996518	106790.0	0.0162601626016	0.00229674957186
53459	Sihem Amer-Yahia	5	0.114072418672	0.0334455358378	49380.0	0.0142276422764	0.00201595925864
43338	Hector Garcia-Molina	5	0.107609258475	0.00312425046936	22352.0	0.015243902439	0.00164611964778
53637	Jennifer Widom	5	0.123551370841	0.0315972962623	-33218.0	0.0243902439024	0.00238861963737
43875	Philip S. Yu	5	0.0894462657243	0.0173684341116	130756.0	0.0121951219512	0.0020014421267
3181	H. V. Jagadish	5	0.113277834999	0.0378353107095	207480.0	0.0142276422764	0.00206693755115
48268	Jiawei Han	5	0.0765291726447	0.00621335053635	53524.0	0.0111788617886	0.0018738905736
322856	Mitch Cherniack	5	0.0926965397192	0.00672091416944	12236.0	0.025406504065	0.00215603663559
52835	Yufei Tao	5	0.0985229787928	0.0185434607501	-29774.0	0.015243902439	0.00225981395159
52827	Beng Chin Ooi	5	0.1271124509	0.0731396016773	-128974.0	0.015243902439	0.00207956173313
53096	Elke A. Rundensteiner	5	0.010162601626	4.54887560066e-05	84.0	0.0121951219512	0.00181530754677
51198	Peter J. Haas	5	0.104038059573	0.00634308868076	10594.0	0.0182926829268	0.00203521165478
55408	Volker Markl	4	0.109742381692	0.00920107415398	2436.0	0.0162601626016	0.00172350150095
45196	Tova Milo	4	0.0918458125633	0.010173818952	65694.0	0.020325203252	0.00220927277224
55536	Hamid Pirahesh	4	0.120574229375	0.0315904751527	-18430.0	0.0182926829268	0.00206100378922
76068	Samuel Madden	4	0.0917486554978	0.0107698034124	-9982.0	0.0213414634146	0.00179438886408
49519	Rakesh Agrawal	4	0.107698338987	0.00968121985152	-2644.0	0.0132113821138	0.00157605333876
100728	Donald Kossmann	4	0.0142276422764	0.000117857231472	252.0	0.0162601626016	0.00210374642596
100769	Torsten Grust	4	0.00722673893406	8.95990648615e-06	18.0	0.00914634146341	0.00133240760215
53678	Wenfei Fan	4	0.0912339365329	0.012810798327	86452.0	0.0142276422764	0.00211667756316
52989	Alon Y. Halevy	4	0.00508130081301	3.10150609136e-06	10.0	0.00711382113821	0.00119769421114
494332	Martin Theobald	4	0.09475571267	0.000523809917652	5492.0	0.010162601626	0.00123618281204
131864	Christoph Koch	4	0.00591278640059	2.48120487309e-05	82.0	0.00711382113821	0.00137996598402
53972	Wei Wang 0011	4	0.0886237012915	0.000901852181844	5872.0	0.0111788617886	0.00136457229716
250767	Andrew Witkowski	4	0.100076610381	0.0092511723693	60784.0	0.0142276422764	0.00152386626931
322663	Vijayshankar Raman	4	0.104288251299	0.016318046614	109352.0	0.0142276422764	0.00157900739503
3182	Kenneth A. Ross	4	0.0654424514567	0.00208421209339	25864.0	0.00711382113821	0.00139616552978
54438	Jeffrey F. Naughton	4	0.10725440519	0.00363806664516	22408.0	0.0162601626016	0.00168183763913
3321	Walid G. Aref	4	0.102845528455	0.0121699377745	2404.0	0.0142276422764	0.00159735950092
120087	Hans-Arno Jacobsen	4	0.00406504065041	7.2368475465e-06	20.0	0.00609756097561	0.00144348184825
52783	Christian S. Jensen	4	0.126126605425	0.0479193211591	22102.0	0.0213414634146	0.00256944775052
193922	Ioana Manolescu	4	0.0866175722343	0.00240044428008	12904.0	0.0172764227642	0.00197971845734
48665	Michael Stonebraker	4	0.092663528131	0.00567674045202	5616.0	0.0243902439024	0.00198703898651
52923	S. Muthukrishnan	4	0.0975259321559	0.00410425747187	24342.0	0.010162601626	0.00165040274046
52993	Dan Suciu	4	0.0030487804878	6.20301218272e-06	18.0	0.00508130081301	0.00154900832069
55096	Jens Teubner	4	0.00722673893406	8.95990648615e-06	18.0	0.00914634146341	0.00133240760215
53128	Vagelis Hristidis	4	0.121248456194	0.030959377383	-24408.0	0.0111788617886	0.00140887855684
53130	Yannis Papakonstantinou	4	0.112300037545	0.00209642327382	3372.0	0.010162601626	0.00138263896468
53143	Reynold Cheng	4	0.0884429595486	0.00164510775321	5884.0	0.0132113821138	0.00178761493096
53193	Divyakant Agrawal	4	0.0750935604594	0.00518468434939	46540.0	0.0132113821138	0.00185302744762
47192	Dimitris Papadias	3	0.0854232393276	0.000328950301037	6092.0	0.00711382113821	0.00112418849296
151662	Scott Shenker	3	0.0833704540185	0.0	6242.0	0.00711382113821	0.000877646212338
49320	Christos Faloutsos	3	0.0929947058584	0.00450690570626	-650.0	0.010162601626	0.00140687499875
55607	Luc Bouganim	3	0.00406504065041	2.06767072757e-06	8.0	0.00609756097561	0.00118510683926
54328	Amol Deshpande	3	0.0909469370821	0.0152283949086	122016.0	0.0111788617886	0.00128047641178
100711	Wolfgang Lehner	3	0.00609756097561	1.86090365481e-05	44.0	0.00813008130081	0.00163280719908
100740	Ralf Schenkel	3	0.0945834921817	0.0	5502.0	0.00508130081301	0.000625901259492
115082	Angela Bonifati	3	0.102480971639	0.0170952301895	-14154.0	0.0182926829268	0.00203550250723
50138	Richard T. Snodgrass	3	0.116681249772	0.00312425046936	20848.0	0.0142276422764	0.00170636041346
84442	Jagannathan Srinivasan	3	0.00609756097561	1.86090365481e-05	48.0	0.00813008130081	0.00152367343209
53776	Yuan Wang	3	0.111148734298	0.000634145094297	4682.0	0.0132113821138	0.00120406849547
53854	Weiyi Meng	3	0.00406504065041	2.06767072757e-06	8.0	0.00609756097561	0.00118510683926
520810	Bernhard Stegmaier	3	0.00650406504065	3.10150609136e-05	92.0	0.00813008130081	0.00151692145609
53931	Xuemin Lin	3	0.0886538967604	0.00188381854852	4978.0	0.0121951219512	0.00150345836154
51917	Amr El Abbadi	3	0.0656074601593	5.16917681893e-06	7932.0	0.00711382113821	0.00111798603157
55608	Philippe Pucheral	3	0.00406504065041	2.06767072757e-06	8.0	0.00609756097561	0.00118510683926
174945	Renée J. Miller	3	0.0695719751315	0.0102887295404	93040.0	0.0132113821138	0.00185272387291
43874	Charu C. Aggarwal	3	0.0763943590698	0.0	6812.0	0.00508130081301	0.000810820640532
194028	Haifeng Jiang	3	0.0885332381735	1.03383536379e-06	5878.0	0.00813008130081	0.000994376026443
250768	Srikanth Bellamkonda	3	0.0840165279276	2.48120487309e-06	6194.0	0.0111788617886	0.0011498937097
53745	Alberto O. Mendelzon	3	0.0796934722793	0.00519192119693	45160.0	0.00813008130081	0.00169591813665
250815	César A. Galindo-Legaria	3	0.008971124194	8.06391583753e-05	222.0	0.00914634146341	0.00155563523481
322526	Jens Graupmann	3	0.09475571267	0.000523809917652	5492.0	0.010162601626	0.00123618281204
277503	Sam Lightstone	3	0.0946523051989	0.00660418006676	49354.0	0.0142276422764	0.00152679756759
250888	Utkarsh Srivastava	3	0.111577695966	0.00957835640432	-1174.0	0.0172764227642	0.00165419448221
115761	Serge Abiteboul	3	0.0915871830313	0.00193621877336	5682.0	0.0172764227642	0.00177677517244
48221	Philip A. Bernstein	3	0.121191982763	0.0207752574616	-6224.0	0.0142276422764	0.00163003014216
250975	Maurice van Keulen	3	0.00650406504065	2.75689430343e-06	20.0	0.00813008130081	0.00116026446377
54370	Andrey Balmin	3	0.120574229375	0.0250032867508	-15150.0	0.0111788617886	0.00140560561782
322737	Stanley B. Zdonik	3	0.0835310391627	0.000381662723869	6230.0	0.0182926829268	0.00143997894909
214197	Mayank Bawa	3	0.109511442337	0.00365855926112	3320.0	0.0142276422764	0.00136264438795
416967	Irini Fundulaki	3	0.102926893589	0.0190822991002	-17576.0	0.015243902439	0.00175074570458
322767	Prasanna Ganesan	3	0.115541379659	0.00775855165972	-646.0	0.0142276422764	0.00135407832154
3322	Ahmed K. Elmagarmid	3	0.098225438653	0.00244719979712	5298.0	0.0111788617886	0.00124167192708
322885	Sailesh Krishnamurthy	3	0.112009981486	0.0104215287873	-1808.0	0.0172764227642	0.00182148896406
54627	Chen Li	3	0.102400309717	0.00104417371742	11172.0	0.00609756097561	0.000961232925279
64884	Susan B. Davidson	3	0.0934959349593	0.00519192119693	38380.0	0.0121951219512	0.00189230937473
81274	Jeffrey Scott Vitter	3	0.0814140134518	0.00208421209339	21184.0	0.00813008130081	0.00122451399125
54788	S. Sudarshan	3	0.00903936670946	6.61654632823e-05	202.0	0.010162601626	0.00168328395385
151129	Ugur Çetintemel	3	0.0787289521912	0.00104520755279	14228.0	0.00914634146341	0.000912656247964
323111	Jingren Zhou	3	0.0748343937279	0.00517951517257	48668.0	0.00609756097561	0.00111465709721
54831	Mong-Li Lee	3	0.101759556899	0.00363806664516	23456.0	0.010162601626	0.00152353015135
323144	Daniel J. Abadi	3	0.0834774420891	0.000353982637896	6234.0	0.0172764227642	0.00138012158505
52837	Jian Pei	3	0.100424232726	0.0183267876433	2000.0	0.00914634146341	0.00149888490016
# Periodo: 2006-2008
48268	Jiawei Han	8	0.0308650765397	0.0011628091187	-714.0	0.0213836477987	0.00260912129697
34980	Raghu Ramakrishnan	7	0.0235475962051	0.00162486996288	4462.0	0.022641509434	0.00327960071223
43875	Philip S. Yu	7	0.0394180495567	0.00253473377374	4296.0	0.0289308176101	0.00327188684493
53129	Nick Koudas	7	0.0212476627571	0.000624178191784	1194.0	0.0188679245283	0.00312917195387
53587	Gerhard Weikum	6	0.0222289308176	0.00177325750255	4988.0	0.0201257861635	0.00333528304
53054	Surajit Chaudhuri	6	0.0254918931395	0.00192006083361	5334.0	0.0138364779874	0.00240999141811
53404	Xiaolei Li	5	0.0221060683325	2.6931546346e-05	296.0	0.0138364779874	0.00174801875091
53678	Wenfei Fan	5	0.0125786163522	8.21148128786e-05	100.0	0.0150943396226	0.00235796817236
3181	H. V. Jagadish	5	0.0120754716981	0.000503778337531	2004.0	0.00754716981132	0.00163534129333
52935	K. Selçuk Candan	5	0.0167487011211	0.000297831218415	676.0	0.0150943396226	0.00192736709046
44045	Jun'ichi Tatemura	4	0.0163923457781	8.8715682081e-05	188.0	0.0125786163522	0.00148618423007
55408	Volker Markl	4	0.0279908770475	0.00206105539978	4946.0	0.0289308176101	0.00332155282819
76068	Samuel Madden	4	0.0152468076996	0.000114063019818	168.0	0.0138364779874	0.00196970257351
53744	Anthony K. H. Tung	4	0.0174703004892	0.00034852589389	714.0	0.0150943396226	0.00266212644882
250727	Stavros Harizopoulos	4	0.0201257861635	0.000335852225021	548.0	0.0213836477987	0.00267747138178
322547	AnHai Doan	4	0.018648431894	0.000244496195259	274.0	0.0150943396226	0.00215571462017
54266	Dimitrios Gunopulos	4	0.0160441535105	0.00026931546346	626.0	0.0138364779874	0.00215701292434
54438	Jeffrey F. Naughton	4	0.0185241090147	0.000590909811004	1454.0	0.0138364779874	0.00222226594341
322737	Stanley B. Zdonik	4	0.0062893081761	1.58420860859e-05	26.0	0.00880503144654	0.00183170593048
64903	Cong Yu	4	0.014819897084	0.000570315099092	2164.0	0.0062893081761	0.00115721639452
376256	Bee-Chung Chen	4	0.025727929187	0.00176005576414	5226.0	0.0150943396226	0.00229316070897
52837	Jian Pei	4	0.0145408805031	0.000217564648913	314.0	0.0176100628931	0.0026401177031
52978	Nikos Mamoulis	4	0.0129380053908	0.000148915609207	244.0	0.0150943396226	0.0025794403993
52989	Alon Y. Halevy	4	0.0185248713551	0.00115330386705	3560.0	0.0125786163522	0.0020726322163
53193	Divyakant Agrawal	4	0.0163923457781	8.8715682081e-05	188.0	0.0125786163522	0.00148618423007
100711	Wolfgang Lehner	3	0.0167576961271	0.000532294092486	1832.0	0.0100628930818	0.00194928184712
44046	Wang-Pin Hsiung	3	0.0158853660118	0.0	194.0	0.00880503144654	0.00102932857883
53637	Jennifer Widom	3	0.0196408274608	0.000904583115505	-634.0	0.0150943396226	0.00197619670081
53842	Hua-Gang Li	3	0.0214011180992	0.000792104304295	2034.0	0.0188679245283	0.00196966272917
53916	Dong Xin	3	0.0218113207547	1.10894602601e-05	300.0	0.011320754717	0.00139345636663
54093	Karl Aberer	3	0.011320754717	8.23788476467e-05	122.0	0.0138364779874	0.00246276156274
250728	Anastassia Ailamaki	3	0.0157232704403	0.000133073523122	256.0	0.0163522012579	0.00212710757374
54088	Bugra Gedik	3	0.0277262551967	2.21789205203e-05	236.0	0.0163522012579	0.0016488301271
250901	Raghav Kaushik	3	0.021878868915	0.000150499817816	250.0	0.0100628930818	0.00165124655252
48221	Philip A. Bernstein	3	0.0128644939966	0.000205947119117	878.0	0.00880503144654	0.00170030112898
322663	Vijayshankar Raman	3	0.0247298039934	0.00135608256895	4146.0	0.011320754717	0.00177632778134
251021	Jun Yang 0001	3	0.0139332365747	0.000510115171966	1688.0	0.0138364779874	0.00233077715037
53786	Gautam Das	3	0.0148332740002	3.16841721718e-06	106.0	0.00880503144654	0.00136696279641
323084	Laura Chiticariu	3	0.00783744557329	4.43578410405e-05	98.0	0.00880503144654	0.00147010880285
323144	Daniel J. Abadi	3	0.0147983721791	5.3863092692e-05	68.0	0.0125786163522	0.00170667049454
52816	Ada Wai-Chee Fu	3	0.0139816158684	0.000125680549615	22.0	0.0125786163522	0.00187337615343
52835	Yufei Tao	3	0.0106918238994	0.000133073523122	338.0	0.0100628930818	0.00163415077932
52973	Haixun Wang	3	0.0286991062562	0.000747746463254	1802.0	0.0213836477987	0.00245609376103
53052	Minos N. Garofalakis	3	0.00783744557329	7.28735959951e-05	154.0	0.00880503144654	0.00195678431676
53096	Elke A. Rundensteiner	3	0.0167487011211	0.000202778701899	176.0	0.0163522012579	0.001928627113
53109	Jeffrey Xu Yu	3	0.0292115902965	0.00137509307226	3180.0	0.0176100628931	0.00226409770204
53214	Radu Sion	3	0.00566037735849	2.85157549546e-05	64.0	0.00754716981132	0.00152379720793
53224	Songting Chen	3	0.0158853660118	0.0	194.0	0.00880503144654	0.00102932857883
51198	Peter J. Haas	3	0.021770682148	0.000834877936727	2294.0	0.011320754717	0.00164685349529
53272	Vivek R. Narasayya	2	0.018042963326	0.0	308.0	0.00503144654088	0.000907595737508
53324	Raymond Chi-Wing Wong	2	0.0125352418131	5.80876489816e-05	58.0	0.00880503144654	0.00132212259806
176235	Lucian Popa	2	0.00926243567753	2.53473377374e-05	22.0	0.011320754717	0.00165868467668
108654	Mukesh K. Mohania	2	0.00503144654088	3.16841721718e-06	8.0	0.00754716981132	0.0014664952722
45196	Tova Milo	2	0.00503144654088	1.05613907239e-06	8.0	0.00754716981132	0.00135098998318
53402	Hector Gonzalez	2	0.0213836477987	0.0	306.0	0.00754716981132	0.000970680354171
49320	Christos Faloutsos	2	0.00849056603774	4.43578410405e-05	92.0	0.0100628930818	0.00177107369549
53436	Hakan Ferhatosmanoglu	2	0.0062893081761	1.90105033031e-05	34.0	0.00880503144654	0.00180748887563
137423	Kamesh Munagala	2	0.0171598808342	0.000769925383775	2404.0	0.011320754717	0.00164443629879
53459	Sihem Amer-Yahia	2	0.0139332365747	0.000313673304501	1116.0	0.00754716981132	0.00134753820473
53470	Laks V. S. Lakshmanan	2	0.00251572327044	0.0	4.0	0.00503144654088	0.00125628140704
12535	Alfons Kemper	2	0.0120754716981	0.000114063019818	210.0	0.0138364779874	0.00188768063846
55546	Gao Cong	2	0.00898472596586	4.48859105767e-06	28.0	0.0100628930818	0.00148544951449
24830	Chen Chen	2	0.0284495488105	6.33683443436e-05	230.0	0.0100628930818	0.00115693197222
561476	Nilesh Bansal	2	0.013554543483	0.0	116.0	0.0062893081761	0.0010655313833
53607	Feifei Li	2	0.0257614024662	0.000152084026425	254.0	0.00880503144654	0.00125141911893
53608	George Kollios	2	0.0257614024662	0.000152084026425	254.0	0.00880503144654	0.00125141911893
49520	Michael J. Carey	2	0.0062893081761	0.0	10.0	0.00880503144654	0.00125628140704
370	Sergey Melnik	2	0.0127998482981	6.65367615608e-05	398.0	0.00754716981132	0.00138297888909
100746	Tobias Kraft	2	0.0195936139332	0.0	260.0	0.0100628930818	0.00116706529719
53679	Floris Geerts	2	0.0083857442348	7.92104304295e-07	30.0	0.00880503144654	0.00128714524873
53684	Man Lung Yiu	2	0.00862533692722	0.0	42.0	0.0062893081761	0.00107351752255
18876	Michael H. Böhlen	2	0.00503144654088	1.26736688687e-05	24.0	0.00754716981132	0.00176782114164
335956	Xiaohui Gu	2	0.0320754716981	0.000377041648844	204.0	0.0201257861635	0.00205570954083
47192	Dimitris Papadias	2	0.00953326713009	6.33683443436e-05	146.0	0.00880503144654	0.00162007037503
55043	Eamonn J. Keogh	2	0.00503144654088	0.0	8.0	0.00754716981132	0.00125628140704
254491	Sebastian Michel	2	0.0166384212707	2.11227814479e-06	334.0	0.00880503144654	0.00136313155902
111133	Frank Wm. Tompa	2	0.0137923424914	7.60420132123e-05	274.0	0.00754716981132	0.00137795820033
100900	Thomas Neumann	2	0.0168400991043	0.000285157549546	1248.0	0.00754716981132	0.00137757006256
53797	Wendy Hui Wang	2	0.00251572327044	0.0	4.0	0.00503144654088	0.00125628140704
# Periodo: 2007-2009
43875	Philip S. Yu	6	0.0572445820433	0.00459249389296	2498.0	0.0463157894737	0.00526639008591
34980	Raghu Ramakrishnan	4	0.0240601503759	0.00093567251462	780.0	0.0231578947368	0.00354863173783
322547	AnHai Doan	4	0.0205391527599	0.000309423347398	58.0	0.0252631578947	0.00378388469565
48268	Jiawei Han	4	0.0452631578947	0.00254052853653	1980.0	0.0315789473684	0.00383663680568
53054	Surajit Chaudhuri	4	0.0175438596491	0.000453031312458	352.0	0.0189473684211	0.00338926077083
53129	Nick Koudas	4	0.0147368421053	0.000109556591902	62.0	0.0189473684211	0.00334674957189
55408	Volker Markl	3	0.0357894736842	0.00074616922052	370.0	0.04	0.00425669256091
53404	Xiaolei Li	3	0.0321705089169	5.32978014657e-05	242.0	0.0210526315789	0.00268401339606
54088	Bugra Gedik	3	0.0409750692521	6.21807683766e-05	190.0	0.0273684210526	0.0027673696448
3181	H. V. Jagadish	3	0.0112280701754	0.000346435709527	372.0	0.0126315789474	0.00285176414255
54438	Jeffrey F. Naughton	3	0.0191387559809	0.000315345325339	212.0	0.0189473684211	0.0029510861106
52816	Ada Wai-Chee Fu	3	0.0175438596491	0.000121400547783	12.0	0.0210526315789	0.00322546367681
52837	Jian Pei	3	0.0175438596491	0.000112517580872	16.0	0.0210526315789	0.00321551883367
52973	Haixun Wang	3	0.0427761711972	0.00174106151455	1446.0	0.0357894736842	0.0041181221911
52978	Nikos Mamoulis	3	0.0168421052632	0.000168776371308	92.0	0.0210526315789	0.00377828878766
53214	Radu Sion	3	0.00842105263158	2.66489007328e-05	20.0	0.0126315789474	0.00271899506502
53272	Vivek R. Narasayya	2	0.0127591706539	0.0	132.0	0.00842105263158	0.00155823492547
53324	Raymond Chi-Wing Wong	2	0.0140350877193	2.96098897032e-05	30.0	0.0147368421053	0.00227944068659
53459	Sihem Amer-Yahia	2	0.00918660287081	0.000239840106596	300.0	0.0126315789474	0.00250530830667
12535	Alfons Kemper	2	0.0202105263158	0.000319786808794	210.0	0.0231578947368	0.00315670958201
76068	Samuel Madden	2	0.0199610136452	0.000115478569842	54.0	0.0189473684211	0.00249386910316
561476	Nilesh Bansal	2	0.00937799043062	0.0	22.0	0.0105263157895	0.00185025708258
53587	Gerhard Weikum	2	0.0147368421053	0.000106595602931	62.0	0.0189473684211	0.00319872615601
53607	Feifei Li	2	0.0374291497976	0.000355318676438	208.0	0.0147368421053	0.00209791345522
53608	George Kollios	2	0.0374291497976	0.000355318676438	208.0	0.0147368421053	0.00209791345522
53678	Wenfei Fan	2	0.0105263157895	1.33244503664e-05	10.0	0.0147368421053	0.00247842184449
27103	Patrick Valduriez	2	0.00842105263158	3.55318676438e-05	24.0	0.0126315789474	0.00295627232929
335956	Xiaohui Gu	2	0.0486578947368	0.000994892294026	160.0	0.0336842105263	0.00345748829774
100746	Tobias Kraft	2	0.0217293233083	0.0	56.0	0.0168421052632	0.00190155566589
117380	Shuai Ma	2	0.0105263157895	1.33244503664e-05	10.0	0.0147368421053	0.00247842184449
131864	Christoph Koch	2	0.00842105263158	3.55318676438e-05	24.0	0.0126315789474	0.00295627232929
53931	Xuemin Lin	2	0.015037593985	3.84928566141e-05	28.0	0.0168421052632	0.00255627821105
54020	Kevin Chen-Chuan Chang	2	0.0306506423539	0.000728403286698	918.0	0.0126315789474	0.00225155185057
4918	Yi Chen	2	0.0147368421053	8.88296691095e-05	54.0	0.0189473684211	0.00300443694691
105311	Rajesh Bordawekar	2	0.0357122163206	0.0	218.0	0.00842105263158	0.00101066714691
250727	Stavros Harizopoulos	2	0.0269473684211	0.00055962691539	356.0	0.0294736842105	0.00351375269007
250728	Anastassia Ailamaki	2	0.0215578947368	0.000248723073507	198.0	0.0231578947368	0.00292678575925
250736	Chris Jermaine	2	0.00421052631579	8.88296691095e-06	8.0	0.00842105263158	0.00262221676992
322501	Warren Shen	2	0.0183066361556	1.18439558813e-05	92.0	0.0147368421053	0.00215323918631
322506	Timothy Malkemus	2	0.0168421052632	4.44148345547e-05	16.0	0.0210526315789	0.0027268630465
54266	Dimitrios Gunopulos	2	0.0103157894737	2.96098897032e-06	20.0	0.0126315789474	0.00216721068174
250901	Raghav Kaushik	2	0.0168421052632	0.000133244503664	100.0	0.0147368421053	0.0025062608918
54328	Amol Deshpande	2	0.00842105263158	4.44148345547e-05	44.0	0.0105263157895	0.00233339356447
251021	Jun Yang 0001	2	0.0126315789474	7.10637352876e-05	44.0	0.0168421052632	0.00302517258577
322737	Stanley B. Zdonik	2	0.00631578947368	1.77659338219e-05	14.0	0.0105263157895	0.00272339458729
50460	Umeshwar Dayal	2	0.0168421052632	0.000239840106596	180.0	0.0168421052632	0.00272718595087
54607	Peter A. Boncz	2	0.00842105263158	2.66489007328e-05	20.0	0.0126315789474	0.00271899506502
