# Periodo: 1975-1977
48192	Stanley Y. W. Su	3	0.00446428571429	0.0	2.0	0.0133928571429	0.00444444444444
940177	Alan G. Merten	3	0.0139508928571	0.000160153747598	38.0	0.0178571428571	0.00460509542142
383168	E. Nahouraii	3	0.0285714285714	0.00068065342729	100.0	0.0357142857143	0.00758681566251
49402	S. Bing Yao	3	0.0186011904762	0.000320307495195	50.0	0.0267857142857	0.00692056715072
80697	Dennis Tsichritzis	3	0.00892857142857	0.0	4.0	0.0178571428571	0.00444444444444
940577	Masaaki Tsubaki	2	0.00446428571429	0.0	2.0	0.0133928571429	0.00444444444444
250921	Daniel Sagalowicz	2	0.0133928571429	0.0	6.0	0.0223214285714	0.00444444444444
501856	Craig Fields	2	0.0401785714286	0.000320307495195	50.0	0.0491071428571	0.0054627953242
49774	Eduardo B. Fernández	2	0.025974025974	0.000480461242793	82.0	0.03125	0.00639270154197
48281	David K. Hsiao	2	0.00892857142857	4.00384368994e-05	8.0	0.0178571428571	0.00554744525547
49404	Barron C. Housel	2	0.0093005952381	0.0	24.0	0.0133928571429	0.00342859908401
48996	Shamkant B. Navathe	2	0.00446428571429	0.0	2.0	0.0133928571429	0.00444444444444
51606	Keki B. Irani	2	0.00892857142857	4.00384368994e-05	8.0	0.0178571428571	0.00554744525547
382894	Michael E. Senko	2	0.00446428571429	0.0	2.0	0.0133928571429	0.00444444444444
212411	Hideto Ikeda	2	0.0133928571429	0.0	6.0	0.0223214285714	0.00444444444444
36852	Peter P. Chen	2	0.0111607142857	0.0	20.0	0.0133928571429	0.00320550064962
250875	Anthony C. Klug	2	0.00892857142857	0.0	4.0	0.0178571428571	0.00444444444444
115713	Witold Lipski Jr.	1	0.0	0.0	0.0	0.00892857142857	0.00444444444444
781314	Stig Berild	1	0.00446428571429	0.0	2.0	0.0133928571429	0.00444444444444
50691	John J. Donovan	1	0.0133928571429	0.0	6.0	0.0223214285714	0.00444444444444
980996	Carl E. Taylor	1	0.0133928571429	0.0	6.0	0.0223214285714	0.00444444444444
49669	Gerald J. Popek	1	0.00446428571429	0.0	2.0	0.0133928571429	0.00444444444444
# Periodo: 1978-1980
48221	Philip A. Bernstein	5	0.037880415324	0.00207427233188	566.0	0.0285714285714	0.00583886243951
48222	Nathan Goodman	4	0.0514091350826	0.00301104048177	712.0	0.0326530612245	0.00526871892896
50169	Georges Gardarin	4	0.0616909620991	0.004550016728	-88.0	0.065306122449	0.00920763728632
48192	Stanley Y. W. Su	3	0.0927744070601	0.00401472064236	538.0	0.0938775510204	0.00770704858073
52308	Robert Demolombe	3	0.0415227629513	0.0	104.0	0.0244897959184	0.00336085750417
43662	Eric K. Clemons	3	0.00408163265306	0.0	2.0	0.0122448979592	0.00406504065041
48281	David K. Hsiao	3	0.0122448979592	6.69120107059e-05	14.0	0.0204081632653	0.00526965781931
84147	Michael L. Brodie	3	0.00408163265306	0.0	2.0	0.0122448979592	0.00406504065041
78024	Gerald A. Wilson	3	0.00816326530612	3.3456005353e-05	8.0	0.0163265306122	0.00507388285562
50989	Witold Litwin	3	0.0415227629513	0.0	104.0	0.0326530612245	0.00415295164704
223	Michel E. Adiba	3	0.0440649729279	0.00145533623285	370.0	0.0367346938776	0.00552140342084
358	Frank Manola	3	0.0	0.0	0.0	0.00816326530612	0.00406504065041
4	C. J. Date	2	0.0	0.0	0.0	0.00816326530612	0.00406504065041
250943	James P. Fry	2	0.0837232453957	0.000669120107059	82.0	0.0775510204082	0.00577855065909
250987	Robert W. Taylor	2	0.0837232453957	0.000669120107059	82.0	0.0775510204082	0.00577855065909
50322	Vincent Y. Lum	2	0.0817298347911	0.00180662428906	352.0	0.0775510204082	0.00613874640269
50334	Colette Rolland	2	0.0122448979592	6.69120107059e-05	14.0	0.0204081632653	0.00526965781931
52919	Toby J. Teorey	2	0.0817298347911	0.00180662428906	352.0	0.0775510204082	0.00613874640269
209	Rudi Studer	2	0.0	0.0	0.0	0.00816326530612	0.00406504065041
224	Bruce G. Lindsay	2	0.0490723562152	0.000501840080294	88.0	0.0285714285714	0.00420717393352
216806	Mario Schkolnick	2	0.0780148423006	0.0	88.0	0.069387755102	0.00496229233773
49402	S. Bing Yao	2	0.0122448979592	6.69120107059e-05	14.0	0.0204081632653	0.00526965781931
322843	Rudolf Munz	2	0.0479818594104	0.00140515222482	346.0	0.0326530612245	0.00525184514777
80697	Dennis Tsichritzis	2	0.00408163265306	0.0	2.0	0.0122448979592	0.00406504065041
# Periodo: 1981-1983
53334	Antonio L. Furtado	3	0.0167364016736	7.03210154355e-05	6.0	0.0251046025105	0.00531077677912
50460	Umeshwar Dayal	3	0.0242080095637	0.000492247108048	104.0	0.0292887029289	0.0048253659632
51388	Daniel R. Ries	3	0.0282426778243	0.000140642030871	24.0	0.0334728033473	0.00495636394643
48344	Gio Wiederhold	3	0.0125523012552	7.03210154355e-05	14.0	0.0209205020921	0.0054013992648
48406	Zvi M. Kedem	3	0.0174337517434	0.00015822228473	30.0	0.0251046025105	0.00595510110819
48407	Abraham Silberschatz	3	0.0174337517434	0.00015822228473	30.0	0.0251046025105	0.00595510110819
80697	Dennis Tsichritzis	3	0.0334728033473	0.000246123554024	44.0	0.0418410041841	0.00516529250727
49127	Arie Shoshani	3	0.0125523012552	7.03210154355e-05	14.0	0.0209205020921	0.0054013992648
48665	Michael Stonebraker	2	0.00836820083682	3.51605077177e-05	8.0	0.0167364016736	0.00520072992701
48986	Paula B. Hawthorn	2	0.00753138075314	0.0	10.0	0.0125523012552	0.00308312581528
250921	Daniel Sagalowicz	2	0.00941422594142	0.0	8.0	0.0167364016736	0.00409107079329
48192	Stanley Y. W. Su	2	0.00418410041841	0.0	2.0	0.0125523012552	0.00416666666667
53333	Marco A. Casanova	2	0.0133891213389	1.75802538589e-05	10.0	0.0209205020921	0.00434197386132
49668	Douglas Stott Parker Jr.	2	0.00836820083682	3.51605077177e-05	8.0	0.0167364016736	0.00520072992701
84196	Yahiko Kambayashi	2	0.0125523012552	7.03210154355e-05	14.0	0.0209205020921	0.0054013992648
618781	Wen-Te K. Lin	2	0.0242080095637	0.000281284061742	70.0	0.0334728033473	0.00520157585422
48949	Kyu-Young Whang	2	0.00941422594142	0.0	8.0	0.0167364016736	0.00409107079329
49996	Arvola Chan	2	0.0282426778243	0.000140642030871	24.0	0.0334728033473	0.00495636394643
48987	David J. DeWitt	2	0.0125523012552	7.03210154355e-05	14.0	0.0209205020921	0.0054013992648
48996	Shamkant B. Navathe	2	0.00418410041841	0.0	2.0	0.0125523012552	0.00416666666667
49128	Harry K. T. Wong	2	0.00836820083682	3.51605077177e-05	8.0	0.0167364016736	0.00520072992701
173950	François Bancilhon	2	0.0125523012552	7.03210154355e-05	14.0	0.0209205020921	0.0054013992648
183774	José Mauro Volkmer de Castilho	2	0.0133891213389	1.75802538589e-05	10.0	0.0209205020921	0.00434197386132
250853	William Kent	2	0.0	0.0	0.0	0.00836820083682	0.00416666666667
# Periodo: 1984-1986
48987	David J. DeWitt	4	0.0359382777501	0.00289953948491	930.0	0.0383275261324	0.00629962070954
49520	Michael J. Carey	4	0.0292520865408	0.00158378207159	564.0	0.0278745644599	0.00574881063095
38446	Won Kim	3	0.0256701983929	0.00185180672986	702.0	0.0278745644599	0.00553324573029
115761	Serge Abiteboul	3	0.0189701897019	0.000268024658269	70.0	0.0243902439024	0.00540373939972
175690	Arnon Rosenthal	3	0.011149825784	7.30976340732e-05	24.0	0.0174216027875	0.00444840607563
53574	Carlo Zaniolo	3	0.012444001991	9.74635120977e-05	34.0	0.0174216027875	0.00440917107584
77645	Joachim W. Schmidt	3	0.0174216027875	0.000158378207159	34.0	0.0243902439024	0.00539601088527
64896	Frank Olken	3	0.0189701897019	7.30976340732e-05	18.0	0.0243902439024	0.00430839525855
49128	Harry K. T. Wong	3	0.0213414634146	0.00021929290222	42.0	0.0278745644599	0.00515612967105
358	Frank Manola	2	0.011149825784	7.30976340732e-05	24.0	0.0174216027875	0.00444840607563
51209	Doron Rotem	2	0.0155210643016	0.0	22.0	0.0209059233449	0.00358630773132
48665	Michael Stonebraker	2	0.0213193173094	0.000438585804439	270.0	0.01393728223	0.0031619091606
36413	Hidenori Itoh	2	0.0104529616725	0.0	6.0	0.0174216027875	0.00347222222222
53315	Dennis McLeod	2	0.01393728223	7.30976340732e-05	20.0	0.0209059233449	0.00449389462135
48222	Nathan Goodman	2	0.00696864111498	2.43658780244e-05	8.0	0.01393728223	0.00433394160584
51046	Stavros Christodoulakis	2	0.0278745644599	0.000170561146171	44.0	0.0348432055749	0.00430441042263
359	Alejandro P. Buchmann	2	0.00696864111498	2.43658780244e-05	8.0	0.01393728223	0.00433394160584
366193	Charles W. Kaufman	2	0.0104529616725	4.87317560488e-05	14.0	0.0174216027875	0.00450116605399
50322	Vincent Y. Lum	2	0.0156794425087	4.87317560488e-05	16.0	0.0209059233449	0.0040055217763
223	Michel E. Adiba	2	0.00696864111498	2.43658780244e-05	8.0	0.01393728223	0.00433394160584
55533	Guy M. Lohman	2	0.0174216027875	9.74635120977e-05	26.0	0.0243902439024	0.00444686280396
14128	Matthias Jarke	2	0.012444001991	1.21829390122e-05	14.0	0.0174216027875	0.00371527553537
48344	Gio Wiederhold	2	0.0174216027875	9.74635120977e-05	26.0	0.0243902439024	0.00444686280396
322368	Robert H. Gerber	2	0.0256701983929	0.0	98.0	0.0243902439024	0.00362160208073
53571	Ravi Krishnamurthy	2	0.012444001991	9.74635120977e-05	34.0	0.0174216027875	0.00440917107584
55626	Wei-Pang Yang	2	0.00696864111498	2.43658780244e-05	8.0	0.01393728223	0.00433394160584
48441	S. Misbah Deen	2	0.00696864111498	0.0	4.0	0.01393728223	0.00347222222222
54109	Gösta Grahne	2	0.0113821138211	0.0	30.0	0.0104529616725	0.00223715318549
# Periodo: 1987-1989
48665	Michael Stonebraker	5	0.0228544776119	0.000419252054335	82.0	0.0298507462687	0.0070741774666
49519	Rakesh Agrawal	4	0.00373134328358	0.0	2.0	0.0111940298507	0.00371747211896
38446	Won Kim	3	0.00746268656716	2.79501369557e-05	8.0	0.0149253731343	0.00464005644045
51209	Doron Rotem	3	0.0149253731343	0.000139750684778	28.0	0.0223880597015	0.00592367460537
3181	H. V. Jagadish	3	0.00373134328358	0.0	2.0	0.0111940298507	0.00371747211896
49493	Roger King	3	0.00746268656716	2.79501369557e-05	8.0	0.0149253731343	0.00464005644045
53571	Ravi Krishnamurthy	3	0.0223880597015	0.000307451506512	56.0	0.0298507462687	0.00643393034394
99863	Klaus Küspert	2	0.034730195178	0.000125775616301	26.0	0.0410447761194	0.00443364615613
55340	Hans-Jörg Schek	2	0.0111940298507	5.59002739113e-05	14.0	0.0186567164179	0.00481909228116
49214	Maurizio Lenzerini	2	0.00746268656716	2.79501369557e-05	8.0	0.0149253731343	0.00464005644045
53333	Marco A. Casanova	2	0.0111940298507	0.0	6.0	0.0186567164179	0.00371747211896
53334	Antonio L. Furtado	2	0.0111940298507	0.0	6.0	0.0186567164179	0.00371747211896
100729	Johann Christoph Freytag	2	0.0155472636816	0.000167700821734	40.0	0.0223880597015	0.00522906806657
49895	Randy H. Katz	2	0.0182835820896	0.000167700821734	50.0	0.0223880597015	0.00496954696634
50334	Colette Rolland	2	0.0111940298507	1.39750684778e-05	6.0	0.0186567164179	0.00417876427971
34980	Raghu Ramakrishnan	2	0.0155472636816	0.000111800547823	30.0	0.0223880597015	0.00488239425762
54438	Jeffrey F. Naughton	2	0.0155472636816	0.000111800547823	30.0	0.0223880597015	0.00488239425762
49320	Christos Faloutsos	2	0.0111940298507	5.59002739113e-05	14.0	0.0186567164179	0.00481909228116
256702	Peter Pistor	2	0.0376243781095	0.000223601095645	24.0	0.044776119403	0.00488542172851
351952	Michael Novak	2	0.00497512437811	0.0	6.0	0.0111940298507	0.00325617995821
48357	Gultekin Özsoyoglu	2	0.00746268656716	2.79501369557e-05	8.0	0.0149253731343	0.00464005644045
980716	Bo Kähler	2	0.0133262260128	0.000111800547823	34.0	0.0186567164179	0.00444822798861
760579	Jean-Yves Lingat	2	0.0111940298507	1.39750684778e-05	6.0	0.0186567164179	0.00417876427971
48684	Balakrishna R. Iyer	2	0.0191897654584	0.000223601095645	50.0	0.0261194029851	0.00543507877582
322841	Christophe Lécluse	2	0.00746268656716	2.79501369557e-05	8.0	0.0149253731343	0.00464005644045
53118	Masaru Kitsuregawa	2	0.00746268656716	0.0	4.0	0.0149253731343	0.00371747211896
# Periodo: 1990-1992
3181	H. V. Jagadish	7	0.0613539261736	0.00986052417515	5826.0	0.0220125786164	0.0044289143987
48987	David J. DeWitt	6	0.0425171944536	0.00990020435292	7400.0	0.0314465408805	0.00599084473452
34980	Raghu Ramakrishnan	5	0.058632582674	0.0154752693292	10504.0	0.0220125786164	0.00418151856796
48404	C. Mohan	5	0.0670086659131	0.00915620101978	12.0	0.0314465408805	0.0052197320047
49519	Rakesh Agrawal	5	0.0781767768986	0.0322500644803	15196.0	0.0503144654088	0.00822224062381
51264	Amit P. Sheth	4	0.0241536196976	0.000952324266413	454.0	0.0251572327044	0.00439316944844
48871	Stefano Ceri	4	0.0428934528116	0.0050790627542	4110.0	0.0157232704403	0.00314403705184
50460	Umeshwar Dayal	4	0.0629475346456	0.0069539511537	3610.0	0.0314465408805	0.00539080936353
49520	Michael J. Carey	4	0.0519317160827	0.00514850306529	3292.0	0.0314465408805	0.00574654333547
53637	Jennifer Widom	4	0.0519317160827	0.00624962799833	4636.0	0.0157232704403	0.00277032734628
27103	Patrick Valduriez	4	0.0167714884696	0.000337281511021	116.0	0.0220125786164	0.00511785674199
217134	Ming-Chien Shan	3	0.0141509433962	0.000158720711069	56.0	0.0188679245283	0.00419100788886
52796	Hongjun Lu	3	0.0141509433962	0.000158720711069	56.0	0.0188679245283	0.00419100788886
54334	Dennis Shasha	3	0.0062893081761	1.98400888836e-05	8.0	0.0125786163522	0.00391277486671
49428	Marek Rusinkiewicz	3	0.0306816250212	0.00154752693292	644.0	0.0251572327044	0.00417918821167
48407	Abraham Silberschatz	3	0.0157232704403	0.000128960577743	34.0	0.0220125786164	0.00487163365191
34328	Krithi Ramamritham	3	0.0544602266035	0.00513858302085	3162.0	0.0314465408805	0.0054509893868
54438	Jeffrey F. Naughton	3	0.049627578509	0.01243973573	9056.0	0.0188679245283	0.00339911363387
45251	Hanan Samet	3	0.0157232704403	7.93603555344e-05	26.0	0.0220125786164	0.00401472253148
224	Bruce G. Lindsay	3	0.0649146451033	0.0126778167966	5280.0	0.0283018867925	0.00468305214963
54571	Donovan A. Schneider	3	0.0415453728661	0.0	700.0	0.0157232704403	0.00280673184314
54788	S. Sudarshan	3	0.0463085366342	0.0	628.0	0.0125786163522	0.00245215664484
43338	Hector Garcia-Molina	3	0.0291082083535	0.00099200444418	398.0	0.0314465408805	0.0054842868541
50695	Gene T. J. Wuu	2	0.0494587772216	0.00261889173263	2020.0	0.0157232704403	0.00312834694378
53193	Divyakant Agrawal	2	0.00314465408805	0.0	2.0	0.00943396226415	0.00313479623824
175126	Christophe de Maindreville	2	0.0125786163522	0.000138880622185	76.0	0.0157232704403	0.00367348591203
48665	Michael Stonebraker	2	0.0062893081761	1.98400888836e-05	8.0	0.0125786163522	0.00391277486671
53283	Chiang Lee	2	0.00314465408805	0.0	2.0	0.00943396226415	0.00313479623824
52784	Shahram Ghandeharizadeh	2	0.0360815893378	0.0038688173323	3596.0	0.0188679245283	0.00350817020394
322737	Stanley B. Zdonik	2	0.0062893081761	1.98400888836e-05	8.0	0.0125786163522	0.00391277486671
33874	Richard R. Muntz	2	0.0062893081761	1.98400888836e-05	8.0	0.0125786163522	0.00391277486671
# Periodo: 1993-1995
49519	Rakesh Agrawal	5	0.0600058890077	0.0171977924159	18848.0	0.0316301703163	0.00527306095235
49904	David B. Lomet	5	0.0392538523925	0.0020532906059	3220.0	0.014598540146	0.00317849936504
54438	Jeffrey F. Naughton	5	0.021897810219	0.000510355468518	244.0	0.0243309002433	0.00511692970895
48407	Abraham Silberschatz	5	0.0583338982923	0.00953652602219	-936.0	0.0389294403893	0.00566510853044
30103	Miron Livny	5	0.0442296928367	0.0110082487686	14020.0	0.021897810219	0.00385373737283
53229	Yannis E. Ioannidis	5	0.0517633218363	0.0140327972623	16946.0	0.021897810219	0.0037763407912
49520	Michael J. Carey	4	0.0375335640407	0.000183965343303	1004.0	0.0170316301703	0.00298805582774
48665	Michael Stonebraker	4	0.066111751398	0.0148952584416	4216.0	0.0340632603406	0.00526366679454
34980	Raghu Ramakrishnan	3	0.059815394122	0.0146994243665	-1664.0	0.029197080292	0.00426509139725
12535	Alfons Kemper	3	0.0119221411192	0.000142424781912	90.0	0.014598540146	0.00299428785073
43338	Hector Garcia-Molina	3	0.0565821295748	0.00305026407928	3330.0	0.021897810219	0.00348843370866
174496	Eric Simon	3	0.014598540146	0.000130556050086	56.0	0.0194647201946	0.00420079426748
48221	Philip A. Bernstein	3	0.0457326435641	0.00204142187407	2808.0	0.0121654501217	0.00241505885886
53991	Guido Moerkotte	3	0.00993511759935	7.1212390956e-05	58.0	0.014598540146	0.00308892445613
43875	Philip S. Yu	3	0.014598540146	0.000112752952347	48.0	0.0194647201946	0.00388729382739
54787	S. Seshadri	3	0.0206097037355	0.00041540561391	214.0	0.021897810219	0.00433408519994
3181	H. V. Jagadish	3	0.0468702715135	0.00204142187407	2748.0	0.0194647201946	0.0030506526593
48268	Jiawei Han	3	0.00778588807786	5.934365913e-05	34.0	0.0121654501217	0.0035411616043
50460	Umeshwar Dayal	3	0.0572700582019	0.00499673609875	5072.0	0.021897810219	0.00367596904626
499034	Manish Mehta 0002	3	0.0376084813342	0.00492552370779	7416.0	0.014598540146	0.00244161786699
54788	S. Sudarshan	3	0.0491954285859	0.000500464858663	756.0	0.021897810219	0.00313313657637
52796	Hongjun Lu	3	0.0132468234658	0.000124621684173	66.0	0.0170316301703	0.00366991138817
216724	Betty Salzberg	3	0.0473413295186	0.00398789389354	4940.0	0.0194647201946	0.00342043167485
53023	Kyuseok Shim	3	0.049978379704	0.0100528158566	12876.0	0.014598540146	0.00236490575027
53054	Surajit Chaudhuri	3	0.0424365971811	0.00925761082428	12216.0	0.0121654501217	0.00180215365728
123193	Alon Y. Levy	3	0.0488130806954	0.00204142187407	2652.0	0.0170316301703	0.00279131942926
48987	David J. DeWitt	3	0.0324859468076	0.00398789389354	6440.0	0.0170316301703	0.00278636473935
20335	Kian-Lee Tan	3	0.0132468234658	0.000124621684173	66.0	0.0170316301703	0.00366991138817
51209	Doron Rotem	2	0.00486618004866	0.0	4.0	0.00973236009732	0.00242718446602
370747	Florian Matthes	2	0.00868960722975	0.0	14.0	0.0121654501217	0.00236909605318
49320	Christos Faloutsos	2	0.00486618004866	1.1868731826e-05	8.0	0.00973236009732	0.00302955141379
45251	Hanan Samet	2	0.00243309002433	0.0	2.0	0.00729927007299	0.00242718446602
246016	Pascal Poncelet	2	0.00729927007299	0.0	6.0	0.0121654501217	0.00242718446602
49428	Marek Rusinkiewicz	2	0.0179163901792	0.000213637172868	106.0	0.021897810219	0.00374176957801
53527	Waqar Hasan	2	0.00243309002433	0.0	2.0	0.00729927007299	0.00242718446602
792933	Fabrizio Ferrandina	2	0.00973236009732	0.0	8.0	0.014598540146	0.00242718446602
100728	Donald Kossmann	2	0.00993511759935	0.00011868731826	84.0	0.0121654501217	0.00264750283648
53637	Jennifer Widom	2	0.0388491735019	0.00103257966886	2112.0	0.00973236009732	0.00207077424415
53648	Henry F. Korth	2	0.00243309002433	0.0	2.0	0.00729927007299	0.00242718446602
117280	Maria Zemankova	2	0.0509239166173	0.00135699167211	638.0	0.014598540146	0.00219934430745
84516	Leonard J. Seligman	2	0.0576203337872	0.00103257966886	1480.0	0.0170316301703	0.00265872813021
# Periodo: 1996-1998
49320	Christos Faloutsos	8	0.0762474297091	0.0228888060798	2896.0	0.0411899313501	0.0066472704271
43338	Hector Garcia-Molina	8	0.0515119145037	0.0377941763063	69750.0	0.0343249427918	0.00590566635987
48407	Abraham Silberschatz	8	0.0835280002543	0.0496264344547	-11120.0	0.0594965675057	0.00583830606724
123193	Alon Y. Levy	5	0.0643210269338	0.0116358406987	16624.0	0.0228832951945	0.00394479242845
54788	S. Sudarshan	5	0.0751752002288	0.00905888324721	1244.0	0.0526315789474	0.00469923667271
53229	Yannis E. Ioannidis	5	0.0691266209001	0.0306846094094	49722.0	0.0183066361556	0.002722408725
34980	Raghu Ramakrishnan	4	0.0533985883978	0.025486532446	43076.0	0.0274599542334	0.00418121204101
49519	Rakesh Agrawal	4	0.0470764463273	0.00873344110176	5880.0	0.0297482837529	0.00449521484598
53991	Guido Moerkotte	4	0.0335042675115	0.00300212037873	9180.0	0.0160183066362	0.00304828541601
250813	Viswanath Poosala	4	0.0722404326523	0.0124892406525	-2008.0	0.0228832951945	0.00304184954802
3181	H. V. Jagadish	4	0.0760065215584	0.0348132247252	38704.0	0.0366132723112	0.00453583894047
54787	S. Seshadri	4	0.0741327090084	0.00391658993915	1298.0	0.0320366132723	0.00318077829476
52917	Hans-Peter Kriegel	4	0.0205949656751	0.00027292003443	122.0	0.025171624714	0.00447570366197
55340	Hans-Jörg Schek	3	0.0690274435387	0.0452522410934	81022.0	0.0205949656751	0.00332956851176
53470	Laks V. S. Lakshmanan	3	0.0091533180778	5.24846220058e-05	28.0	0.0137299771167	0.00363805586408
12535	Alfons Kemper	3	0.0370663545042	0.00877542879936	20300.0	0.0183066361556	0.00332735222268
312	Nick Roussopoulos	3	0.0626460001907	0.00301261730313	5172.0	0.0160183066362	0.00288145178734
49520	Michael J. Carey	3	0.0368958037933	0.00160602943338	5502.0	0.0160183066362	0.00291834635311
100728	Donald Kossmann	3	0.0412271877862	0.0128902231646	25134.0	0.0183066361556	0.00314823215708
442751	Stephen Blott	3	0.075886637455	0.0454096949594	80876.0	0.0160183066362	0.00188648720355
30103	Miron Livny	3	0.0604423720433	0.0273339911406	45942.0	0.0160183066362	0.00251819688766
53648	Henry F. Korth	3	0.0760065215584	0.00532721412626	1266.0	0.0366132723112	0.00303165462756
84498	Daniela Florescu	3	0.0544254843286	0.00447693825709	8184.0	0.0160183066362	0.00310861436137
100929	Nelson Mendonça Mattos	3	0.00686498855835	2.09938488023e-05	14.0	0.0114416475973	0.00295967083002
53022	Rajeev Rastogi	3	0.0717021283852	0.00451630172359	7036.0	0.0411899313501	0.00361808640596
53033	Yasuhiko Morimoto	3	0.0137299771167	3.84887228042e-05	8.0	0.0183066361556	0.00294392444637
251036	Sunita Sarawagi	3	0.0468929124234	0.00293913883232	4390.0	0.025171624714	0.00373822426464
54438	Jeffrey F. Naughton	3	0.0468472523334	0.00149056326496	2054.0	0.0228832951945	0.00325793212291
50169	Georges Gardarin	3	0.0160183066362	0.000131211555014	62.0	0.0205949656751	0.00367746526147
54323	Shaul Dar	3	0.0644071327262	0.00865996263095	6810.0	0.025171624714	0.00394419751118
3182	Kenneth A. Ross	3	0.0540585709511	0.00151155711377	3846.0	0.0091533180778	0.00186114086776
322761	Prasad Deshpande	3	0.0468472523334	0.00149056326496	2054.0	0.0228832951945	0.00325793212291
322770	Ashok Joshi	3	0.0154462242563	8.39753952092e-05	62.0	0.0183066361556	0.00289365687562
150958	Narayanan Shivakumar	3	0.0450066680509	0.000120714630613	2138.0	0.0205949656751	0.00334368248778
52993	Dan Suciu	3	0.0541803244892	0.0	1776.0	0.0091533180778	0.00161220918001
53052	Minos N. Garofalakis	3	0.0723490648819	0.00967029160456	1330.0	0.0114416475973	0.00151573275078
53131	Divesh Srivastava	3	0.0643210269338	0.00719039321479	5334.0	0.0205949656751	0.00327966371855
981020	William Bridge	2	0.0142580531597	0.0	26.0	0.0160183066362	0.00238081981655
217117	Ashish Gupta	2	0.0468016810763	0.00151155711377	4398.0	0.0205949656751	0.00304197494157
51264	Amit P. Sheth	2	0.0183066361556	0.0	16.0	0.0228832951945	0.00228310502283
137288	Shinichi Morishita	2	0.0102974828375	1.04969244012e-05	16.0	0.0137299771167	0.00221578069017
322927	Svein-Olaf Hvasshovd	2	0.0091533180778	1.04969244012e-05	8.0	0.0137299771167	0.00266513752665
54640	Nikolaos Sidiropoulos	2	0.0677635607697	0.000692797010476	1420.0	0.0160183066362	0.00227467371302
# Periodo: 1999-2001
84498	Daniela Florescu	7	0.0792960175604	0.0531855439642	177852.0	0.047619047619	0.00437187292944
3181	H. V. Jagadish	6	0.0749259259259	0.0341722257706	32032.0	0.0208333333333	0.00308483856059
53054	Surajit Chaudhuri	6	0.061303030303	0.0457694627777	191018.0	0.016369047619	0.00298736688472
43338	Hector Garcia-Molina	5	0.0132575757576	0.000204030941736	292.0	0.014880952381	0.00323144201539
49520	Michael J. Carey	5	0.0866306954436	0.0630953052991	203534.0	0.0505952380952	0.00376965462231
20335	Kian-Lee Tan	5	0.0626238236751	0.00568625363707	15300.0	0.0178571428571	0.00277678729136
53637	Jennifer Widom	5	0.0145833333333	0.000252820949542	356.0	0.014880952381	0.00307390442479
27103	Patrick Valduriez	5	0.0659559207094	0.010152757079	34702.0	0.014880952381	0.00206345129903
48273	Raymond T. Ng	5	0.0707144854586	0.00711816644194	20320.0	0.0178571428571	0.00297561063957
52783	Christian S. Jensen	5	0.0125744047619	0.00025503867717	386.0	0.0119047619048	0.00240117724456
34358	Michael J. Franklin	5	0.0630925648703	0.00824772904691	27676.0	0.016369047619	0.00269049003371
50460	Umeshwar Dayal	5	0.04844348659	0.00621111584226	27104.0	0.0193452380952	0.00276126697326
55531	Laura M. Haas	4	0.0586580839712	0.0214143779718	80486.0	0.0178571428571	0.00310108310865
100728	Donald Kossmann	4	0.0677041499331	0.0246611312185	90630.0	0.014880952381	0.00218660003324
54035	Anindya Datta	4	0.0126050420168	8.87091051025e-05	134.0	0.0133928571429	0.00201628053351
115761	Serge Abiteboul	4	0.0487516869096	0.0166934272467	69996.0	0.0327380952381	0.00289443769025
54438	Jeffrey F. Naughton	4	0.0689784506274	0.0169567454404	57044.0	0.0193452380952	0.0026136660003
34328	Krithi Ramamritham	4	0.015306122449	0.000155240933929	188.0	0.0178571428571	0.00244474487017
42554	Erhard Rahm	4	0.0509623135832	0.00260804769001	10860.0	0.0133928571429	0.00231647156724
52827	Beng Chin Ooi	4	0.0624382716049	0.00153466751827	2700.0	0.0119047619048	0.00184720056314
52923	S. Muthukrishnan	4	0.0652917634908	0.00466388120077	11720.0	0.016369047619	0.00251213991071
193942	Jayavel Shanmugasundaram	4	0.0814412238325	0.0322713509375	98630.0	0.0252976190476	0.00260954166695
48987	David J. DeWitt	4	0.0686973648465	0.0121723677052	37166.0	0.0282738095238	0.00320588673846
217134	Ming-Chien Shan	3	0.0427009456265	1.47848508504e-06	3948.0	0.00892857142857	0.00135215919548
53380	Ke Wang	3	0.0104166666667	5.1007735434e-05	54.0	0.0133928571429	0.00240572002959
34980	Raghu Ramakrishnan	3	0.00595238095238	2.21772762756e-05	28.0	0.00892857142857	0.00236770946281
49320	Christos Faloutsos	3	0.00892857142857	4.87900078064e-05	56.0	0.0119047619048	0.00257166008648
53470	Laks V. S. Lakshmanan	3	0.0802777777778	0.0588895394223	235012.0	0.0119047619048	0.00173757316407
55607	Luc Bouganim	3	0.0561196182867	0.00516730537222	20304.0	0.016369047619	0.00224780157142
53574	Carlo Zaniolo	3	0.00892857142857	4.87900078064e-05	56.0	0.0119047619048	0.00257166008648
53587	Gerhard Weikum	3	0.0546638564635	0.0316647150664	134750.0	0.0133928571429	0.00184381193127
49703	Martin L. Kersten	3	0.0128613945578	7.98381945923e-05	112.0	0.014880952381	0.00214070513995
53802	Curtis E. Dyreson	3	0.00898171768707	6.65318288269e-06	56.0	0.00744047619048	0.00146464856631
100929	Nelson Mendonça Mattos	3	0.0712524654832	0.00514913344645	886.0	0.0297619047619	0.00249353432369
50332	Theodore Johnson	3	0.0660592998955	0.00105120289547	5576.0	0.00744047619048	0.00131424623752
54032	Torben Bach Pedersen	3	0.00931437389771	9.75800156128e-05	198.0	0.00892857142857	0.00183835442281
53069	Eugene J. Shekita	3	0.0788509510446	0.00150703328796	2138.0	0.0178571428571	0.0017570765633
250848	Subbu N. Subramanian	3	0.0851430976431	0.0591667553758	235628.0	0.0133928571429	0.00146910479504
175147	Sophie Cluet	3	0.0432486745339	0.00210151869988	12630.0	0.0267857142857	0.00224462489366
322616	Laurent Mignet	3	0.0432264957265	2.94218531923e-05	3900.0	0.0252976190476	0.00195412906279
54334	Dennis Shasha	3	0.0658014571949	0.00717545773898	24080.0	0.0178571428571	0.00224181533655
48221	Philip A. Bernstein	3	0.0509623135832	0.00260804769001	10860.0	0.0133928571429	0.00231647156724
251036	Sunita Sarawagi	3	0.0014880952381	0.0	2.0	0.00446428571429	0.00148588410104
48404	C. Mohan	3	0.0382795943082	0.0	4404.0	0.00892857142857	0.00138860786308
50745	Phillip B. Gibbons	3	0.0411781468816	0.0041515861188	23690.0	0.00744047619048	0.00158031250378
52796	Hongjun Lu	3	0.0133928571429	5.76609183167e-05	50.0	0.016369047619	0.00230274475767
61060	Helen M. Thomas	3	0.0112781954887	0.0	38.0	0.0104166666667	0.00144467198183
52958	Luis Gravano	3	0.0678676865271	0.0451130153999	191048.0	0.014880952381	0.00231279472549
38654	Fabio Casati	3	0.0427009456265	1.47848508504e-06	3948.0	0.00892857142857	0.00135215919548
53023	Kyuseok Shim	3	0.0528805938938	0.00914147328082	41560.0	0.00892857142857	0.00165737261681
322523	Khaled Yagoub	3	0.0656988828267	0.000133063657654	2566.0	0.0104166666667	0.00137421679098
14128	Matthias Jarke	3	0.0510240112994	0.00519391810375	22128.0	0.016369047619	0.00284549492811
53052	Minos N. Garofalakis	3	0.046365053172	0.00516730537222	27288.0	0.00892857142857	0.00173926284905
53129	Nick Koudas	3	0.0651403915507	0.0015368852459	2588.0	0.0119047619048	0.00174465226155
53131	Divesh Srivastava	3	0.0742004107981	0.0234317708703	2272.0	0.014880952381	0.00215420689506
53193	Divyakant Agrawal	2	0.0507475416416	0.00312699595486	14680.0	0.0193452380952	0.00223296166637
55340	Hans-Jörg Schek	2	0.00446428571429	0.0	6.0	0.00744047619048	0.00148588410104
55408	Volker Markl	2	0.0119047619048	6.65318288269e-05	76.0	0.014880952381	0.00226649342114
45196	Tova Milo	2	0.0432043396549	7.98381945923e-06	3902.0	0.0238095238095	0.00180639910875
53423	Bernhard Seeger	2	0.00892857142857	0.0	12.0	0.0119047619048	0.00148588410104
84147	Michael L. Brodie	2	0.0522901157982	0.0	3224.0	0.00446428571429	0.00082923272591
174274	You-Chin Fuh	2	0.0616167153996	0.000167015051516	2736.0	0.0208333333333	0.00177749705694
53453	Daniel A. Keim	2	0.00297619047619	0.0	4.0	0.00595238095238	0.00148588410104
224	Bruce G. Lindsay	2	0.0732334202143	0.0036850568706	1810.0	0.0238095238095	0.00205131465332
193922	Ioana Manolescu	2	0.0663191712562	0.0	2542.0	0.00892857142857	0.00112095667533
20758	Weidong Chen	2	0.0616167153996	0.000167015051516	2736.0	0.0208333333333	0.00177749705694
123193	Alon Y. Levy	2	0.0651403915507	0.00105120289547	5648.0	0.00892857142857	0.00131122276102
# Periodo: 2002-2004
53131	Divesh Srivastava	10	0.113149023276	0.0602024783232	3218.0	0.0228013029316	0.00315922367783
34358	Michael J. Franklin	9	0.120444434572	0.0509008252516	-47036.0	0.0249728555917	0.00299897704162
53470	Laks V. S. Lakshmanan	7	0.0951871009134	0.0269403103152	152160.0	0.0206297502714	0.00319392399006
49519	Rakesh Agrawal	7	0.0865761465972	0.0120347239976	-1666.0	0.014115092291	0.00164637599436
53054	Surajit Chaudhuri	7	0.129345454703	0.0713615726153	-30294.0	0.0238870792617	0.00302060661484
55533	Guy M. Lohman	6	0.112363720627	0.0202399568484	-14834.0	0.0217155266015	0.00231849663808
53587	Gerhard Weikum	6	0.121044780663	0.0289310340146	60240.0	0.0238870792617	0.00322107948985
54243	Joseph M. Hellerstein	6	0.0985176840589	0.00912453166277	27772.0	0.0152008686211	0.00184411649478
48268	Jiawei Han	6	0.0798179428776	0.0117110418732	76006.0	0.014115092291	0.00222935732835
48987	David J. DeWitt	6	0.100039584431	0.0164534119658	-1906.0	0.0217155266015	0.0022624475468
53129	Nick Koudas	6	0.109144310654	0.0300622519396	-74262.0	0.0152008686211	0.00201944763811
53130	Yannis Papakonstantinou	6	0.106628360573	0.00436332593747	11396.0	0.0130293159609	0.00194273777195
47192	Dimitris Papadias	5	0.00651465798046	1.06217249681e-05	12.0	0.00868621064061	0.0016432895588
52923	S. Muthukrishnan	5	0.0916832812478	0.00591748099891	19438.0	0.0119435396308	0.00195013855426
55536	Hamid Pirahesh	5	0.114012249392	0.0258811845388	-13416.0	0.0217155266015	0.00251745657373
131864	Christoph Koch	5	0.00760043431053	3.776613322e-05	78.0	0.00977198697068	0.0020379290175
3181	H. V. Jagadish	5	0.0934023427712	0.013452929547	72690.0	0.0162866449511	0.00255324485748
54438	Jeffrey F. Naughton	5	0.0950473938181	0.0112559969844	14482.0	0.0195439739414	0.00206588016151
322856	Mitch Cherniack	5	0.0664648898269	0.00537412075721	12534.0	0.0195439739414	0.00203653167334
193922	Ioana Manolescu	5	0.0955146868064	0.0289534959525	168542.0	0.0238870792617	0.00255560130528
52835	Yufei Tao	5	0.00651465798046	1.06217249681e-05	12.0	0.00868621064061	0.0016432895588
52827	Beng Chin Ooi	5	0.0919001291221	0.022455917948	-61496.0	0.0184581976113	0.00246794948815
53052	Minos N. Garofalakis	5	0.0718213948112	0.0045329606183	32046.0	0.0108577633008	0.00163418165726
55155	Jayant R. Haritsa	5	0.0981196328102	0.0133908054694	21352.0	0.014115092291	0.0021226315819
53128	Vagelis Hristidis	5	0.120818950848	0.0573015033073	-67330.0	0.0119435396308	0.00158386920111
53193	Divyakant Agrawal	5	0.0625690412123	0.00434829816362	34370.0	0.0152008686211	0.00192780969027
55408	Volker Markl	4	0.103393758895	0.0108821849085	-13492.0	0.0217155266015	0.00220606440696
45196	Tova Milo	4	0.0802465398448	0.00314423290914	4842.0	0.0195439739414	0.00191745441143
43338	Hector Garcia-Molina	4	0.0900263544783	0.00297880375773	19774.0	0.0162866449511	0.00178440773966
53678	Wenfei Fan	4	0.0745498361336	0.00463502822188	2520.0	0.014115092291	0.00194172046246
53022	Rajeev Rastogi	4	0.0725726085036	0.00243561042277	4520.0	0.0119435396308	0.00159845902199
55608	Philippe Pucheral	4	0.0043431053203	2.36038332625e-06	8.0	0.00651465798046	0.00126608485539
43875	Philip S. Yu	4	0.0682151941588	0.00297408299108	26120.0	0.00760043431053	0.00132076165107
250728	Anastassia Ailamaki	4	0.00542888165038	9.44153330501e-06	26.0	0.00760043431053	0.00138904174354
277503	Sam Lightstone	4	0.0936274086574	0.00659090381155	-4738.0	0.0152008686211	0.00162773965684
115761	Serge Abiteboul	4	0.0802465398448	0.00314423290914	4842.0	0.0195439739414	0.00191745441143
3321	Walid G. Aref	4	0.100194364602	0.0120680137603	3118.0	0.0108577633008	0.00131015264534
120087	Hans-Arno Jacobsen	4	0.0043431053203	1.18019166313e-05	28.0	0.00651465798046	0.00172827382697
54831	Mong-Li Lee	4	0.0771858851665	0.00371804516118	22638.0	0.014115092291	0.00196388836365
34328	Krithi Ramamritham	4	0.00977198697068	6.25501581457e-05	122.0	0.0119435396308	0.00222424227755
48665	Michael Stonebraker	4	0.0664421590165	0.00437803899353	5848.0	0.0184581976113	0.00184101956505
52796	Hongjun Lu	4	0.0788781457427	0.00575806697316	-3654.0	0.0108577633008	0.00152783303717
151129	Ugur Çetintemel	4	0.0582539349218	0.000997970070339	14182.0	0.0130293159609	0.0013913650713
52826	Chee Yong Chan	4	0.0663967440069	0.00025613533686	5852.0	0.0108577633008	0.00147203995972
52911	Jignesh M. Patel	4	0.00542888165038	1.888306661e-05	42.0	0.00760043431053	0.00184916740125
52989	Alon Y. Halevy	4	0.00542888165038	3.54057498938e-06	10.0	0.00760043431053	0.00127953231885
55607	Luc Bouganim	4	0.0043431053203	2.36038332625e-06	8.0	0.00651465798046	0.00126608485539
53148	Sudipto Guha	4	0.0928665740747	0.00298313112716	19238.0	0.0108577633008	0.00162775428962
53217	Ramakrishnan Srikant	4	0.0732291266356	8.65473886292e-06	5306.0	0.00868621064061	0.00107852316407
151662	Scott Shenker	3	0.0812873945457	0.0	4780.0	0.00760043431053	0.000971199947183
55407	Ralf Rantzau	3	0.0733673991557	0.00592692253222	42040.0	0.014115092291	0.00203812775887
49320	Christos Faloutsos	3	0.0732567394284	0.0019874427607	17588.0	0.00977198697068	0.00135981794172
53459	Sihem Amer-Yahia	3	0.0974796151351	0.00599086889025	1688.0	0.00977198697068	0.00136175549473
53574	Carlo Zaniolo	3	0.00760043431053	2.95047915782e-05	62.0	0.00977198697068	0.0017469954279
53637	Jennifer Widom	3	0.0906988202447	0.0181183024123	123410.0	0.014115092291	0.00133413349482
100769	Torsten Grust	3	0.0043431053203	2.36038332625e-06	8.0	0.00651465798046	0.00126608485539
53776	Yuan Wang	3	0.0973331026875	0.00100770926333	3992.0	0.014115092291	0.00131009394422
55043	Eamonn J. Keogh	3	0.077741845924	0.0039560024548	28310.0	0.0108577633008	0.00159257770216
359	Alejandro P. Buchmann	3	0.110951954862	0.00297880375773	16518.0	0.0108577633008	0.00157279443676
49703	Martin L. Kersten	3	0.114280513508	0.0440321997075	-83080.0	0.0152008686211	0.00188809176694
465466	Yirong Xu	3	0.0841025424087	0.000627547247006	4620.0	0.00977198697068	0.00113307926638
43600	Boualem Benatallah	3	0.013572204126	0.00016994759949	378.0	0.0152008686211	0.00219228208355
381531	Oliver Po	3	0.0624885406768	0.000389935325497	6218.0	0.0108577633008	0.0012492437163
53961	Flip Korn	3	0.0914674543146	0.00194967662748	4248.0	0.00651465798046	0.00100791883266
53991	Guido Moerkotte	3	0.00217155266015	0.0	4.0	0.0043431053203	0.00108459869848
494332	Martin Theobald	3	0.0962243055791	0.000503941840155	4036.0	0.0108577633008	0.00143568432302
43874	Charu C. Aggarwal	3	0.0681434138773	0.0	5702.0	0.00542888165038	0.000852359883619
322521	Benoît Dageville	3	0.106104245202	0.00493320115187	26102.0	0.00977198697068	0.00123290995718
44046	Wang-Pin Hsiung	3	0.0624885406768	0.000389935325497	6218.0	0.0108577633008	0.0012492437163
216829	Ihab F. Ilyas	3	0.0909110308677	0.00168267418692	2888.0	0.00868621064061	0.00098853252246
54328	Amol Deshpande	3	0.0844682056366	0.00493320115187	31730.0	0.0119435396308	0.00150122215551
54334	Dennis Shasha	3	0.0658119488361	0.00198980314403	19392.0	0.00542888165038	0.00129331099309
250963	Omar Benjelloun	3	0.0800811512631	0.00304086497933	4852.0	0.014115092291	0.00141946779788
54370	Andrey Balmin	3	0.113083162377	0.020250596013	-10354.0	0.0119435396308	0.00151924216717
322737	Stanley B. Zdonik	3	0.0582364727111	1.888306661e-06	6672.0	0.0119435396308	0.00119164879633
214197	Mayank Bawa	3	0.0923369168081	0.00875295839819	-3408.0	0.0152008686211	0.00147432836418
322767	Prasanna Ganesan	3	0.106862966427	0.0309900060757	-52842.0	0.0152008686211	0.00147917418217
3322	Ahmed K. Elmagarmid	3	0.0986677871834	0.000311788726088	3938.0	0.00651465798046	0.000781665036673
48404	C. Mohan	3	0.0976265693287	0.0	3980.0	0.00760043431053	0.00089902704866
322885	Sailesh Krishnamurthy	3	0.110888626121	0.00840030082684	-704.0	0.0184581976113	0.00202173703537
64884	Susan B. Davidson	3	0.0780855598731	0.00494736345182	34010.0	0.0130293159609	0.00210698674398
81274	Jeffrey Scott Vitter	3	0.0723294389293	0.00259852182101	2894.0	0.0108577633008	0.00146538163549
53145	Sunil Prabhakar	3	0.0843581732367	0.019281047079	86754.0	0.014115092291	0.00181281793591
376247	Jerry Kiernan	3	0.0732291266356	8.65473886292e-06	5306.0	0.00868621064061	0.00107852316407
323072	Arvind Hulgeri	3	0.00694896851249	0.0	20.0	0.00868621064061	0.00113403081074
54786	Philip Bohannon	3	0.0940808101521	0.0118821897458	-2786.0	0.014115092291	0.00180623604761
54788	S. Sudarshan	3	0.00694896851249	0.0	20.0	0.00868621064061	0.00113403081074
54830	Wynne Hsu	3	0.077093997208	0.000743962170106	5040.0	0.0108577633008	0.00143313916238
52783	Christian S. Jensen	3	0.0771552315187	0.00420015805372	28498.0	0.0130293159609	0.00179879045253
52837	Jian Pei	3	0.0795890507842	0.00397134494642	29390.0	0.00760043431053	0.00129282203651
52888	Jianyong Wang	3	0.0682151941588	1.77028749469e-05	5696.0	0.00868621064061	0.00134665887512
52935	K. Selçuk Candan	3	0.0624885406768	0.000389935325497	6218.0	0.0108577633008	0.0012492437163
# Periodo: 2005-2007
34980	Raghu Ramakrishnan	11	0.0730450581395	0.0510945101266	511014.0	0.0223255813953	0.00318832979999
53129	Nick Koudas	11	0.0729850375494	0.0262480312695	58086.0	0.0195348837209	0.00305095423775
53587	Gerhard Weikum	10	0.0497606670575	0.0132666406825	153028.0	0.0176744186047	0.00281078766446
43875	Philip S. Yu	9	0.0716601780538	0.0311244683372	74924.0	0.0241860465116	0.00270439022343
48268	Jiawei Han	9	0.0657216357363	0.00489166515314	-218.0	0.0158139534884	0.00187238677294
53678	Wenfei Fan	7	0.0686685664458	0.0126880034156	-7620.0	0.0158139534884	0.00204559855285
3181	H. V. Jagadish	7	0.0684832619103	0.00675309041435	41306.0	0.00837209302326	0.00166868811199
53054	Surajit Chaudhuri	7	0.0560396155821	0.018379455199	179980.0	0.0102325581395	0.00175280493613
76068	Samuel Madden	6	0.0226626221773	0.000289001486871	138.0	0.0204651162791	0.00178291233856
322547	AnHai Doan	6	0.0627501170595	0.00819395724164	57706.0	0.0186046511628	0.00262739385828
53096	Elke A. Rundensteiner	6	0.0165409419582	0.000426140054567	1486.0	0.0158139534884	0.0019540883618
53109	Jeffrey Xu Yu	6	0.07186309927	0.0202622390281	61826.0	0.0223255813953	0.00265656273329
55408	Volker Markl	5	0.0796259889715	0.018598475834	12094.0	0.0251162790698	0.00273005727631
53404	Xiaolei Li	5	0.056737649759	1.47243514789e-05	6262.0	0.0102325581395	0.00125567599227
53459	Sihem Amer-Yahia	5	0.0762754750517	0.0370932665726	174390.0	0.013023255814	0.00199834542787
53470	Laks V. S. Lakshmanan	5	0.0648105003267	0.008183274869	78434.0	0.0120930232558	0.00208286382263
53637	Jennifer Widom	5	0.0869958772749	0.0474329991593	-154864.0	0.0213953488372	0.00254589390981
53744	Anthony K. H. Tung	5	0.0704104563596	0.0227471349897	-13810.0	0.0120930232558	0.00186895410459
54093	Karl Aberer	5	0.0102325581395	7.10233424278e-05	182.0	0.0120930232558	0.00206807896746
250728	Anastassia Ailamaki	5	0.0173746770026	0.000443462821013	1858.0	0.0167441860465	0.00222051482661
48221	Philip A. Bernstein	5	0.0796974344528	0.00379704316875	5646.0	0.0158139534884	0.00204218038117
322663	Vijayshankar Raman	5	0.0820913037871	0.0250603642793	53520.0	0.0120930232558	0.00154826218038
322737	Stanley B. Zdonik	5	0.0179738037958	0.000320471179247	1370.0	0.0186046511628	0.00177296801113
64903	Cong Yu	5	0.0758197103693	0.0162288706309	-49586.0	0.00558139534884	0.000878235035978
376256	Bee-Chung Chen	5	0.0635583475475	0.0231079930132	257582.0	0.0120930232558	0.00180132893092
323144	Daniel J. Abadi	5	0.0226626221773	0.000289001486871	138.0	0.0204651162791	0.00178291233856
52835	Yufei Tao	5	0.0647396433657	0.0174301459131	22448.0	0.0139534883721	0.0018448099142
52837	Jian Pei	5	0.0717180385125	0.0201523561165	19072.0	0.0158139534884	0.00206745214566
52935	K. Selçuk Candan	5	0.0149119097956	0.000218266857217	960.0	0.0111627906977	0.00142389572225
52978	Nikos Mamoulis	5	0.0499144651293	0.00597115759387	72554.0	0.0111627906977	0.00178115597087
53145	Sunil Prabhakar	5	0.0564312520316	0.00457436519279	26106.0	0.0139534883721	0.00197383700421
53193	Divyakant Agrawal	5	0.0147997901731	0.000136849854922	190.0	0.0102325581395	0.00123966745768
51198	Peter J. Haas	5	0.0747037768694	0.00926229824242	51368.0	0.0158139534884	0.0020519404202
44045	Jun'ichi Tatemura	4	0.0146893439778	6.5826512494e-05	268.0	0.0093023255814	0.00109771343901
100711	Wolfgang Lehner	4	0.0634221997127	0.00449525789269	44346.0	0.0093023255814	0.0016385010992
100728	Donald Kossmann	4	0.010480620155	9.18106621627e-05	266.0	0.0120930232558	0.00185078596911
52989	Alon Y. Halevy	4	0.082818452865	0.0414932591395	-161334.0	0.0093023255814	0.00138012675956
254491	Sebastian Michel	4	0.0444113953488	5.19682993374e-06	8000.0	0.00837209302326	0.00122396882969
53916	Dong Xin	4	0.0607750877165	0.000637992426352	5846.0	0.0093023255814	0.00110254023009
53931	Xuemin Lin	4	0.0777782755671	0.0287922698123	-13304.0	0.0148837209302	0.00176124940769
54020	Kevin Chen-Chuan Chang	4	0.073498378732	0.0192053190158	3990.0	0.0102325581395	0.00174055604062
250727	Stavros Harizopoulos	4	0.0217183462532	0.000705036594344	2862.0	0.0158139534884	0.00167418719178
250767	Andrew Witkowski	4	0.0228880475933	0.000953098609848	4136.0	0.0204651162791	0.00190782385301
54266	Dimitrios Gunopulos	4	0.0621573062965	0.00300203542506	32012.0	0.0102325581395	0.00155248333184
54438	Jeffrey F. Naughton	4	0.0625512610547	0.00440777792213	25314.0	0.0102325581395	0.0016174681893
54627	Chen Li	4	0.0655276950923	0.00150765810633	17998.0	0.00744186046512	0.00122340952707
816528	Jens-Peter Dittrich	4	0.00786046511628	1.44356387048e-05	36.0	0.00744186046512	0.00112251732586
52816	Ada Wai-Chee Fu	4	0.0695014011719	0.0133852665122	49624.0	0.0120930232558	0.00158887943556
52973	Haixun Wang	4	0.061405316763	0.00450305313759	46494.0	0.0167441860465	0.00193545276978
52993	Dan Suciu	4	0.0046511627907	1.55904898012e-05	46.0	0.00651162790698	0.00175742130571
53052	Minos N. Garofalakis	4	0.00701252236136	0.000109133428609	508.0	0.00651162790698	0.00133825825887
53214	Radu Sion	4	0.00418604651163	1.55904898012e-05	64.0	0.00558139534884	0.00112727005424
322536	Shivakumar Vaithyanathan	3	0.0623536614234	2.3818803863e-05	5698.0	0.00744186046512	0.000997196494251
44046	Wang-Pin Hsiung	3	0.0143676795111	0.0	274.0	0.00651162790698	0.00075698965663
176235	Lucian Popa	3	0.0700219083151	0.0137786640385	-41364.0	0.0093023255814	0.00123051523393
53608	George Kollios	3	0.0614477970928	0.00373132389243	2342.0	0.00837209302326	0.00118540795848
45196	Tova Milo	3	0.00372093023256	5.77425548193e-07	8.0	0.00558139534884	0.000999431251494
12535	Alfons Kemper	3	0.00982558139535	7.50653212651e-05	242.0	0.0111627906977	0.00151659177176
203196	Véronique Benzaken	3	0.00672093023256	7.33330446206e-05	386.0	0.00837209302326	0.0014321880941
53547	Ben Kao	3	0.0565390138114	0.00931387409236	99864.0	0.0120930232558	0.00163195857253
370	Sergey Melnik	3	0.0668091693852	6.64039380422e-06	5318.0	0.00651162790698	0.000942285238517
100740	Ralf Schenkel	3	0.0443892007485	2.59841496687e-06	8004.0	0.00651162790698	0.0010123591356
18876	Michael H. Böhlen	3	0.00372093023256	6.92910657832e-06	24.0	0.00558139534884	0.00130779333526
53695	Vassilis J. Tsotras	3	0.0534915933139	0.00112857823394	5774.0	0.00651162790698	0.00103891227509
84442	Jagannathan Srinivasan	3	0.00558139534884	1.55904898012e-05	48.0	0.00744186046512	0.00139481257491
53727	Per-Åke Larson	3	0.0622662395357	0.00521415270019	57492.0	0.00558139534884	0.000933446214003
55043	Eamonn J. Keogh	3	0.0595726295759	0.00300030314841	33252.0	0.00837209302326	0.00124595588045
381479	Inderpal Narang	3	0.0687216949305	0.00223463687151	5170.0	0.0111627906977	0.00126007692087
53842	Hua-Gang Li	3	0.0192977656179	0.000666926508163	3264.0	0.0139534883721	0.00138404123564
53854	Weiyi Meng	3	0.0046511627907	4.33069161145e-06	10.0	0.00651162790698	0.00124524034831
381653	Hong Su	3	0.020503875969	0.00080550863973	3808.0	0.0139534883721	0.00147992229129
174945	Renée J. Miller	3	0.0661622277078	0.0085905628543	-18216.0	0.0139534883721	0.00165568370846
43874	Charu C. Aggarwal	3	0.0612570970329	0.0	5800.0	0.0111627906977	0.00108618933264
250736	Chris Jermaine	3	0.0441574897826	0.00150881295743	25874.0	0.00651162790698	0.00132811155446
250768	Srikanth Bellamkonda	3	0.0183960008694	4.36533714434e-05	214.0	0.0148837209302	0.00134432195588
54088	Bugra Gedik	3	0.0612782274561	1.29920748344e-05	5798.0	0.0120930232558	0.00121158409991
250826	Anastasios Kementsietsidis	3	0.0652389208209	0.00790281190619	-19938.0	0.013023255814	0.00151168373719
49320	Christos Faloutsos	3	0.0537342956429	0.00558485990213	61356.0	0.00837209302326	0.0013299638539
250901	Raghav Kaushik	3	0.0556708183627	0.0028443982504	6368.0	0.00744186046512	0.00120205707907
273490	Marcos Antonio Vaz Salles	3	0.0074861572536	9.23880877109e-06	42.0	0.00651162790698	0.000961686169419
53786	Gautam Das	3	0.062070433751	1.73227664458e-06	5724.0	0.00651162790698	0.000975829927043
3182	Kenneth A. Ross	3	0.0479087328466	0.00150708068078	23980.0	0.00651162790698	0.00126316855169
251021	Jun Yang 0001	3	0.0638094760759	0.00375211121216	37702.0	0.0102325581395	0.00169455630107
83140	Catriel Beeri	3	0.00372093023256	5.77425548193e-07	8.0	0.00558139534884	0.000999431251494
323152	Anat Eyal	3	0.00372093023256	5.77425548193e-07	8.0	0.00558139534884	0.000999431251494
54825	Douglas Burdick	3	0.0623536614234	2.3818803863e-05	5698.0	0.00744186046512	0.000997196494251
54607	Peter A. Boncz	3	0.00768106312292	9.52752154519e-05	434.0	0.0102325581395	0.00165626367332
193922	Ioana Manolescu	3	0.00814658210007	0.000121836790669	588.0	0.00651162790698	0.00105368103208
322964	Raghunath Othayoth Nambiar	3	0.00279069767442	3.46455328916e-06	14.0	0.0046511627907	0.00120477307021
193942	Jayavel Shanmugasundaram	3	0.0646689411705	0.00670391061453	62554.0	0.0111627906977	0.00153502403808
54788	S. Sudarshan	3	0.0120030007502	0.000200944090771	766.0	0.0111627906977	0.00177884054831
323084	Laura Chiticariu	3	0.0599951304949	0.00150708068078	19498.0	0.00651162790698	0.0009990041121
323111	Jingren Zhou	3	0.054193282915	0.00374171755229	45314.0	0.00651162790698	0.00119004699817
52783	Christian S. Jensen	3	0.0795903142452	0.00225888874453	20450.0	0.013023255814	0.00167392384321
250804	Shivnath Babu	3	0.0742976082791	0.00225888874453	21722.0	0.00744186046512	0.00120303328885
52796	Hongjun Lu	3	0.0772036425012	0.0206874783411	-6382.0	0.0120930232558	0.00138698780443
165474	Murali Mani	3	0.0157469767442	6.40942358495e-05	250.0	0.0102325581395	0.00118315269862
52836	Xiaokui Xiao	3	0.0621790624415	0.00332704801875	5714.0	0.00837209302326	0.00106574690206
48837	Xifeng Yan	3	0.071001431413	0.0173959773675	-24306.0	0.0102325581395	0.00124616267901
52990	Zachary G. Ives	3	0.0843120936855	0.0228518847851	-18580.0	0.0148837209302	0.00182283733896
53051	Graham Cormode	3	0.00628708901363	7.79524490061e-05	412.0	0.0046511627907	0.000905755170478
48987	David J. DeWitt	3	0.0825874390494	0.0496002152972	500958.0	0.0139534883721	0.00170251095628
53224	Songting Chen	3	0.0143676795111	0.0	274.0	0.00651162790698	0.00075698965663
53131	Divesh Srivastava	3	0.0681417650155	0.000214555523247	5214.0	0.00651162790698	0.00097625998208
49038	Clement T. Yu	3	0.0046511627907	4.33069161145e-06	10.0	0.00651162790698	0.00124524034831
135059	Sankar Subramanian	3	0.0183960008694	4.36533714434e-05	214.0	0.0148837209302	0.00134432195588
53143	Reynold Cheng	3	0.0563417638425	0.000851702683585	6306.0	0.0093023255814	0.00123423763193
