# Periodo: 1984-1988
45943	C. E. Veni Madhavan	5	0.017316017316	0.000150574063618	24.0	0.025974025974	0.0060654552963
74804	Christos Levcopoulos	3	0.00577200577201	0.0	6.0	0.012987012987	0.00377548452051
116853	Vishv M. Malhotra	3	0.0194805194805	0.000414078674948	72.0	0.025974025974	0.00630441841612
74486	Sartaj Sahni	3	0.012987012987	0.000112930547713	18.0	0.021645021645	0.00657660860292
77625	V. S. Lakshmanan	3	0.011544011544	0.0	12.0	0.017316017316	0.00387156721041
51599	I. V. Ramakrishnan	3	0.017316017316	0.000150574063618	24.0	0.025974025974	0.0060654552963
115708	Deepak Kapur	3	0.0265151515152	0.000489365706757	72.0	0.034632034632	0.00699499449724
66221	Kamala Krithivasan	2	0.004329004329	0.0	2.0	0.012987012987	0.00431034482759
38996	Ramaswamy Ramanujam	2	0.004329004329	0.0	2.0	0.012987012987	0.00431034482759
3685	Lalit M. Patnaik	2	0.00865800865801	3.76435159044e-05	8.0	0.017316017316	0.00538006544173
36029	Subir Kumar Ghosh	2	0.0	0.0	0.0	0.00865800865801	0.00431034482759
1732	Sanjeev Kumar	2	0.017316017316	0.000301148127235	62.0	0.021645021645	0.0050308380718
28357	Ravi Kannan	2	0.004329004329	0.0	2.0	0.012987012987	0.00431034482759
296057	G. P. Bhattacharjee	2	0.00865800865801	3.76435159044e-05	8.0	0.017316017316	0.00538006544173
79582	Mandayam K. Srivas	2	0.0192837465565	0.000225861095426	54.0	0.021645021645	0.0046946231444
28915	László Lovász	2	0.004329004329	0.0	2.0	0.012987012987	0.00431034482759
116480	Stathis Zachos	2	0.004329004329	0.0	2.0	0.012987012987	0.00431034482759
32542	Vipin Kumar	2	0.00865800865801	3.76435159044e-05	8.0	0.017316017316	0.00538006544173
115507	Paliath Narendran	2	0.0192837465565	3.76435159044e-05	22.0	0.025974025974	0.00501156401924
429907	Gael N. Buckley	2	0.00865800865801	3.76435159044e-05	8.0	0.017316017316	0.00538006544173
77711	T. S. E. Maibaum	2	0.012987012987	1.88217579522e-05	6.0	0.021645021645	0.00484520513466
79210	Bhargab B. Bhattacharya	2	0.017316017316	0.000112930547713	20.0	0.025974025974	0.00557862780584
84339	S. N. Maheshwari	2	0.00865800865801	3.76435159044e-05	8.0	0.017316017316	0.00538006544173
# Periodo: 1989-1993
173644	Madhavan Mukund	3	0.0106761565836	7.62582613116e-05	18.0	0.017793594306	0.00541054324779
54795	Jean-Eric Pin	2	0.0142348754448	0.000101677681749	24.0	0.0213523131673	0.00499001996008
116739	Lane A. Hemachandra	2	0.0134136326307	0.000254194204372	90.0	0.017793594306	0.00403022585504
61472	John Case	2	0.0145314353499	0.000254194204372	84.0	0.0213523131673	0.00479359196629
61474	Sanjay Jain	2	0.0158524749272	0.000305033045247	98.0	0.017793594306	0.0038887837279
74804	Christos Levcopoulos	2	0.0106761565836	0.0	6.0	0.017793594306	0.00354609929078
74813	H. Narayanan	2	0.00355871886121	0.0	2.0	0.0106761565836	0.00354609929078
47690	Louise E. Moser	2	0.0142348754448	0.0	8.0	0.0213523131673	0.00354609929078
47691	P. M. Melliar-Smith	2	0.0142348754448	0.0	8.0	0.0213523131673	0.00354609929078
153705	Subrata Mitra	2	0.00948991696323	7.62582613116e-05	28.0	0.0142348754448	0.00369289582634
60021	Sachin B. Patkar	2	0.00355871886121	0.0	2.0	0.0106761565836	0.00354609929078
20121	Stephan Olariu	2	0.00711743772242	2.54194204372e-05	8.0	0.0142348754448	0.00442615312937
154786	G. Sivakumar	2	0.0113879003559	0.000101677681749	30.0	0.017793594306	0.00446182810287
22190	Tao Jiang	2	0.0142348754448	0.000101677681749	24.0	0.0213523131673	0.00499001996008
156734	V. Vinay	2	0.00355871886121	0.0	2.0	0.0106761565836	0.00354609929078
119003	Rajeev Raman	2	0.00711743772242	0.0	4.0	0.0142348754448	0.00354609929078
44837	Andrzej Lingas	2	0.0106761565836	0.0	6.0	0.017793594306	0.00354609929078
34092	Laura K. Dillon	2	0.0142348754448	0.0	8.0	0.0213523131673	0.00354609929078
46420	Binay K. Bhattacharya	2	0.00711743772242	0.0	4.0	0.0142348754448	0.00354609929078
36002	Kurt Mehlhorn	2	0.0106761565836	0.0	6.0	0.017793594306	0.00354609929078
45943	C. E. Veni Madhavan	2	0.017793594306	0.000101677681749	26.0	0.0249110320285	0.00454147690618
116269	Bala Ravikumar	2	0.00948991696323	0.0	12.0	0.0142348754448	0.00318511912346
116097	J. Ian Munro	2	0.00355871886121	0.0	2.0	0.0106761565836	0.00354609929078
15309	Akhilesh Tyagi	2	0.00355871886121	0.0	2.0	0.0106761565836	0.00354609929078
176104	Y. S. Ramakrishna	2	0.0142348754448	0.0	8.0	0.0213523131673	0.00354609929078
176105	G. Kutty	2	0.0142348754448	0.0	8.0	0.0213523131673	0.00354609929078
66035	Venkatesh Raman	2	0.00355871886121	0.0	2.0	0.0106761565836	0.00354609929078
38908	Wolfgang Reif	2	0.00355871886121	0.0	2.0	0.0106761565836	0.00354609929078
# Periodo: 1994-1998
74804	Christos Levcopoulos	4	0.0132450331126	0.000110008580669	28.0	0.0198675496689	0.00525897184313
115708	Deepak Kapur	3	0.00662251655629	2.20017161339e-05	8.0	0.0132450331126	0.00411939004119
175652	Sanjiv Kapoor	2	0.0147501505117	0.000132010296803	54.0	0.0165562913907	0.00342820379385
27313	Christian Prehofer	2	0.0198675496689	0.000176013729071	44.0	0.0264900662252	0.00475241634006
53978	P. P. Chakrabarti	2	0.00662251655629	0.0	4.0	0.0132450331126	0.003300330033
173645	K. Narayan Kumar	2	0.0147501505117	0.000220017161339	84.0	0.0165562913907	0.00361210043976
38996	Ramaswamy Ramanujam	2	0.00331125827815	0.0	2.0	0.00993377483444	0.003300330033
49792	Rance Cleaveland	2	0.0162251655629	0.000264020593606	86.0	0.023178807947	0.00475860020775
74888	Luca Trevisan	2	0.00662251655629	2.20017161339e-05	8.0	0.0132450331126	0.00411939004119
54463	Pallab Dasgupta	2	0.00662251655629	0.0	4.0	0.0132450331126	0.003300330033
147142	Paritosh K. Pandya	2	0.0108167770419	0.000132010296803	70.0	0.0132450331126	0.00321052876259
28876	Samir Khuller	2	0.0132450331126	6.60051484016e-05	20.0	0.0198675496689	0.00427142459059
82665	Subhas C. Nandy	2	0.00993377483444	4.40034322677e-05	14.0	0.0165562913907	0.00427833605132
74803	Joachim Gudmundsson	2	0.00756859035005	0.0	14.0	0.00993377483444	0.00241578211875
34109	Vijay K. Garg	2	0.00662251655629	2.20017161339e-05	8.0	0.0132450331126	0.00411939004119
156734	V. Vinay	2	0.00662251655629	2.20017161339e-05	8.0	0.0132450331126	0.00411939004119
628090	Ulrich Hannemann	2	0.0132450331126	2.20017161339e-05	8.0	0.0198675496689	0.00385257503853
116097	J. Ian Munro	2	0.00745033112583	0.0	8.0	0.0132450331126	0.00324045211351
100161	Willem P. de Roever	2	0.0132450331126	2.20017161339e-05	8.0	0.0198675496689	0.00385257503853
12682	Michiel H. M. Smid	2	0.0202814569536	0.000264020593606	72.0	0.0264900662252	0.00481940440418
100256	Tobias Nipkow	2	0.0149006622517	0.0	16.0	0.0198675496689	0.00335040197341
115633	Srinivasa Rao Arikati	2	0.00993377483444	4.40034322677e-05	14.0	0.0165562913907	0.00427833605132
66035	Venkatesh Raman	2	0.00993377483444	4.40034322677e-05	14.0	0.0165562913907	0.00427833605132
50114	S. C. De Sarkar	2	0.00662251655629	0.0	4.0	0.0132450331126	0.003300330033
105971	Mahadevan Subramaniam	2	0.00441501103753	0.0	6.0	0.00993377483444	0.00289080002891
55294	Peter J. Varman	2	0.00662251655629	2.20017161339e-05	8.0	0.0132450331126	0.00411939004119
73472	Toru Fujiwara	1	0.00662251655629	0.0	4.0	0.0132450331126	0.003300330033
66566	Vijay Raghavan	1	0.00331125827815	0.0	2.0	0.00993377483444	0.003300330033
100359	Dang Van Hung	1	0.00331125827815	0.0	2.0	0.00993377483444	0.003300330033
115208	Martin Hühne	1	0.00331125827815	0.0	2.0	0.00993377483444	0.003300330033
# Periodo: 1999-2003
51338	Amir Pnueli	4	0.0204678362573	0.000308689612595	86.0	0.0263157894737	0.00621546993019
116429	Sandeep Sen	3	0.0146198830409	0.000137195383375	42.0	0.0204678362573	0.00497064823311
115046	Igor Walukiewicz	3	0.00877192982456	3.42988458438e-05	14.0	0.0146198830409	0.00377940473339
57956	Jaikumar Radhakrishnan	3	0.0146198830409	0.000111471248992	34.0	0.0204678362573	0.00453076132664
117581	Thomas Wilke	3	0.00913742690058	6.85976916877e-05	38.0	0.0116959064327	0.00275303448451
116578	Zoltán Ésik	3	0.00877192982456	5.14482687658e-05	18.0	0.0146198830409	0.00444831835532
151597	Christian Schindelhauer	2	0.00292397660819	0.0	2.0	0.00877192982456	0.00291545189504
122935	François Fages	2	0.00877192982456	3.42988458438e-05	14.0	0.0146198830409	0.00377940473339
110	Sebastian Maneth	2	0.0	0.0	0.0	0.00584795321637	0.00291545189504
67809	Bernhard Heinemann	2	0.0	0.0	0.0	0.00584795321637	0.00291545189504
123131	Luc Maranget	2	0.0131578947368	8.57471146096e-05	40.0	0.0175438596491	0.00368754763738
12682	Michiel H. M. Smid	2	0.0175438596491	0.000137195383375	44.0	0.0233918128655	0.00419819871046
29123	Alberto Marchetti-Spaccamela	2	0.0116959064327	6.85976916877e-05	24.0	0.0175438596491	0.004102582008
174718	P. Madhusudan	2	0.0093567251462	5.14482687658e-05	24.0	0.0146198830409	0.00373510480985
115608	Christof Löding	2	0.00292397660819	0.0	2.0	0.00877192982456	0.00291545189504
115639	Holger Spakowski	2	0.00877192982456	3.42988458438e-05	14.0	0.0146198830409	0.00377940473339
115657	Manindra Agrawal	2	0.0	0.0	0.0	0.00584795321637	0.00291545189504
507079	Bharat Adsul	2	0.00779727095517	0.0	12.0	0.0116959064327	0.00261866936681
156873	Aranyak Mehta	2	0.0116959064327	6.85976916877e-05	24.0	0.0175438596491	0.004102582008
44254	Ralf Küsters	2	0.0121832358674	0.000102896537532	42.0	0.0175438596491	0.00374065877407
173291	P. S. Thiagarajan	2	0.0093567251462	6.85976916877e-05	30.0	0.0146198830409	0.00366832491024
118026	Milind A. Sohoni	2	0.00779727095517	0.0	12.0	0.0116959064327	0.00261866936681
107794	Andreas Jakoby	2	0.00292397660819	0.0	2.0	0.00877192982456	0.00291545189504
116035	Johannes Köbler	2	0.00584795321637	1.71494229219e-05	8.0	0.0116959064327	0.00363899470111
173644	Madhavan Mukund	2	0.00668337510443	0.0	14.0	0.0116959064327	0.00280808448332
118439	Supratik Mukhopadhyay	2	0.0093567251462	5.14482687658e-05	24.0	0.0146198830409	0.00373510480985
52923	S. Muthukrishnan	2	0.00877192982456	3.42988458438e-05	14.0	0.0146198830409	0.00377940473339
38678	Vladimiro Sassone	2	0.0146198830409	0.000102896537532	34.0	0.0204678362573	0.00419463891029
38788	Deepak D'Souza	2	0.00779727095517	5.14482687658e-05	28.0	0.0116959064327	0.00303614230345
38895	Cédric Fournet	2	0.015037593985	0.000137195383375	50.0	0.0204678362573	0.00426249621702
249829	Pranab Sen	2	0.0104427736007	8.57471146096e-06	14.0	0.0146198830409	0.00311953164256
118791	Olivier Serre	1	0.00657894736842	0.0	8.0	0.0116959064327	0.00286255682329
12301	Zhenrong Yang	1	0.00292397660819	0.0	2.0	0.00877192982456	0.00291545189504
15	Klaus Jansen	1	0.0116959064327	0.0	8.0	0.0175438596491	0.00291545189504
# Periodo: 2004-2008
117776	Krishnendu Chatterjee	4	0.00970873786408	3.54333498689e-05	20.0	0.0145631067961	0.00313375702409
116670	Patricia Bouyer	4	0.0324360105914	0.00162993409397	666.0	0.0291262135922	0.0043122850517
12336	Jan Strejcek	3	0.0173370319001	0.000248033449082	136.0	0.0194174757282	0.0037222532809
116801	Paul Gastin	3	0.0132146709817	0.000147638957787	78.0	0.0169902912621	0.00362796574722
66036	Saket Saurabh	3	0.0178729037952	0.000183072307656	86.0	0.0218446601942	0.00395999724301
115353	Ahmed Bouajjani	3	0.0173370319001	0.000271655682328	144.0	0.0194174757282	0.00403489615455
27538	Amit Kumar	3	0.0145631067961	0.000129922282853	56.0	0.0194174757282	0.00419062285279
36039	Fedor V. Fomin	3	0.0178729037952	0.000183072307656	86.0	0.0218446601942	0.00395999724301
26512	Samir Datta	3	0.0121359223301	9.44889329837e-05	42.0	0.0169902912621	0.00412816548173
28110	Anand Srivastav	3	0.0121359223301	4.72444664919e-05	26.0	0.0169902912621	0.00310096001826
173644	Madhavan Mukund	3	0.0141218005296	0.000188977865967	110.0	0.0169902912621	0.00343505174116
278145	Ramesh Hariharan	3	0.0119492158327	0.000141733399476	94.0	0.0145631067961	0.00307272556801
26499	Aduri Pavan	3	0.00970873786408	4.72444664919e-05	24.0	0.0145631067961	0.00340722912528
174080	Georg Moser	2	0.00728155339806	2.36222332459e-05	14.0	0.0121359223301	0.00313882765993
12334	Vojtech Rehák	2	0.0115580212668	0.0	42.0	0.0121359223301	0.00224878349228
278615	Fabrice Chevalier	2	0.023269311946	0.00063780029764	488.0	0.0145631067961	0.00260002707563
108652	Mojmír Kretínský	2	0.0115580212668	0.0	42.0	0.0121359223301	0.00224878349228
123022	Kim Guldstrand Larsen	2	0.023786407767	7.08666997378e-05	90.0	0.0169902912621	0.00257339090786
100495	Franck Cassez	2	0.0248927523143	0.000803155930362	534.0	0.0218446601942	0.00331468353766
250053	Nitish Korula	2	0.00242718446602	0.0	2.0	0.00728155339806	0.00242130750605
149809	Sanjeev Khanna	2	0.00970873786408	4.72444664919e-05	24.0	0.0145631067961	0.00340722912528
115001	Javier Esparza	2	0.0151699029126	0.000106300049607	80.0	0.0145631067961	0.00292458338396
67981	Anuj Dawar	2	0.00728155339806	2.36222332459e-05	14.0	0.0121359223301	0.00313882765993
115085	Antonín Kucera	2	0.00485436893204	1.1811116623e-05	8.0	0.00970873786408	0.00302221593821
12700	Mark de Berg	2	0.00242718446602	0.0	2.0	0.00728155339806	0.00242130750605
68062	Olaf Beyersdorff	2	0.0	0.0	0.0	0.00485436893204	0.00242130750605
115189	Chandra Chekuri	2	0.00242718446602	0.0	2.0	0.00728155339806	0.00242130750605
174718	P. Madhusudan	2	0.00970873786408	4.72444664919e-05	24.0	0.0145631067961	0.00340722912528
110	Sebastian Maneth	2	0.00485436893204	1.1811116623e-05	8.0	0.00970873786408	0.00302221593821
115352	Marc Zeitoun	2	0.00914861837192	5.90555831148e-06	26.0	0.0121359223301	0.00253556682203
27356	Christel Baier	2	0.0254854368932	0.000377955731935	84.0	0.0242718446602	0.00327793282375
66357	Henning Fernau	2	0.00970873786408	5.90555831148e-05	44.0	0.0121359223301	0.0026893349578
28815	Sariel Har-Peled	2	0.0	0.0	0.0	0.00485436893204	0.00242130750605
156594	Christian Glaßer	2	0.0121359223301	2.36222332459e-05	10.0	0.0169902912621	0.00302221593821
156595	Stephen D. Travers	2	0.0121359223301	2.36222332459e-05	10.0	0.0169902912621	0.00302221593821
157180	Martin Hofmann	2	0.00728155339806	2.36222332459e-05	14.0	0.0121359223301	0.00313882765993
115697	Florian Horn	2	0.00242718446602	0.0	2.0	0.00728155339806	0.00242130750605
156734	V. Vinay	2	0.010355987055	0.0	30.0	0.00970873786408	0.00191468623939
36020	Telikepalli Kavitha	2	0.0	0.0	0.0	0.00485436893204	0.00242130750605
48313	Benedikt Bollig	2	0.0118932038835	0.00011811116623	72.0	0.0145631067961	0.00314328125163
507079	Bharat Adsul	2	0.0110957004161	8.26778163608e-05	68.0	0.0145631067961	0.00301784162147
# Periodo: 2009-2013
116419	Nicolas Markey	4	0.027950310559	0.000377314680443	74.0	0.0341614906832	0.0058826931287
66036	Saket Saurabh	4	0.0460087416609	0.00079655321427	18.0	0.0465838509317	0.0053607966855
335894	Yogish Sabharwal	3	0.0186335403727	0.000174145237128	44.0	0.0248447204969	0.0049793036898
108641	Tomás Brázdil	3	0.0248447204969	0.000386989415839	96.0	0.0310559006211	0.0058224273928
28806	Rohit Khandekar	3	0.0310559006211	0.000599833594551	144.0	0.0372670807453	0.00605513690793
36039	Fedor V. Fomin	3	0.0414078674948	0.000464387299007	36.0	0.0372670807453	0.00440139844178
115593	Jayalal M. N. Sarma	3	0.0186335403727	0.000212844178712	56.0	0.0248447204969	0.00535828866662
77218	Daniel Lokshtanov	3	0.0400721298337	0.000487606663958	46.0	0.0341614906832	0.00405451257747
116670	Patricia Bouyer	3	0.0228684359119	0.000106422089356	22.0	0.027950310559	0.00462152169287
173061	Jacques Duparc	2	0.00931677018634	0.0	6.0	0.0155279503106	0.0030959752322
38442	Steve Kremer	2	0.00931677018634	9.67473539599e-06	6.0	0.0155279503106	0.0034801473413
377929	Filip Murlak	2	0.00931677018634	0.0	6.0	0.0155279503106	0.0030959752322
118201	Stéphane Demri	2	0.0186335403727	0.000174145237128	48.0	0.0248447204969	0.00464649637958
123070	Axel Legay	2	0.0124223602484	7.73978831679e-05	24.0	0.0186335403727	0.00435661185369
74985	Venkatesan T. Chakaravarthy	2	0.0139751552795	1.9349470792e-05	16.0	0.0186335403727	0.0035813465793
36115	Christophe Paul	2	0.0400721298337	0.000316041356269	46.0	0.0341614906832	0.00399980148974
57110	Avner Magen	2	0.0124223602484	1.9349470792e-05	8.0	0.0186335403727	0.00361402550054
11705	Sven Schewe	2	0.00931677018634	0.0	6.0	0.0155279503106	0.0030959752322
57646	Stéphan Thomassé	2	0.0443655723159	0.000725605154699	8.0	0.0434782608696	0.00479905666667
174394	Geevarghese Philip	2	0.0302984396304	6.12733241746e-05	80.0	0.0217391304348	0.00280333199763
156894	Fabian Wagner	2	0.0155279503106	0.000116096824752	34.0	0.0217391304348	0.00445436887224
116533	Frances A. Rosamond	2	0.0388198757764	0.000236063543662	64.0	0.0341614906832	0.003806353959
176449	Blaise Genest	2	0.00931677018634	3.86989415839e-05	14.0	0.0155279503106	0.00401342360233
67981	Anuj Dawar	2	0.00310559006211	0.0	2.0	0.00931677018634	0.0030959752322
156728	Konstantinos Georgiou	2	0.0124223602484	1.9349470792e-05	8.0	0.0186335403727	0.00361402550054
66362	Moshe Y. Vardi	2	0.00621118012422	0.0	4.0	0.0124223602484	0.0030959752322
26471	Michael R. Fellows	2	0.0388198757764	0.000236063543662	64.0	0.0341614906832	0.003806353959
26473	Vikraman Arvind	2	0.0155279503106	0.000116096824752	34.0	0.0217391304348	0.00445436887224
338287	Alessandro Facchini	2	0.00931677018634	0.0	6.0	0.0155279503106	0.0030959752322
38441	Stéphanie Delaune	2	0.00931677018634	9.67473539599e-06	6.0	0.0155279503106	0.0034801473413
131055	Kamal Lodaya	2	0.00621118012422	1.9349470792e-05	8.0	0.0124223602484	0.00386431945041
176197	Mohamed Faouzi Atig	2	0.00310559006211	0.0	2.0	0.00931677018634	0.0030959752322
