# Periodo: 1987-1990
233	Peter H. Schmitt	4	0.0789473684211	0.00698649278062	0.0877192982456	0.0145308640985
67125	Ewald Speckenmeyer	3	0.00877192982456	0.0	0.0263157894737	0.00869565217391
68160	Klaus Ambos-Spies	3	0.0350877192982	0.000776276975625	0.0526315789474	0.0138562475519
122962	Robert F. Stärk	3	0.0	0.0	0.0175438596491	0.00869565217391
51819	Yuri Gurevich	3	0.0263157894737	0.000465766185375	0.0438596491228	0.0132675930076
194	Egon Börger	3	0.0505263157895	0.00170780934637	0.0350877192982	0.00717755783048
116998	Lutz Priese	3	0.0175438596491	0.000155255395125	0.0350877192982	0.010853697239
62788	Olga Stepánková	3	0.0175438596491	0.0	0.0350877192982	0.00869565217391
123291	Petr Stepánek	3	0.0175438596491	0.0	0.0350877192982	0.00869565217391
66467	Hans Kleine Büning	3	0.0631578947368	0.003726129483	0.0614035087719	0.0116976000847
65967	Marek Karpinski	3	0.0574162679426	0.0006210215805	0.0438596491228	0.0078248577946
# Periodo: 1991-1994
67973	Erich Grädel	4	0.0270562770563	0.000594177064765	0.038961038961	0.0101936897879
67628	Iain A. Stewart	3	0.0	0.0	0.012987012987	0.00645161290323
68265	Matthias Baaz	3	0.012987012987	8.48824378236e-05	0.025974025974	0.00805274311279
122919	Mario Rodríguez-Artalejo	3	0.025974025974	0.000339529751294	0.038961038961	0.00907861695963
13866	Johann A. Makowsky	2	0.012987012987	8.48824378236e-05	0.025974025974	0.00805274311279
599605	Anders Malmström	2	0.0162337662338	0.0	0.0194805194805	0.0046968174955
122953	Juan Carlos González Moreno	2	0.017316017316	0.0	0.025974025974	0.00579486188912
122954	Maria Teresa Hortalá-González	2	0.017316017316	0.0	0.025974025974	0.00579486188912
51819	Yuri Gurevich	2	0.00649350649351	0.0	0.0194805194805	0.00645161290323
175768	James K. Huggins	2	0.00649350649351	0.0	0.0194805194805	0.00645161290323
172932	Yoram Hirshfeld	2	0.0	0.0	0.012987012987	0.00645161290323
57011	Kevin J. Compton	2	0.0231910946197	0.000339529751294	0.0324675324675	0.00820547394334
116510	Dexter Kozen	2	0.0194805194805	0.0	0.0324675324675	0.00645161290323
175883	Richard Zach	2	0.00865800865801	0.0	0.0194805194805	0.00565104779845
60	Clemens Lautemann	2	0.012987012987	0.0	0.025974025974	0.00645161290323
# Periodo: 1992-1995
68265	Matthias Baaz	4	0.0192771084337	0.000219058050383	0.0301204819277	0.00767150269311
51819	Yuri Gurevich	3	0.00602409638554	0.0	0.0180722891566	0.0059880239521
175768	James K. Huggins	3	0.00602409638554	0.0	0.0180722891566	0.0059880239521
175883	Richard Zach	3	0.0160642570281	0.0	0.0240963855422	0.00580268684201
67973	Erich Grädel	3	0.0251004016064	0.000511135450894	0.0361445783133	0.00946120908462
67628	Iain A. Stewart	2	0.0	0.0	0.0120481927711	0.0059880239521
599605	Anders Malmström	2	0.0150602409639	0.0	0.0180722891566	0.00435932162756
60	Clemens Lautemann	2	0.0120481927711	0.0	0.0240963855422	0.0059880239521
175166	Alexander Leitsch	2	0.0192771084337	0.000219058050383	0.0301204819277	0.00767150269311
57011	Kevin J. Compton	2	0.0215146299484	0.000292077400511	0.0301204819277	0.00761585904921
116510	Dexter Kozen	2	0.0180722891566	0.0	0.0301204819277	0.0059880239521
122919	Mario Rodríguez-Artalejo	2	0.0240963855422	0.000292077400511	0.0361445783133	0.00842626124996
279	Bernhard Beckert	2	0.0120481927711	7.30193501278e-05	0.0240963855422	0.00747410288911
189265	Etienne Grandjean	2	0.00602409638554	0.0	0.0180722891566	0.0059880239521
11703	Eike Ritter	2	0.00602409638554	0.0	0.0180722891566	0.0059880239521
68041	Steven Lindell	2	0.0240963855422	0.000292077400511	0.0361445783133	0.00842626124996
# Periodo: 1996-1999
61	Thomas Schwentick	2	0.0	0.0	0.0104712041885	0.00520833333333
116801	Paul Gastin	2	0.0104712041885	5.5111600992e-05	0.020942408377	0.00650091240876
36025	Mihalis Yannakakis	2	0.0157068062827	0.000110223201984	0.0261780104712	0.00675174908189
38760	Gilles Barthe	2	0.00523560209424	0.0	0.0157068062827	0.00520833333333
17522	Detlef Seese	2	0.00523560209424	0.0	0.0157068062827	0.00520833333333
68265	Matthias Baaz	2	0.0104712041885	5.5111600992e-05	0.020942408377	0.00650091240876
174285	Thorsten Altenkirch	2	0.00523560209424	0.0	0.0157068062827	0.00520833333333
100558	Gordon D. Plotkin	2	0.020942408377	0.000165334802976	0.0314136125654	0.00674084193689
59640	Richard Statman	2	0.0	0.0	0.0104712041885	0.00520833333333
116991	Aart Middeldorp	2	0.0157068062827	0.0	0.0261780104712	0.00520833333333
116512	Paul J. Voda	2	0.00523560209424	0.0	0.0157068062827	0.00520833333333
115001	Javier Esparza	2	0.018698578908	0.000220446403968	0.0261780104712	0.0062321540449
149852	Vincent Danos	2	0.020942408377	5.5111600992e-05	0.0314136125654	0.00607984498267
198376	Luca Roversi	2	0.0	0.0	0.0104712041885	0.00520833333333
1083261	Elena Pezzoli	2	0.0	0.0	0.0104712041885	0.00520833333333
60286	Martin Grohe	2	0.0	0.0	0.0104712041885	0.00520833333333
904080	Martin Kreidler	2	0.00523560209424	0.0	0.0157068062827	0.00520833333333
122784	Andreas Podelski	2	0.021815008726	0.000330669605952	0.0314136125654	0.00732614166087
173010	Laurent Regnier	2	0.020942408377	5.5111600992e-05	0.0314136125654	0.00607984498267
# Periodo: 1997-2000
36025	Mihalis Yannakakis	2	0.0150753768844	0.000101517689457	0.0251256281407	0.00648167911862
13866	Johann A. Makowsky	2	0.00502512562814	0.0	0.0150753768844	0.005
61	Thomas Schwentick	2	0.0	0.0	0.0100502512563	0.005
116801	Paul Gastin	2	0.0100502512563	5.07588447287e-05	0.0201005025126	0.00624087591241
173127	John Power	2	0.0100502512563	5.07588447287e-05	0.0201005025126	0.00624087591241
122978	Jürgen Giesl	2	0.0150753768844	0.000101517689457	0.0251256281407	0.00648167911862
51819	Yuri Gurevich	2	0.00502512562814	0.0	0.0150753768844	0.005
173719	C.-H. Luke Ong	2	0.0150753768844	0.000101517689457	0.0251256281407	0.00648167911862
68265	Matthias Baaz	2	0.0100502512563	5.07588447287e-05	0.0201005025126	0.00624087591241
174285	Thorsten Altenkirch	2	0.00502512562814	0.0	0.0150753768844	0.005
116991	Aart Middeldorp	2	0.0113065326633	0.0	0.0201005025126	0.00490928494986
116512	Paul J. Voda	2	0.00502512562814	0.0	0.0150753768844	0.005
115001	Javier Esparza	2	0.0179468772434	0.000203035378915	0.0251256281407	0.0059828678831
173387	Julian C. Bradfield	2	0.0	0.0	0.0100502512563	0.005
149852	Vincent Danos	2	0.0201005025126	0.000152276534186	0.0301507537688	0.00647120825941
59241	Andreas Blass	2	0.00502512562814	0.0	0.0150753768844	0.005
67645	Thierry Coquand	2	0.0100502512563	5.07588447287e-05	0.0201005025126	0.00624087591241
1083261	Elena Pezzoli	2	0.0	0.0	0.0100502512563	0.005
60286	Martin Grohe	2	0.0	0.0	0.0100502512563	0.005
172966	Hubert Comon	2	0.0100502512563	5.07588447287e-05	0.0201005025126	0.00624087591241
# Periodo: 2001-2004
38472	Jean Goubault-Larrecq	4	0.0119521912351	0.0	0.0199203187251	0.00396825396825
174080	Georg Moser	3	0.00796812749004	3.18725099602e-05	0.0159362549801	0.00495307612096
100215	Lutz Schröder	3	0.0	0.0	0.00796812749004	0.00396825396825
68181	Margarita V. Korovina	3	0.00796812749004	3.18725099602e-05	0.0159362549801	0.00495307612096
122995	Max I. Kanovich	3	0.00398406374502	0.0	0.0119521912351	0.00396825396825
123060	Nicolai Vorobjov	3	0.00531208499336	0.0	0.0119521912351	0.0034758428919
12567	David Nowak	3	0.0119521912351	0.0	0.0199203187251	0.00396825396825
116030	Marcin Jurdzinski	3	0.0159362549801	6.37450199203e-05	0.0239043824701	0.00505788264678
256	Manfred Schmidt-Schauß	2	0.00398406374502	0.0	0.0119521912351	0.00396825396825
173061	Jacques Duparc	2	0.00796812749004	0.0	0.0159362549801	0.00396825396825
117776	Krishnendu Chatterjee	2	0.0127490039841	1.59362549801e-05	0.0199203187251	0.00413521320125
156720	Stephan Kreutzer	2	0.0124501992032	0.0	0.0159362549801	0.00356255333381
14900	Yu Zhang	2	0.0119521912351	0.0	0.0199203187251	0.00396825396825
62	Heribert Vollmer	2	0.0159362549801	9.56175298805e-05	0.0239043824701	0.00513587956816
12357	Ralph Matthes	2	0.00398406374502	0.0	0.0119521912351	0.00396825396825
173126	Martin Hyland	2	0.00398406374502	0.0	0.0119521912351	0.00396825396825
115786	Slawomir Lasota	2	0.0119521912351	0.0	0.0199203187251	0.00396825396825
174260	Yukiyoshi Kameyama	2	0.0119521912351	0.0	0.0199203187251	0.00396825396825
47215	Helmut Veith	2	0.00398406374502	0.0	0.0119521912351	0.00396825396825
67733	Yijia Chen	2	0.00796812749004	3.18725099602e-05	0.0159362549801	0.00495307612096
115353	Ahmed Bouajjani	2	0.00796812749004	0.0	0.0159362549801	0.00396825396825
176283	David Richerby	2	0.00905469032959	0.0	0.0119521912351	0.00279000619358
68265	Matthias Baaz	2	0.00531208499336	0.0	0.0119521912351	0.0034758428919
173284	Yohji Akama	2	0.00398406374502	0.0	0.0119521912351	0.00396825396825
60286	Martin Grohe	2	0.00796812749004	3.18725099602e-05	0.0159362549801	0.00495307612096
# Periodo: 2002-2005
173061	Jacques Duparc	3	0.0164041994751	0.000186735551337	0.0236220472441	0.0055161541565
38472	Jean Goubault-Larrecq	3	0.011811023622	0.0	0.0196850393701	0.00392156862745
123060	Nicolai Vorobjov	3	0.00393700787402	0.0	0.011811023622	0.00392156862745
176257	Claudia Faggian	3	0.00787401574803	3.11225918895e-05	0.0157480314961	0.00489480463718
12567	David Nowak	3	0.011811023622	0.0	0.0196850393701	0.00392156862745
116030	Marcin Jurdzinski	3	0.0157480314961	6.22451837789e-05	0.0236220472441	0.00499837814506
173387	Julian C. Bradfield	3	0.0140607424072	0.000124490367558	0.0196850393701	0.0046924444272
174080	Georg Moser	2	0.00787401574803	3.11225918895e-05	0.0157480314961	0.00489480463718
67599	Bakhadyr Khoussainov	2	0.00393700787402	0.0	0.011811023622	0.00392156862745
117776	Krishnendu Chatterjee	2	0.0125984251969	1.55612959447e-05	0.0196850393701	0.00408656363418
156720	Stephan Kreutzer	2	0.00894774516822	0.0	0.011811023622	0.00275718319154
14900	Yu Zhang	2	0.011811023622	0.0	0.0196850393701	0.00392156862745
174260	Yukiyoshi Kameyama	2	0.011811023622	0.0	0.0196850393701	0.00392156862745
173126	Martin Hyland	2	0.00524934383202	0.0	0.011811023622	0.00343495062258
115786	Slawomir Lasota	2	0.011811023622	0.0	0.0196850393701	0.00392156862745
68181	Margarita V. Korovina	2	0.00393700787402	0.0	0.011811023622	0.00392156862745
47215	Helmut Veith	2	0.00393700787402	0.0	0.011811023622	0.00392156862745
122995	Max I. Kanovich	2	0.00393700787402	0.0	0.011811023622	0.00392156862745
115353	Ahmed Bouajjani	2	0.00787401574803	0.0	0.0157480314961	0.00392156862745
176283	David Richerby	2	0.00393700787402	0.0	0.011811023622	0.00392156862745
68265	Matthias Baaz	2	0.00524934383202	0.0	0.011811023622	0.00343495062258
181441	Ashish Tiwari	2	0.00393700787402	0.0	0.011811023622	0.00392156862745
123112	Nicola Olivetti	2	0.00787401574803	0.0	0.0157480314961	0.00392156862745
36108	Albert Atserias	2	0.00393700787402	0.0	0.011811023622	0.00392156862745
123197	Andrei Voronkov	2	0.00787401574803	3.11225918895e-05	0.0157480314961	0.00489480463718
# Periodo: 2006-2009
13866	Johann A. Makowsky	5	0.0307692307692	0.00112449799197	0.04	0.0086543978784
117776	Krishnendu Chatterjee	4	0.0128	0.0	0.02	0.00406672433753
174013	Alexander Rabinovich	3	0.0128	0.000128514056225	0.02	0.00501289067843
51880	Thomas A. Henzinger	3	0.016	9.63855421687e-05	0.024	0.00515634123884
157367	Makoto Tatsuta	3	0.0235294117647	0.000674698795181	0.032	0.0059653407106
147651	Andreas Abel	3	0.006	0.0	0.012	0.00332649982594
174330	Klaus Aehlig	3	0.012	6.42570281124e-05	0.02	0.00516468455598
147295	Wolfgang Thomas	3	0.0106666666667	9.63855421687e-05	0.016	0.00414899020462
122738	Dale Miller	3	0.012	9.63855421687e-05	0.02	0.00607877767281
67981	Anuj Dawar	3	0.0166666666667	0.000289156626506	0.016	0.00387921478895
173007	Frédéric Blanqui	3	0.016	0.000112449799197	0.024	0.00566465984273
174082	Simona Ronchi Della Rocca	2	0.02	0.0005140562249	0.02	0.00425905197919
401591	Alexis Saurin	2	0.0072	0.0	0.012	0.00328582576909
123234	Angelo Montanari	2	0.016	0.000128514056225	0.024	0.00560631724599
122975	Reinhard Kahle	2	0.012	0.0	0.02	0.00398406374502
130658	Markus Lohrey	2	0.008	3.21285140562e-05	0.016	0.00497280949196
117864	Mikolaj Bojanczyk	2	0.0	0.0	0.008	0.00398406374502
147813	Samson Abramsky	2	0.0210526315789	0.0	0.016	0.00326981250428
118405	Damian Niwinski	2	0.02	0.0	0.02	0.00390336344529
116369	Stefan Göller	2	0.00533333333333	0.0	0.012	0.00348969087155
78533	Mariangiola Dezani-Ciancaglini	2	0.025	0.000771084337349	0.028	0.00544455431297
779471	Dulma Rodriguez	2	0.009	6.42570281124e-05	0.016	0.0046416276641
118992	Manuel Bodirsky	2	0.004	0.0	0.012	0.00398406374502
156883	Hubie Chen	2	0.004	0.0	0.012	0.00398406374502
513250	Matthias Horbach	2	0.004	0.0	0.012	0.00398406374502
# Periodo: 2007-2010
13866	Johann A. Makowsky	5	0.0234674329502	0.000412614205718	0.0306513409962	0.00668941725715
174013	Alexander Rabinovich	3	0.0122605363985	8.84173297966e-05	0.0191570881226	0.00488985095336
118405	Damian Niwinski	3	0.0170672239638	0.0	0.0191570881226	0.00385496593696
157367	Makoto Tatsuta	3	0.0225377507325	0.000618921308576	0.0306513409962	0.00571488589316
122738	Dale Miller	3	0.0114942528736	8.84173297966e-05	0.0191570881226	0.00582356181632
60286	Martin Grohe	3	0.0187739463602	0.000176834659593	0.0229885057471	0.00489294087401
67981	Anuj Dawar	3	0.00766283524904	2.94724432655e-05	0.0153256704981	0.00476402741405
173007	Frédéric Blanqui	3	0.0153256704981	0.000103153551429	0.0229885057471	0.00542683061269
278734	Guillaume Burel	2	0.0	0.0	0.00766283524904	0.00381679389313
174082	Simona Ronchi Della Rocca	2	0.0191570881226	0.000471559092249	0.0191570881226	0.00408023838899
62	Heribert Vollmer	2	0.0114942528736	5.89448865311e-05	0.0191570881226	0.00494784665477
401591	Alexis Saurin	2	0.00689655172414	0.0	0.0114942528736	0.00314787125207
123234	Angelo Montanari	2	0.0172413793103	0.000235779546124	0.0229885057471	0.00510279204788
48732	Viktor Kuncak	2	0.00766283524904	0.0	0.0153256704981	0.00381679389313
130658	Markus Lohrey	2	0.00766283524904	0.0	0.0153256704981	0.00381679389313
117864	Mikolaj Bojanczyk	2	0.0	0.0	0.00766283524904	0.00381679389313
175240	James Laird	2	0.00383141762452	0.0	0.0114942528736	0.00381679389313
67727	Jörg Flum	2	0.00383141762452	0.0	0.0114942528736	0.00381679389313
67733	Yijia Chen	2	0.00383141762452	0.0	0.0114942528736	0.00381679389313
147651	Andreas Abel	2	0.00574712643678	0.0	0.0114942528736	0.00318683761951
78533	Mariangiola Dezani-Ciancaglini	2	0.0239463601533	0.000707338638373	0.0268199233716	0.00521596641791
779471	Dulma Rodriguez	2	0.00862068965517	5.89448865311e-05	0.0153256704981	0.00444675016675
452823	Ruzica Piskac	2	0.00766283524904	0.0	0.0153256704981	0.00381679389313
174297	Thomas Ehrhard	2	0.0159642401022	5.89448865311e-05	0.0229885057471	0.00463553832446
513250	Matthias Horbach	2	0.00383141762452	0.0	0.0114942528736	0.00381679389313
174330	Klaus Aehlig	2	0.0122605363985	8.84173297966e-05	0.0191570881226	0.00488985095336
# Periodo: 2011-2014
66362	Moshe Y. Vardi	3	0.0609756097561	0.00180668473351	0.0853658536585	0.0173344721749
174297	Thomas Ehrhard	2	0.0365853658537	0.0	0.0609756097561	0.0120481927711
1083264	Andrew Polonsky	1	0.0	0.0	0.0243902439024	0.0120481927711
609152	Lurdes Sousa	1	0.0365853658537	0.0	0.0609756097561	0.0120481927711
74900	Yuli Ye	1	0.0243902439024	0.0	0.0487804878049	0.0120481927711
157035	Howard Straubing	1	0.0	0.0	0.0243902439024	0.0120481927711
109505	Yang Cai	1	0.0121951219512	0.0	0.0365853658537	0.0120481927711
1083272	Steffen Lösch	1	0.0121951219512	0.0	0.0365853658537	0.0120481927711
