# Periodo: 1987-1991
67125	Ewald Speckenmeyer	4	0.0135135135135	9.19286633572e-05	0.027027027027	0.00837701464753
194	Egon Börger	4	0.0405405405405	0.00101121529693	0.0337837837838	0.00598504251191
233	Peter H. Schmitt	4	0.0608108108108	0.00358521787093	0.0675675675676	0.0107908010013
117691	Elias Dahlhaus	4	0.0	0.0	0.0135135135135	0.00671140939597
66032	Andreas Goerdt	4	0.0	0.0	0.0135135135135	0.00671140939597
68160	Klaus Ambos-Spies	3	0.027027027027	0.000459643316786	0.0405405405405	0.0106944192515
122962	Robert F. Stärk	3	0.0	0.0	0.0135135135135	0.00671140939597
56920	Daniele Mundici	3	0.0	0.0	0.0135135135135	0.00671140939597
51819	Yuri Gurevich	3	0.0202702702703	0.000275785990072	0.0337837837838	0.0102400885629
116998	Lutz Priese	3	0.0135135135135	9.19286633572e-05	0.027027027027	0.00837701464753
62788	Olga Stepánková	3	0.0135135135135	0.0	0.027027027027	0.00671140939597
67973	Erich Grädel	3	0.0	0.0	0.0135135135135	0.00671140939597
123283	Hans Leiß	3	0.0	0.0	0.0135135135135	0.00671140939597
123291	Petr Stepánek	3	0.0135135135135	0.0	0.027027027027	0.00671140939597
# Periodo: 1992-1996
68265	Matthias Baaz	5	0.016	0.000150753768844	0.025	0.00637383557089
599605	Anders Malmström	3	0.0125	0.0	0.015	0.00362192393932
175166	Alexander Leitsch	3	0.016	0.000150753768844	0.025	0.00637383557089
51819	Yuri Gurevich	3	0.005	0.0	0.015	0.00497512437811
175768	James K. Huggins	3	0.005	0.0	0.015	0.00497512437811
116510	Dexter Kozen	3	0.02	0.000150753768844	0.03	0.00643901334914
175883	Richard Zach	3	0.0133333333333	0.0	0.02	0.00482113782396
67973	Erich Grädel	3	0.0208333333333	0.00035175879397	0.03	0.00786080555787
60	Clemens Lautemann	2	0.01	0.0	0.02	0.00497512437811
100516	Anna Ingólfsdóttir	2	0.005	0.0	0.015	0.00497512437811
57011	Kevin J. Compton	2	0.0178571428571	0.000201005025126	0.025	0.00632760428467
122919	Mario Rodríguez-Artalejo	2	0.02	0.000201005025126	0.03	0.00700092352608
67628	Iain A. Stewart	2	0.0	0.0	0.01	0.00497512437811
279	Bernhard Beckert	2	0.01	5.02512562814e-05	0.02	0.00620982677852
189265	Etienne Grandjean	2	0.005	0.0	0.015	0.00497512437811
38760	Gilles Barthe	2	0.01	5.02512562814e-05	0.02	0.00620982677852
122962	Robert F. Stärk	2	0.0	0.0	0.01	0.00497512437811
11703	Eike Ritter	2	0.005	0.0	0.015	0.00497512437811
68041	Steven Lindell	2	0.02	0.000201005025126	0.03	0.00700092352608
173531	Herman Geuvers	2	0.00666666666667	0.0	0.015	0.00435777317791
# Periodo: 1997-2001
173127	John Power	3	0.0129032258065	0.000163249314353	0.0201612903226	0.00585927100903
68265	Matthias Baaz	3	0.0120967741935	9.79495886117e-05	0.0201612903226	0.00612760319629
149852	Vincent Danos	3	0.0201612903226	0.000228549040094	0.0282258064516	0.00638443519989
147813	Samson Abramsky	3	0.00806451612903	3.26498628706e-05	0.0161290322581	0.00501275173687
60286	Martin Grohe	3	0.00403225806452	0.0	0.0120967741935	0.00401606425703
36025	Mihalis Yannakakis	2	0.0120967741935	6.52997257412e-05	0.0201612903226	0.00520616796676
13866	Johann A. Makowsky	2	0.00403225806452	0.0	0.0120967741935	0.00401606425703
156720	Stephan Kreutzer	2	0.00806451612903	0.0	0.0161290322581	0.00401606425703
61	Thomas Schwentick	2	0.0	0.0	0.00806451612903	0.00401606425703
116801	Paul Gastin	2	0.00806451612903	3.26498628706e-05	0.0161290322581	0.00501275173687
12357	Ralph Matthes	2	0.0	0.0	0.00806451612903	0.00401606425703
68181	Margarita V. Korovina	2	0.00403225806452	0.0	0.0120967741935	0.00401606425703
122978	Jürgen Giesl	2	0.0120967741935	6.52997257412e-05	0.0201612903226	0.00520616796676
51819	Yuri Gurevich	2	0.00403225806452	0.0	0.0120967741935	0.00401606425703
173719	C.-H. Luke Ong	2	0.0120967741935	6.52997257412e-05	0.0201612903226	0.00520616796676
174285	Thorsten Altenkirch	2	0.00403225806452	0.0	0.0120967741935	0.00401606425703
198376	Luca Roversi	2	0.00403225806452	0.0	0.0120967741935	0.00401606425703
779502	Thomas Marthedal Rasmussen	2	0.0	0.0	0.00806451612903	0.00401606425703
116991	Aart Middeldorp	2	0.00907258064516	0.0	0.0161290322581	0.00394320076294
340736	Oleg V. Kudinov	2	0.00403225806452	0.0	0.0120967741935	0.00401606425703
116512	Paul J. Voda	2	0.00403225806452	0.0	0.0120967741935	0.00401606425703
100643	Edmund Robinson	2	0.010752688172	9.79495886117e-05	0.0161290322581	0.00452002118819
115001	Javier Esparza	2	0.014400921659	0.000130599451482	0.0201612903226	0.00480551637197
173387	Julian C. Bradfield	2	0.0	0.0	0.00806451612903	0.00401606425703
# Periodo: 2002-2006
117776	Krishnendu Chatterjee	5	0.0175062522329	8.29789440929e-05	0.0225080385852	0.00426109740219
176257	Claudia Faggian	4	0.0096463022508	6.22342080697e-05	0.016077170418	0.00489029870473
115176	Alexander Moshe Rabinovich	4	0.022048690859	0.000912768385022	0.0289389067524	0.00529470773636
51880	Thomas A. Henzinger	4	0.0196945337621	0.000197074992221	0.0257234726688	0.00507722320216
173061	Jacques Duparc	3	0.0178085580015	0.000560107872627	0.0192926045016	0.00415016337315
38472	Jean Goubault-Larrecq	3	0.0096463022508	0.0	0.016077170418	0.00320512820513
123060	Nicolai Vorobjov	3	0.0032154340836	0.0	0.0096463022508	0.00320512820513
12567	David Nowak	3	0.0096463022508	0.0	0.016077170418	0.00320512820513
116030	Marcin Jurdzinski	3	0.0157556270096	5.18618400581e-05	0.0192926045016	0.00368538135418
173387	Julian C. Bradfield	3	0.01361830906	0.000228192096256	0.016077170418	0.00367965904887
67973	Erich Grädel	3	0.0192926045016	0.000248936832279	0.0257234726688	0.00588482555696
174080	Georg Moser	2	0.0064308681672	2.07447360232e-05	0.0128617363344	0.00400056148231
67599	Bakhadyr Khoussainov	2	0.0032154340836	0.0	0.0096463022508	0.00320512820513
156720	Stephan Kreutzer	2	0.0102893890675	0.0	0.0096463022508	0.00219599529931
14900	Yu Zhang	2	0.0096463022508	0.0	0.016077170418	0.00320512820513
174260	Yukiyoshi Kameyama	2	0.0096463022508	0.0	0.016077170418	0.00320512820513
173126	Martin Hyland	2	0.00578778135048	0.0	0.0096463022508	0.00264340470526
115786	Slawomir Lasota	2	0.0096463022508	0.0	0.016077170418	0.00320512820513
175971	George Metcalfe	2	0.0064308681672	0.0	0.0128617363344	0.00320512820513
68181	Margarita V. Korovina	2	0.0032154340836	0.0	0.0096463022508	0.00320512820513
47215	Helmut Veith	2	0.0032154340836	0.0	0.0096463022508	0.00320512820513
122995	Max I. Kanovich	2	0.0032154340836	0.0	0.0096463022508	0.00320512820513
115353	Ahmed Bouajjani	2	0.0064308681672	0.0	0.0128617363344	0.00320512820513
176283	David Richerby	2	0.0032154340836	0.0	0.0096463022508	0.00320512820513
12179	Bernhard Reus	2	0.0032154340836	0.0	0.0096463022508	0.00320512820513
100173	David J. Pym	2	0.0128617363344	8.29789440929e-05	0.0192926045016	0.00451021034853
181441	Ashish Tiwari	2	0.0032154340836	0.0	0.0096463022508	0.00320512820513
147651	Andreas Abel	2	0.0032154340836	0.0	0.0096463022508	0.00320512820513
173262	Sergei N. Artëmov	2	0.0032154340836	0.0	0.0096463022508	0.00320512820513
118992	Manuel Bodirsky	2	0.0072347266881	4.14894720465e-05	0.0128617363344	0.00373412994772
156883	Hubie Chen	2	0.0072347266881	4.14894720465e-05	0.0128617363344	0.00373412994772
# Periodo: 2007-2011
13866	Johann A. Makowsky	6	0.0222518914108	0.000447819314642	0.0249221183801	0.00517136047759
157367	Makoto Tatsuta	4	0.0224299065421	0.000798286604361	0.0280373831776	0.00552458425927
174297	Thomas Ehrhard	4	0.0129802699896	6.49013499481e-06	0.018691588785	0.00326332016722
60286	Martin Grohe	4	0.0239635753654	0.000525700934579	0.0280373831776	0.00557587543838
174013	Alexander Rabinovich	4	0.0190809968847	0.000292056074766	0.0249221183801	0.00540543714654
118405	Damian Niwinski	3	0.0183250870442	0.0	0.0155763239875	0.00293256730145
173007	Frédéric Blanqui	3	0.01246105919	6.81464174455e-05	0.018691588785	0.00441561993952
66362	Moshe Y. Vardi	3	0.0155763239875	0.000116822429907	0.0218068535826	0.00446820231368
176465	Giulio Manzonetto	3	0.0155763239875	4.54309449637e-05	0.0218068535826	0.00388799652995
122738	Dale Miller	3	0.00934579439252	5.84112149533e-05	0.0155763239875	0.00473842607415
26507	Stephen A. Cook	3	0.0160213618158	0.000214174454829	0.0218068535826	0.00529028529487
67981	Anuj Dawar	3	0.00623052959502	1.94704049844e-05	0.01246105919	0.00387632044249
117141	Arnaud Durand	3	0.0169608861198	0.000155763239875	0.0218068535826	0.00446938082071
115608	Christof Löding	3	0.01246105919	9.73520249221e-05	0.018691588785	0.00494865983996
278734	Guillaume Burel	2	0.0	0.0	0.00623052959502	0.00310559006211
174082	Simona Ronchi Della Rocca	2	0.0166147455867	0.000389408099688	0.0155763239875	0.00334193418373
100180	Laurent Doyen	2	0.0190809968847	0.000233644859813	0.0249221183801	0.00453502962288
62	Heribert Vollmer	2	0.00934579439252	3.89408099688e-05	0.0155763239875	0.00402588765078
156744	Kord Eickmeyer	2	0.0141602945341	0.0	0.00934579439252	0.00184047871815
401591	Alexis Saurin	2	0.00560747663551	0.0	0.00934579439252	0.00256131139143
123234	Angelo Montanari	2	0.0140186915888	0.000155763239875	0.018691588785	0.00415196123151
48732	Viktor Kuncak	2	0.00623052959502	0.0	0.01246105919	0.00310559006211
130658	Markus Lohrey	2	0.00623052959502	0.0	0.01246105919	0.00310559006211
117864	Mikolaj Bojanczyk	2	0.0	0.0	0.00623052959502	0.00310559006211
67519	Stefano Berardi	2	0.0154689010635	0.000214174454829	0.01246105919	0.0027543623272
189264	Guillaume Bagan	2	0.0152647975078	3.89408099688e-05	0.018691588785	0.00365707588747
175240	James Laird	2	0.00311526479751	0.0	0.00934579439252	0.00310559006211
67727	Jörg Flum	2	0.00311526479751	0.0	0.00934579439252	0.00310559006211
67733	Yijia Chen	2	0.00311526479751	0.0	0.00934579439252	0.00310559006211
51880	Thomas A. Henzinger	2	0.0138770886434	0.000116822429907	0.0155763239875	0.00322591821583
50971	Luca Cardelli	2	0.00623052959502	0.0	0.01246105919	0.00310559006211
147651	Andreas Abel	2	0.00467289719626	0.0	0.00934579439252	0.00259301694506
