# Periodo: 1975-1979
38702	Richard J. Lipton	8	0.0548712206047	0.00418136306747	438.0	0.063829787234	0.0125332020333
115281	Andrew Chi-Chih Yao	6	0.0119680851064	0.00011377858687	18.0	0.0212765957447	0.00616427800894
173693	Leonard M. Adleman	6	0.0106382978723	0.0	4.0	0.0212765957447	0.00529100529101
116246	Juris Hartmanis	4	0.0221631205674	0.00045511434748	50.0	0.031914893617	0.00823877157671
278660	Kenneth L. Manders	4	0.0106382978723	0.0	4.0	0.0212765957447	0.00529100529101
116510	Dexter Kozen	4	0.00709219858156	0.0	6.0	0.0159574468085	0.0046344571892
51762	Lawrence Snyder	4	0.0372340425532	0.000768005461372	136.0	0.031914893617	0.00656580658545
114996	Zvi Galil	4	0.0106382978723	5.6889293435e-05	8.0	0.0212765957447	0.00660410149461
116536	Jean Vuillemin	4	0.0265957446809	0.00034133576061	24.0	0.0372340425532	0.00830415650555
173420	Vaughan R. Pratt	4	0.00797872340426	0.0	12.0	0.0159574468085	0.00441773257307
53209	Jeffrey D. Ullman	4	0.0354609929078	0.00147912162931	170.0	0.0425531914894	0.00846011274593
58361	Nicholas Pippenger	4	0.0	0.0	0.0	0.0106382978723	0.00529100529101
115238	Michael Sipser	3	0.0106382978723	5.6889293435e-05	8.0	0.0212765957447	0.00660410149461
118316	Leonard Berman	3	0.0132978723404	0.0	20.0	0.0159574468085	0.00381607297596
67119	Maurice Nivat	3	0.0159574468085	0.000170667880305	18.0	0.0265957446809	0.00807287405226
156796	Rüdiger Reischuk	3	0.0141843971631	0.0	12.0	0.0212765957447	0.00475239996198
62100	Daniel J. Lehmann	3	0.00709219858156	0.0	6.0	0.0159574468085	0.0046344571892
119064	Ravi Sethi	3	0.0106382978723	5.6889293435e-05	8.0	0.0212765957447	0.00660410149461
# Periodo: 1980-1984
36103	Christos H. Papadimitriou	8	0.0476505192824	0.0171072699542	11308.0	0.0355871886121	0.00692148998298
118588	Silvio Micali	7	0.0585181815749	0.0138751301232	894.0	0.0427046263345	0.0072433311678
116033	Vijay V. Vazirani	5	0.0535521891018	0.00235771176798	872.0	0.0284697508897	0.00415235707549
44345	Danny Dolev	5	0.0385292977696	0.0098373157092	8156.0	0.0284697508897	0.00667611165329
66470	Richard M. Karp	5	0.0545531645991	0.0213418427869	12908.0	0.0391459074733	0.00618617046586
157176	Umesh V. Vazirani	5	0.0483411065184	0.00203355363498	2090.0	0.0284697508897	0.00437880404496
50209	Harold N. Gabow	4	0.0544260010452	0.00238434163701	1874.0	0.0213523131673	0.00391855484107
115281	Andrew Chi-Chih Yao	4	0.0340360852017	0.0	1372.0	0.0106761565836	0.00233493158445
57441	Frank Thomson Leighton	4	0.053307658558	0.00262485777229	812.0	0.0391459074733	0.00583407356344
50827	Michael L. Fredman	4	0.0566717340981	0.0362735129639	28368.0	0.0213523131673	0.0041139664736
116914	Joachim von zur Gathen	4	0.0485421090403	0.0	962.0	0.0142348754448	0.00276465530127
36025	Mihalis Yannakakis	4	0.0409627271025	0.0	1140.0	0.0106761565836	0.00206193255404
56612	Philippe Flajolet	4	0.0169562486916	0.000533807829181	166.0	0.0213523131673	0.00584193716828
114996	Zvi Galil	4	0.0612828200745	0.0149576342993	574.0	0.0355871886121	0.00608264697042
66362	Moshe Y. Vardi	4	0.014827995255	0.000152516522623	40.0	0.0213523131673	0.00498801246119
116796	Bernard Chazelle	4	0.00948991696323	0.0	12.0	0.0142348754448	0.00318511912346
81274	Jeffrey Scott Vitter	4	0.00474495848161	0.0	6.0	0.0106761565836	0.00310607237149
183219	Eugene M. Luks	4	0.0663316887739	0.0439594983901	29572.0	0.0355871886121	0.00594462910111
147399	Charles E. Leiserson	4	0.0518861209964	0.000572784273852	880.0	0.0213523131673	0.00320123652338
118299	Janos Simon	3	0.00711743772242	2.54194204372e-05	8.0	0.0142348754448	0.00442615312937
115238	Michael Sipser	3	0.0569481815815	0.0185434672089	-796.0	0.0284697508897	0.00443948900009
115463	Richard Cole	3	0.00948991696323	7.62582613116e-05	28.0	0.0142348754448	0.00399108208647
57394	J. C. Lagarias	3	0.0151713804083	0.000355871886121	134.0	0.017793594306	0.00424392415587
28724	Robert Endre Tarjan	3	0.0525872847937	0.0358922216573	28370.0	0.0213523131673	0.004434047962
50752	Michael Rodeh	3	0.0285786468157	0.00203355363498	3426.0	0.0142348754448	0.00351366084506
38977	Ronald L. Rivest	3	0.0542994289498	0.00614060570848	708.0	0.0391459074733	0.00581323341907
156747	Shafi Goldwasser	3	0.051771074165	0.000447865979132	902.0	0.0213523131673	0.00339642349672
38500	Joseph Y. Halpern	3	0.0127097102186	0.000101677681749	34.0	0.017793594306	0.00424316621807
# Periodo: 1985-1989
47277	Baruch Awerbuch	11	0.107768298159	0.0287183167441	10932.0	0.0407124681934	0.00675372771243
26470	Avi Wigderson	11	0.125674920871	0.0805185869331	34240.0	0.0432569974555	0.00730648968005
56586	Nathan Linial	8	0.116116546608	0.0249227553617	4152.0	0.0356234096692	0.00604887748828
77719	John H. Reif	8	0.0961992393134	0.0352255754752	6862.0	0.0254452926209	0.00516242503806
116796	Bernard Chazelle	7	0.108907196951	0.0129009167859	402.0	0.0203562340967	0.0029339880472
47279	Yishay Mansour	6	0.107347328244	0.0124167742342	-878.0	0.027989821883	0.00463244961043
114996	Zvi Galil	6	0.0918070691443	0.0205346675533	7634.0	0.0254452926209	0.00539006924199
56576	Micha Sharir	6	0.106791124471	0.0740723955555	65282.0	0.0407124681934	0.00645807260182
115008	Michael Luby	5	0.105831512313	0.0267991616362	-11506.0	0.027989821883	0.00453518505387
116121	Oded Goldreich	5	0.114982912262	0.0202174640716	-312.0	0.0330788804071	0.00491576954692
117162	Serge A. Plotkin	5	0.104755715491	0.01744266913	168.0	0.0254452926209	0.00414522802473
115281	Andrew Chi-Chih Yao	5	0.0	0.0	0.0	0.00508905852417	0.00253807106599
115463	Richard Cole	5	0.0915013852293	0.0480993924287	62910.0	0.027989821883	0.00489072752395
56509	Noga Alon	5	0.0688169850514	0.0287038479514	42502.0	0.0178117048346	0.00344866337612
27893	David B. Shmoys	5	0.0917049478216	0.0122150386872	12866.0	0.0254452926209	0.00500944903832
56596	Miklós Ajtai	5	0.0994484295436	0.00691956171782	8034.0	0.0127226463104	0.00277504314672
27943	Éva Tardos	5	0.0971057103552	0.0155835753885	2522.0	0.0203562340967	0.00375521139015
116060	Andrew V. Goldberg	5	0.0983803676511	0.0121257727836	650.0	0.0254452926209	0.00432609222408
118588	Silvio Micali	5	0.111862616135	0.0247704761657	20482.0	0.0254452926209	0.00424852313193
26491	Russell Impagliazzo	5	0.0930505057467	0.0235310536428	15170.0	0.0178117048346	0.003533473201
57441	Frank Thomson Leighton	4	0.0127226463104	0.000207716674456	144.0	0.0178117048346	0.00362077829002
45379	Alok Aggarwal	4	0.119482243611	0.0616036963677	-5960.0	0.0330788804071	0.00536286898468
78526	Uzi Vishkin	4	0.0788171587874	0.0363763826141	51032.0	0.0178117048346	0.00369610168863
74557	Jin-yi Cai	4	0.0141362736783	0.000363504180298	220.0	0.0152671755725	0.00344179698636
58216	Michael E. Saks	4	0.110810145284	0.0172400203266	-398.0	0.0203562340967	0.00321432077583
116005	Joe Kilian	4	0.0912987243539	0.0136703536376	15720.0	0.0178117048346	0.00353275649976
57146	László Babai	4	0.0537436428237	0.00917848055253	17074.0	0.0178117048346	0.00400287377132
45367	Ming Li	4	0.0740725499475	0.0046346782988	7386.0	0.0127226463104	0.0031983898313
249786	Pravin M. Vaidya	4	0.0856993223405	0.0	1924.0	0.0101781170483	0.00164759973789
49101	Benny Chor	4	0.105967542534	0.0065111154835	3330.0	0.027989821883	0.0042338385577
53245	Paul M. B. Vitányi	4	0.0878920555348	0.00689359713351	9244.0	0.0101781170483	0.00201359968583
38977	Ronald L. Rivest	3	0.0982631085716	0.00462169600665	5738.0	0.0152671755725	0.00274452174794
116914	Joachim von zur Gathen	3	0.0721283885316	0.0	2286.0	0.0101781170483	0.00209841288978
57544	Herbert Edelsbrunner	3	0.101405594209	0.00791203266277	1458.0	0.0229007633588	0.00339011387967
116937	Andrei Z. Broder	3	0.0718142404979	0.00232383029548	4948.0	0.0101781170483	0.00209350981438
119000	Yehuda Afek	3	0.0987338300498	0.00230695331568	1458.0	0.0178117048346	0.00289419763102
28915	László Lovász	3	0.104755715491	0.000210313132887	1574.0	0.0127226463104	0.00197419913379
125172	Robert E. Schapire	3	0.0810646490576	0.0	2034.0	0.0101781170483	0.00195526001164
61705	S. Rao Kosaraju	3	0.0656914327423	0.0	2510.0	0.00763358778626	0.00161518188715
# Periodo: 1990-1994
47277	Baruch Awerbuch	13	0.124496096679	0.0328209695888	24604.0	0.0313588850174	0.00519490089331
56509	Noga Alon	11	0.128285108317	0.0435048176647	33758.0	0.0452961672474	0.0070683673171
57441	Frank Thomson Leighton	10	0.130095127482	0.0573973489652	-9470.0	0.0435540069686	0.0061366444802
114996	Zvi Galil	10	0.125662584808	0.0587220851327	30988.0	0.0383275261324	0.00568011258507
44491	Moni Naor	8	0.135470959196	0.0510347435767	18632.0	0.0365853658537	0.00566338206662
116121	Oded Goldreich	7	0.129183778077	0.0292010061849	1602.0	0.0261324041812	0.00429117940516
36103	Christos H. Papadimitriou	7	0.115981033463	0.0104651233498	21764.0	0.0174216027875	0.00321151173226
116796	Bernard Chazelle	6	0.0945691503618	0.00372593254728	3098.0	0.0174216027875	0.00246103695925
36100	Prabhakar Raghavan	6	0.139572255974	0.0582294081117	-11786.0	0.0348432055749	0.00501143879642
57146	László Babai	6	0.104112826086	0.0109521584338	23210.0	0.0226480836237	0.0037220487406
118610	Madhu Sudan	6	0.13472865257	0.0468150150876	28736.0	0.0331010452962	0.00501573290883
12685	David Eppstein	5	0.11374546998	0.0247733567853	-5626.0	0.0156794425087	0.00255162419479
115435	Avrim Blum	5	0.111173982339	0.00352080558951	9114.0	0.0121951219512	0.0021163703798
117784	David Peleg	5	0.10049582736	0.00264820524047	6446.0	0.01393728223	0.00250180459154
56847	Jirí Matousek	5	0.113833236547	0.0240912685921	-13240.0	0.0209059233449	0.00297356393634
56576	Micha Sharir	5	0.105603346145	0.0188113109004	5970.0	0.0261324041812	0.00378848541583
26491	Russell Impagliazzo	5	0.130555641207	0.022356437651	416.0	0.0243902439024	0.00383739888779
77719	John H. Reif	5	0.012444001991	0.000176344321409	176.0	0.01393728223	0.00337873397025
116729	Yuval Rabani	5	0.121622320333	0.0117103720078	4250.0	0.0226480836237	0.00336252837705
28915	László Lovász	4	0.133509388746	0.0278013098945	-682.0	0.0174216027875	0.00261803978502
115010	David Zuckerman	4	0.113657838648	0.00176344321409	5770.0	0.0121951219512	0.00202791830126
115148	Victor Y. Pan	4	0.012444001991	0.000176344321409	176.0	0.01393728223	0.00337873397025
115281	Andrew Chi-Chih Yao	4	0.0	0.0	0.0	0.00348432055749	0.00173913043478
115436	David R. Karger	4	0.108079028985	0.00119185733867	2576.0	0.0104529616725	0.00159434648537
58216	Michael E. Saks	4	0.12481207662	0.0142170117602	3810.0	0.0156794425087	0.00242126109786
175025	Amos Fiat	4	0.111594458823	0.00681905192687	12170.0	0.0209059233449	0.00316814159166
156709	Roman Smolensky	4	0.0942068164524	0.00176344321409	6842.0	0.00696864111498	0.00137503776972
115755	Uriel Feige	4	0.134483021481	0.020672223887	4606.0	0.0156794425087	0.0023788964167
156747	Shafi Goldwasser	4	0.129980506224	0.0182577424542	-3178.0	0.0191637630662	0.00291094978452
156889	Noam Nisan	4	0.13375147286	0.0252653096607	-2616.0	0.0156794425087	0.00222249774905
115583	Nader H. Bshouty	4	0.00696864111498	2.43233546771e-05	24.0	0.0104529616725	0.00244727935433
157176	Umesh V. Vazirani	4	0.107999908173	0.00871992265173	20910.0	0.0121951219512	0.00213037103513
26497	Lance Fortnow	4	0.119359121816	0.00657445586117	8564.0	0.01393728223	0.00218548743415
376317	Orli Waarts	4	0.100564331673	0.0111692521702	26118.0	0.0156794425087	0.00238602338368
153144	Satish Rao	4	0.118496284791	0.0113073195055	21372.0	0.0261324041812	0.00384834025964
115978	Carsten Lund	4	0.128508601537	0.0196497287049	6124.0	0.0209059233449	0.00310431647842
26470	Avi Wigderson	4	0.126742160279	0.00678181338788	908.0	0.0156794425087	0.00234712277109
26476	Johan Håstad	4	0.117645832986	0.00585797461584	5044.0	0.01393728223	0.00229502251738
53150	Rajeev Motwani	4	0.121522137203	0.015777237956	26072.0	0.0209059233449	0.00318440532596
38915	Michael T. Goodrich	3	0.00895968143355	4.86467093542e-05	50.0	0.0121951219512	0.00254267165874
28805	Howard J. Karloff	3	0.12739885541	0.0152451117389	-532.0	0.0209059233449	0.00299458078414
57545	Emo Welzl	3	0.119166296094	0.0296632134557	-23026.0	0.0261324041812	0.00336204295407
104657	Dima Grigoriev	3	0.00522648083624	1.21616773385e-05	14.0	0.00871080139373	0.00225449708444
115084	Mike Paterson	3	0.0832550082192	0.00264618092664	2576.0	0.0104529616725	0.0020371142621
115463	Richard Cole	3	0.102024809519	0.0103982341245	26382.0	0.0174216027875	0.00213936486454
74318	Shang-Hua Teng	3	0.0930775233845	0.00873208432907	22986.0	0.0121951219512	0.00242197225928
57956	Jaikumar Radhakrishnan	3	0.00522648083624	1.21616773385e-05	14.0	0.00871080139373	0.00225449708444
60014	Leonard J. Schulman	3	0.116438732884	0.00986474187853	332.0	0.00696864111498	0.00110575596342
117450	Mark Jerrum	3	0.0894108330694	0.00526600628759	14918.0	0.0104529616725	0.00227496839672
115422	Uri Zwick	3	0.0858219165587	0.00343512630942	1700.0	0.00871080139373	0.00164881101348
183115	Ketan Mulmuley	3	0.0	0.0	0.0	0.00348432055749	0.00173913043478
58214	Eyal Kushilevitz	3	0.107684579974	0.007005126147	15980.0	0.01393728223	0.00269430332669
117613	Yuan Ma	3	0.103892869412	9.1212580039e-06	2840.0	0.00871080139373	0.0013919553006
172915	Jeff Edmonds	3	0.12355768389	0.0101544324185	3600.0	0.0174216027875	0.0027088760407
156647	Sanjeev Arora	3	0.120825450094	0.00652262924916	1604.0	0.0174216027875	0.00252434325631
115893	Yossi Azar	3	0.107371087747	0.00183387718231	2630.0	0.0104529616725	0.00163144609126
117878	C. Greg Plaxton	3	0.103966084964	0.00351472475084	9662.0	0.0104529616725	0.00183503496076
# Periodo: 1995-1999
118610	Madhu Sudan	10	0.0904853639983	0.0383787623447	26786.0	0.0347648261759	0.00551464597321
57517	Alan M. Frieze	8	0.0637090828151	0.0394664801006	64314.0	0.0347648261759	0.00555747259858
36099	Jon M. Kleinberg	7	0.0979627110233	0.0818770140353	-81098.0	0.0265848670757	0.00378394365842
28357	Ravi Kannan	7	0.0563491887715	0.0122615575447	29436.0	0.0265848670757	0.00437504568704
26491	Russell Impagliazzo	7	0.0749218813906	0.0243894804346	764.0	0.0224948875256	0.00379047258891
53208	Piotr Indyk	7	0.019970603272	0.000729156190285	788.0	0.0143149284254	0.00270512157725
115832	Monika Rauch Henzinger	5	0.0717093045469	0.0448309851483	52790.0	0.0224948875256	0.00419848867127
115422	Uri Zwick	5	0.0081799591002	4.19055281773e-05	28.0	0.0122699386503	0.00325197646626
74634	Joseph Naor	5	0.0549280655356	0.00443360488116	11070.0	0.0163599182004	0.00319475895649
156635	Santosh Vempala	5	0.0561128530487	0.00178517550035	7100.0	0.0122699386503	0.00210592285144
156876	Mihir Bellare	5	0.082878187379	0.04198218371	10230.0	0.0286298568507	0.00471469477862
81274	Jeffrey Scott Vitter	5	0.0828049086987	0.0235220778882	4948.0	0.0224948875256	0.00339561568336
44491	Moni Naor	5	0.075162401074	0.0169133662414	-2736.0	0.0184049079755	0.00299794108059
116121	Oded Goldreich	5	0.0895337970729	0.0221108415705	1542.0	0.0204498977505	0.00299569955863
153144	Satish Rao	5	0.0624349011588	0.0156307620101	34802.0	0.0204498977505	0.00403534813661
26470	Avi Wigderson	5	0.0724863403547	0.0120638562495	2974.0	0.0245398773006	0.00409616184497
115739	Omer Reingold	4	0.0652175151381	0.00866250697853	1104.0	0.0143149284254	0.00249660722064
47279	Yishay Mansour	4	0.0896194753476	0.0308064989197	-9118.0	0.0245398773006	0.00370841045032
115009	Alistair Sinclair	4	0.0803193411134	0.02534604533	-572.0	0.0204498977505	0.00362666784086
115042	Ronitt Rubinfeld	4	0.0974530194987	0.0695120204926	-22282.0	0.0245398773006	0.00348680625405
157081	Moses Charikar	4	0.0255623721881	0.000569915183211	522.0	0.0184049079755	0.0029626116707
60014	Leonard J. Schulman	4	0.0803193411134	0.0302065974914	-986.0	0.0204498977505	0.00336669076106
74557	Jin-yi Cai	4	0.0649461523844	0.00189542694949	6192.0	0.0122699386503	0.00239691765023
115550	Bruce M. Maggs	4	0.0185908161368	0.000293338697241	174.0	0.0224948875256	0.00460054131212
58216	Michael E. Saks	4	0.0632786160394	0.00201007994431	2716.0	0.0204498977505	0.00343246956003
156647	Sanjeev Arora	4	0.0556791627457	0.0	3364.0	0.0081799591002	0.00138776117833
115771	Andris Ambainis	4	0.0707878697946	0.0181741052203	-1050.0	0.0204498977505	0.00342493642356
156752	John Watrous	4	0.00204498977505	0.0	2.0	0.00613496932515	0.00204081632653
74888	Luca Trevisan	4	0.0756481031811	0.00532200207851	11152.0	0.0204498977505	0.00337259204033
56509	Noga Alon	4	0.072262617082	0.0328863216825	-12660.0	0.0204498977505	0.00325254627965
157047	Matthew Andrews	4	0.0856837618831	0.0114737336149	-262.0	0.0204498977505	0.00272324100081
157105	D. Sivakumar	4	0.0738001195731	0.0100711586568	-2092.0	0.0122699386503	0.00218166877029
376317	Orli Waarts	4	0.0820073132559	0.0255164780761	-724.0	0.0265848670757	0.00421847222569
38520	Aravind Srinivasan	4	0.072262617082	0.00314158427907	1698.0	0.0122699386503	0.00204739265302
59561	Dana Ron	3	0.0878539884974	0.0050735869308	1908.0	0.0204498977505	0.00290050602659
47277	Baruch Awerbuch	3	0.0901370084102	0.0486144956023	-42008.0	0.0245398773006	0.00325839817947
61621	Martin Farach	3	0.0618984479433	0.0121442220658	29408.0	0.0143149284254	0.00248371361569
104657	Dima Grigoriev	3	0.00613496932515	1.67622112709e-05	14.0	0.0102249488753	0.00264558331337
119076	Salil P. Vadhan	3	0.0573498785905	0.00532200207851	14320.0	0.0143149284254	0.0029315996148
115008	Michael Luby	3	0.0775910122106	0.0269146079503	-6616.0	0.0184049079755	0.00302490639201
12685	David Eppstein	3	0.0682597315876	0.00530523986724	13056.0	0.0122699386503	0.00217793731427
115064	Mikkel Thorup	3	0.00654396728016	0.0	10.0	0.0102249488753	0.00208315879331
57937	Mario Szegedy	3	0.0672789883177	0.000214340427304	2784.0	0.0122699386503	0.00193780239588
51880	Thomas A. Henzinger	3	0.0619393860703	0.00530943042006	13344.0	0.0143149284254	0.00281371960041
115435	Avrim Blum	3	0.0561801750079	0.00530943042006	14584.0	0.0163599182004	0.00284756314066
58214	Eyal Kushilevitz	3	0.0795686930656	0.00548224416209	4608.0	0.0204498977505	0.00322006518131
66470	Richard M. Karp	3	0.0773986378002	0.0183453247242	-4868.0	0.0224948875256	0.00345741201125
156613	Ran Raz	3	0.0579531879568	0.00253336877344	6718.0	0.0143149284254	0.00268120128204
60363	Pankaj K. Agarwal	3	0.0764508993782	0.0420590741445	-23852.0	0.0184049079755	0.00309014676222
# Periodo: 2000-2004
156699	Michael Alekhnovich	8	0.0802271608411	0.0200563464049	-1824.0	0.0186721991701	0.0028025539065
156736	Subhash Khot	7	0.0957855478508	0.00266058315851	2048.0	0.0124481327801	0.00192471916545
74888	Luca Trevisan	7	0.100800053018	0.02920825507	5778.0	0.0186721991701	0.00340838798158
115894	Oded Regev	7	0.0836536522467	0.0374711239537	69118.0	0.0228215767635	0.00369370926751
157081	Moses Charikar	6	0.104605579881	0.0302194713861	-8090.0	0.0207468879668	0.0033099358417
27538	Amit Kumar	6	0.0759369383363	0.00736574995672	9886.0	0.0186721991701	0.00305054989906
156690	Boaz Barak	6	0.093039852376	0.0191079222678	-1544.0	0.0228215767635	0.00368182626101
56509	Noga Alon	6	0.0969297438149	0.0360837392915	23928.0	0.0331950207469	0.00485742609941
28112	Anupam Gupta	6	0.0881316212188	0.0288109895355	-2454.0	0.0207468879668	0.00337124574646
28915	László Lovász	5	0.0680249459587	0.019556422046	43744.0	0.0186721991701	0.0037803412478
119076	Salil P. Vadhan	5	0.0951437686357	0.0244296795127	-1680.0	0.0145228215768	0.00223723190545
28967	Tim Roughgarden	5	0.0763965432085	0.00869011840924	2528.0	0.0207468879668	0.00303286538923
60143	Elchanan Mossel	5	0.105479721217	0.041446671386	-12248.0	0.0248962655602	0.00418850729492
156635	Santosh Vempala	5	0.0600114420238	0.00993780246892	25436.0	0.0145228215768	0.00340539784078
115739	Omer Reingold	5	0.0884748128902	0.0272030770993	5170.0	0.0207468879668	0.00324941221134
156773	Amit Sahai	5	0.105872935462	0.0181744504598	-5628.0	0.0228215767635	0.00350366285911
36099	Jon M. Kleinberg	5	0.0682702282158	0.00712194799332	15584.0	0.0207468879668	0.00319392542939
36103	Christos H. Papadimitriou	5	0.0179312388856	0.000310556327154	204.0	0.0207468879668	0.00390375628489
27943	Éva Tardos	5	0.0680249459587	0.00204104519457	7144.0	0.0186721991701	0.00284317455455
116121	Oded Goldreich	5	0.0981016060026	0.013759222832	1184.0	0.0165975103734	0.00268349916795
116366	Ravi Kumar	5	0.114981436995	0.0822465321667	-24066.0	0.0373443983402	0.00510451729268
26470	Avi Wigderson	5	0.0934224175584	0.0473947815234	-18070.0	0.0248962655602	0.00387702340777
26504	Venkatesan Guruswami	5	0.109337497354	0.0228672293307	7004.0	0.0207468879668	0.00321961171218
53149	Adam Meyerson	5	0.0631822356791	0.0184306553601	42440.0	0.0207468879668	0.00323110683153
59561	Dana Ron	4	0.104413290212	0.0379286739165	3486.0	0.0269709543568	0.00423293666129
117146	Eli Upfal	4	0.0961096952208	0.00499478092839	8012.0	0.0207468879668	0.00309714806488
66366	Dimitris Achlioptas	4	0.0890295139115	0.015419420255	3802.0	0.0186721991701	0.00347087418286
57517	Alan M. Frieze	4	0.01361847005	0.000129398469647	184.0	0.0124481327801	0.00238174551754
156697	Robert Krauthgamer	4	0.103651149408	0.0587919884999	-11426.0	0.0207468879668	0.0031956973093
115771	Andris Ambainis	4	0.0568576875631	0.00200998956186	8456.0	0.0124481327801	0.00225034850659
156747	Shafi Goldwasser	4	0.0934993084371	0.00701247735241	4710.0	0.0186721991701	0.00316117638648
157048	Julia Chuzhoy	4	0.0704288033174	0.00556904000887	2280.0	0.0145228215768	0.00253948624028
118610	Madhu Sudan	4	0.100621487822	0.011745012152	1270.0	0.0124481327801	0.00190331976957
26466	Alexander A. Razborov	4	0.0793307679826	0.0	2864.0	0.0103734439834	0.0015789887217
26487	Toniann Pitassi	4	0.0702545824063	0.0141277398539	9240.0	0.0311203319502	0.0047649161188
26491	Russell Impagliazzo	4	0.0823797387607	0.005995462427	12408.0	0.0145228215768	0.00274252774347
53148	Sudipto Guha	4	0.0716277804231	0.0276972217844	51978.0	0.0207468879668	0.00343243289568
53208	Piotr Indyk	4	0.0894501257882	0.00200998956186	5544.0	0.00829875518672	0.00166423472562
28815	Sariel Har-Peled	3	0.00497925311203	0.0	30.0	0.00622406639004	0.00142613824471
137423	Kamesh Munagala	3	0.062867548285	0.000961861957713	3614.0	0.0103734439834	0.0016820706607
67960	Leslie Ann Goldberg	3	0.020427705075	0.000508967313947	408.0	0.0186721991701	0.00329244891027
250113	Dorit Aharonov	3	0.0721280379372	0.0	3150.0	0.0145228215768	0.002143835836
250122	Martin Pál	3	0.075734439834	0.00256961305876	3000.0	0.0145228215768	0.00213618007735
65807	Kamal Jain	3	0.00622406639004	4.31328232158e-06	6.0	0.0103734439834	0.00232730350153
115009	Alistair Sinclair	3	0.0907361499609	0.005995462427	11392.0	0.0145228215768	0.00284543966847
115010	David Zuckerman	3	0.0834079733855	0.00796231916564	15440.0	0.0165975103734	0.00310858817656
115064	Mikkel Thorup	3	0.00207468879668	0.0	2.0	0.00622406639004	0.00207039337474
420329	Gianni Franceschini	3	0.00829875518672	2.58796939295e-05	20.0	0.0124481327801	0.00267958933944
# Periodo: 2005-2009
156736	Subhash Khot	12	0.111301949495	0.0569343496085	34492.0	0.0213523131673	0.0033279922704
175220	Mihai Patrascu	8	0.0647253761133	0.0152434962986	52430.0	0.0142348754448	0.00281939267
39046	Rafail Ostrovsky	7	0.0785087846788	0.0212772783005	12324.0	0.0249110320285	0.00445407307318
74318	Shang-Hua Teng	7	0.097510186188	0.0312034823439	50308.0	0.0284697508897	0.00481097198474
156613	Ran Raz	7	0.0860383995777	0.00522574247716	5662.0	0.0124555160142	0.00224082403453
156750	Ryan O'Donnell	7	0.121338193814	0.0648207288039	10604.0	0.0249110320285	0.0038093309425
337545	Assaf Naor	7	0.102019755072	0.0376412410858	4300.0	0.0142348754448	0.00289402150038
116845	Rocco A. Servedio	6	0.117523193834	0.056840070878	-13458.0	0.0320284697509	0.00447011915031
28535	Nikhil Bansal	6	0.0922303337488	0.0203214899677	44660.0	0.0249110320285	0.00435060895207
156773	Amit Sahai	6	0.0863697412962	0.0266432983201	-11446.0	0.017793594306	0.0030282820763
56509	Noga Alon	6	0.0830642326787	0.0111424058462	26932.0	0.0195729537367	0.00357721537125
26470	Avi Wigderson	6	0.107393501149	0.0263737606516	-12922.0	0.017793594306	0.00271476647909
149809	Sanjeev Khanna	5	0.0172953736655	0.000618493919729	542.0	0.0142348754448	0.00264272012075
508420	Avinatan Hassidim	5	0.0987263807333	0.0298205521829	39136.0	0.0249110320285	0.00376692968599
156690	Boaz Barak	5	0.0983655386985	0.0313087965694	-11204.0	0.0213523131673	0.00340804704516
115756	James R. Lee	5	0.0969481678238	0.0580726855281	153342.0	0.0213523131673	0.00385284275753
156905	Alexandr Andoni	5	0.0736933499121	0.0430154591762	134936.0	0.0142348754448	0.00261978686031
157002	Krzysztof Onak	5	0.107307860398	0.0269321814586	7810.0	0.0249110320285	0.00368886192186
156635	Santosh Vempala	5	0.0697946353421	0.00862085371192	25822.0	0.0160142348754	0.00379346754262
26505	Prasad Raghavendra	5	0.0900696498926	0.00316126414619	1812.0	0.0124555160142	0.00205265364169
157048	Julia Chuzhoy	4	0.0168461431807	0.000301317550637	154.0	0.0106761565836	0.00187467115215
60014	Leonard J. Schulman	4	0.0782349168253	0.017990530624	3812.0	0.0160142348754	0.00283600194434
7065	Xi Chen	4	0.0815045771893	6.34352738184e-06	3302.0	0.0106761565836	0.00180587801526
156618	Parikshit Gopalan	4	0.104882351473	0.00880670396057	4778.0	0.0195729537367	0.00298081037378
156623	Anup Rao	4	0.110843539489	0.0479249189161	-14488.0	0.0231316725979	0.00341610579173
156624	David P. Woodruff	4	0.0649127143944	0.0202231652933	66704.0	0.0142348754448	0.00257883099301
156649	Guy Kindler	4	0.112136714116	0.037911850197	-14056.0	0.0249110320285	0.00365235726568
156675	Jonathan A. Kelner	4	0.099603298993	0.02421129908	304.0	0.017793594306	0.00300340887766
156693	Christopher Umans	4	0.0625879334602	0.00860816665715	28478.0	0.0142348754448	0.00312412677684
115755	Uriel Feige	4	0.0805290586113	0.00687638368191	19914.0	0.0106761565836	0.00205894763843
115894	Oded Regev	4	0.0985817266956	0.0258884663898	35174.0	0.0195729537367	0.00296212681401
36099	Jon M. Kleinberg	4	0.0260972716489	0.000805627977493	822.0	0.0231316725979	0.00294255570738
156991	Yael Tauman Kalai	4	0.0929309785494	0.00766072560086	13860.0	0.0124555160142	0.00209920808711
28453	Dániel Marx	4	0.00355871886121	0.0	4.0	0.00711743772242	0.00177619893428
118617	Alexander A. Sherstov	4	0.0883546007482	0.00346356595048	10764.0	0.00711743772242	0.0014424281195
26504	Venkatesan Guruswami	4	0.0851132554962	0.00226025166888	6870.0	0.0124555160142	0.00223197575602
249744	Chaitanya Swamy	4	0.0715385735989	0.0169181875274	52718.0	0.0142348754448	0.00275603719489
53208	Piotr Indyk	4	0.064881416075	0.00218217341935	8842.0	0.0124555160142	0.00234724065172
211213	Jan Vondrák	3	0.0803367504116	0.0	3350.0	0.00711743772242	0.00128481140393
157080	Ben Reichardt	3	0.065577025799	0.0	4104.0	0.0106761565836	0.00173230681381
157081	Moses Charikar	3	0.00569395017794	1.90305821455e-05	24.0	0.00889679715302	0.00208453466576
60143	Elchanan Mossel	3	0.0977936460316	0.00517631834358	12622.0	0.0124555160142	0.0021472882526
115189	Chandra Chekuri	3	0.0205897305541	0.00121161372993	1834.0	0.0160142348754	0.00296995800186
84404	Michael Ben-Or	3	0.0866478151574	0.000218745969217	3106.0	0.0124555160142	0.00180667012884
59962	Yuval Peres	3	0.0685153039407	0.0119638926421	35644.0	0.017793594306	0.00317357669596
28771	Mohammad Taghi Hajiaghayi	3	0.0180160142349	0.000964216162039	1446.0	0.017793594306	0.00334059949242
613086	Ben Toner	3	0.0869276853614	0.00165566064666	3096.0	0.0124555160142	0.00183650780776
66287	David Steurer	3	0.0962546902285	0.0032074586188	1264.0	0.0142348754448	0.00206965112907
58214	Eyal Kushilevitz	3	0.0759390840516	0.00173812650262	7634.0	0.0106761565836	0.00192603170559
156666	Tali Kaufman	3	0.0664185868408	0.00346990947786	13244.0	0.00889679715302	0.00215040845032
115738	Dan Boneh	3	0.0517753200998	0.00687638368191	28126.0	0.0142348754448	0.00242766403029
58453	Asaf Shapira	3	0.0712356045206	0.00346356595048	12418.0	0.0106761565836	0.00211744896412
156791	Vitaly Feldman	3	0.0977936460316	0.00610682822322	-56.0	0.0142348754448	0.00224994461607
74888	Luca Trevisan	3	0.00875992335067	0.0	26.0	0.00889679715302	0.0016186497634
156872	Adam R. Klivans	3	0.107393501149	0.00957652647901	13252.0	0.0124555160142	0.00197796235031
156888	Shahar Dobzinski	3	0.0559285357188	0.00517631834358	20862.0	0.0124555160142	0.00238269872756
# Periodo: 2010-2014
28535	Nikhil Bansal	4	0.0402977956761	0.00120107390137	522.0	0.0326409495549	0.00481929155336
74634	Joseph Naor	4	0.0417903066271	0.00331178465451	1448.0	0.0385756676558	0.00579978702954
157124	Konstantin Makarychev	4	0.0417903066271	0.00400063586265	2228.0	0.0356083086053	0.00521058647879
156635	Santosh Vempala	4	0.0324701663002	0.00130705101032	974.0	0.026706231454	0.00413426762112
156697	Robert Krauthgamer	3	0.0465294135642	0.0066765578635	4022.0	0.0296735905045	0.00421971044528
156701	Shachar Lovett	3	0.0324701663002	0.00132471386181	978.0	0.0178041543027	0.00385859785796
157125	Yury Makarychev	3	0.0322382365409	4.41571287269e-05	280.0	0.0178041543027	0.00280295364638
156761	Yevgeniy Dodis	3	0.0324701663002	0.00303801045641	1958.0	0.0296735905045	0.00492965579574
156905	Alexandr Andoni	3	0.0429843153879	0.00597004380387	3850.0	0.0207715133531	0.00336911644304
157123	Ankur Moitra	3	0.0315619099002	0.00413310724883	2954.0	0.0237388724036	0.00466106166289
56543	Ken-ichi Kawarabayashi	3	0.00890207715134	3.53257029815e-05	14.0	0.0148367952522	0.00383531308743
156970	Vinod Vaikuntanathan	3	0.00890207715134	0.0	6.0	0.0148367952522	0.00295857988166
157002	Krzysztof Onak	3	0.0392465488324	0.001907587961	1118.0	0.0207715133531	0.00344726765227
26488	Emanuele Viola	3	0.0	0.0	0.0	0.00593471810089	0.00295857988166
12673	Christian Wulff-Nilsen	3	0.0148367952522	2.64942772361e-05	10.0	0.0207715133531	0.00349032188751
26510	Mark Braverman	3	0.0327054573603	0.001907587961	1302.0	0.0237388724036	0.00389138151222
156592	Arnab Bhattacharyya	3	0.0460546236299	0.00546665253639	376.0	0.0326409495549	0.00544076052613
156607	Amir Shpilka	3	0.0425788029786	0.0033471103575	1400.0	0.026706231454	0.00471043504041
156618	Parikshit Gopalan	3	0.0395908168046	0.005722763883	3564.0	0.026706231454	0.0039825101073
156624	David P. Woodruff	3	0.0118694362018	7.0651405963e-05	24.0	0.0178041543027	0.00416327109095
118610	Madhu Sudan	3	0.0402977956761	0.00261410202063	1204.0	0.026706231454	0.00446053711521
156651	Zeev Dvir	2	0.0446866645121	0.00618199802176	3778.0	0.0207715133531	0.00334016232488
250113	Dorit Aharonov	2	0.0118694362018	5.29885544722e-05	20.0	0.0178041543027	0.0038291173105
366764	Daniel Wichs	2	0.0260887463337	3.53257029815e-05	346.0	0.0207715133531	0.00347295402934
420280	Glencora Borradaile	2	0.0148367952522	2.64942772361e-05	10.0	0.0207715133531	0.00349032188751
156690	Boaz Barak	2	0.00890207715134	8.83142574537e-06	6.0	0.0148367952522	0.00332570293267
122902	Cynthia Dwork	2	0.019943413153	0.0	86.0	0.0118694362018	0.00211035710693
115739	Omer Reingold	2	0.0317617320585	0.000830154020065	-26.0	0.0296735905045	0.00453872305337
511004	Shaddin Dughmi	2	0.00824266402901	7.0651405963e-05	42.0	0.0118694362018	0.00306759984138
156710	C. Seshadhri	2	0.00593471810089	1.76628514907e-05	8.0	0.0118694362018	0.00369282598367
117803	Aleksander Madry	2	0.0315619099002	0.0	286.0	0.0148367952522	0.00219868685482
156736	Subhash Khot	2	0.00890207715134	0.0	6.0	0.0148367952522	0.00295857988166
359274	Jinwoo Shin	2	0.026706231454	0.000326762752579	338.0	0.0207715133531	0.00319289565992
