# Periodo: 1987-1990
29861	Ken Kennedy	4	0.0267857142857	0.000440422805894	56.0	0.0357142857143	0.00769212156402
123121	Hans-Juergen Boehm	3	0.00446428571429	0.0	2.0	0.0133928571429	0.00444444444444
80710	David Ungar	3	0.00892857142857	4.00384368994e-05	8.0	0.0178571428571	0.00554744525547
115556	Gordon V. Cormack	3	0.00892857142857	4.00384368994e-05	8.0	0.0178571428571	0.00554744525547
51066	Susan Horwitz	3	0.0133928571429	2.00192184497e-05	6.0	0.0223214285714	0.00499594484996
29778	Vivek Sarkar	3	0.0119047619048	0.0	12.0	0.0178571428571	0.00399201596806
115237	Christopher W. Fraser	2	0.00446428571429	0.0	2.0	0.0133928571429	0.00444444444444
15417	Jack W. Davidson	2	0.00892857142857	4.00384368994e-05	8.0	0.0178571428571	0.00554744525547
693485	David R. Chase	2	0.00892857142857	0.0	4.0	0.0178571428571	0.00444444444444
38540	Thomas W. Reps	2	0.0133928571429	2.00192184497e-05	6.0	0.0223214285714	0.00499594484996
30353	Robert A. Ballance	2	0.0178571428571	0.000160153747598	24.0	0.0267857142857	0.00625415834997
129188	Peter Lee	2	0.00892857142857	4.00384368994e-05	8.0	0.0178571428571	0.00554744525547
693434	Rudolf Landwehr	2	0.0178571428571	0.000160153747598	24.0	0.0267857142857	0.00625415834997
49345	Ron Cytron	2	0.0178571428571	0.000160153747598	24.0	0.0267857142857	0.00625415834997
693455	Alan L. Wendt	2	0.00446428571429	0.0	2.0	0.0133928571429	0.00444444444444
50397	Saumya K. Debray	2	0.00892857142857	0.0	4.0	0.0178571428571	0.00444444444444
48354	David K. Gifford	2	0.00892857142857	4.00384368994e-05	8.0	0.0178571428571	0.00554744525547
49959	Craig Chambers	2	0.00595238095238	0.0	6.0	0.0133928571429	0.00389294403893
34065	Mark Weiser	2	0.0267857142857	0.000200192184497	32.0	0.0357142857143	0.00562531815951
78617	Keith D. Cooper	2	0.0178571428571	0.0	18.0	0.0223214285714	0.00441574998602
30048	David Callahan	2	0.0160714285714	0.0	20.0	0.0178571428571	0.00369394792956
26257	Rajiv Gupta	2	0.00892857142857	0.0	4.0	0.0178571428571	0.00444444444444
# Periodo: 1991-1994
78144	Monica S. Lam	4	0.0253342716397	0.000585280202897	68.0	0.0344827586207	0.0092092927805
693318	Steven Lucco	3	0.0197044334975	2.43866751207e-05	18.0	0.0246305418719	0.00488119210178
77906	William Pugh	3	0.00492610837438	0.0	2.0	0.0147783251232	0.00490196078431
29861	Ken Kennedy	3	0.0147783251232	9.75467004829e-05	14.0	0.0246305418719	0.00635458737211
107177	Susan L. Graham	3	0.0295566502463	0.000463346827294	48.0	0.0394088669951	0.00785080932073
203195	Todd A. Proebsting	3	0.00656814449918	0.0	6.0	0.0147783251232	0.00429368827823
49994	Charles N. Fischer	3	0.00985221674877	4.87733502414e-05	8.0	0.0197044334975	0.00611850579648
77687	Laurie J. Hendren	3	0.0197044334975	0.000195093400966	24.0	0.0295566502463	0.00689796876835
365064	Torbjörn Granlund	2	0.00985221674877	4.87733502414e-05	8.0	0.0197044334975	0.00611850579648
48655	William Landi	2	0.00985221674877	0.0	4.0	0.0197044334975	0.00490196078431
29726	Alexandru Nicolau	2	0.0131362889984	0.0	12.0	0.0197044334975	0.00440295878831
49697	Charles Consel	2	0.0147783251232	9.75467004829e-05	14.0	0.0246305418719	0.00635458737211
409642	Richard Johnson	2	0.00985221674877	0.0	4.0	0.0197044334975	0.00490196078431
50750	Joxan Jaffar	2	0.0147783251232	0.0	6.0	0.0246305418719	0.00490196078431
189196	Amr Sabry	2	0.0147783251232	0.0	6.0	0.0246305418719	0.00490196078431
26226	Benjamin G. Zorn	2	0.0147783251232	9.75467004829e-05	14.0	0.0246305418719	0.00635458737211
77433	Keshav Pingali	2	0.00985221674877	0.0	4.0	0.0197044334975	0.00490196078431
77469	Benjamin Goldberg	2	0.00492610837438	0.0	2.0	0.0147783251232	0.00490196078431
48806	Mary Lou Soffa	2	0.0147783251232	9.75467004829e-05	14.0	0.0246305418719	0.00635458737211
147635	Matthias Felleisen	2	0.0147783251232	0.0	6.0	0.0246305418719	0.00490196078431
# Periodo: 1995-1998
129188	Peter Lee	5	0.038037276531	0.00112513624697	164.0	0.0460251046025	0.00832608070635
51812	James R. Larus	4	0.0209205020921	0.000281284061742	42.0	0.0292887029289	0.00710388476648
203319	Ali-Reza Adl-Tabatabai	3	0.0392840539284	0.00154706233958	266.0	0.0418410041841	0.00687110595938
77431	Guang R. Gao	3	0.0292887029289	0.000562568123484	78.0	0.0376569037657	0.00782904397558
77433	Keshav Pingali	3	0.0125523012552	7.03210154355e-05	14.0	0.0209205020921	0.00540139926479
26257	Rajiv Gupta	3	0.00836820083682	0.0	4.0	0.0167364016736	0.00416666666667
147635	Matthias Felleisen	3	0.0167364016736	0.0	8.0	0.0251046025105	0.00416666666667
78529	Rastislav Bodík	3	0.00836820083682	0.0	4.0	0.0167364016736	0.00416666666667
50927	Alexander Aiken	3	0.0209205020921	0.000175802538589	26.0	0.0292887029289	0.00607515800275
29989	David A. Padua	3	0.0242080095637	0.000703210154355	138.0	0.0251046025105	0.00526127697003
429903	Peng Tu	3	0.0282426778243	0.000703210154355	134.0	0.0334728033473	0.00520371885428
430066	R. Kent Dybvig	3	0.0125523012552	1.75802538589e-05	6.0	0.0209205020921	0.00468369829684
202668	Matthew Flatt	2	0.0167364016736	0.0	8.0	0.0251046025105	0.00416666666667
321052	Erik Ruf	2	0.00418410041841	0.0	2.0	0.0125523012552	0.00416666666667
693318	Steven Lucco	2	0.0353556485356	0.00126577827784	240.0	0.0376569037657	0.00601196351517
26210	Brad Calder	2	0.0297536029754	0.000421926092613	70.0	0.0376569037657	0.00612966999318
577640	Oscar Waddell	2	0.0125523012552	1.75802538589e-05	6.0	0.0209205020921	0.00468369829684
26226	Benjamin G. Zorn	2	0.0267782426778	0.000246123554024	52.0	0.0334728033473	0.0054080271638
364669	Fred C. Chow	2	0.0211820083682	0.0	32.0	0.0292887029289	0.00430930156038
49801	Edward S. Davidson	2	0.00418410041841	0.0	2.0	0.0125523012552	0.00416666666667
693388	Glenn Ammons	2	0.0130753138075	0.0	16.0	0.0167364016736	0.00376473155827
693435	Andrew Ayers	2	0.0167364016736	3.51605077177e-05	8.0	0.0251046025105	0.00486387598614
693401	Ian Piumarta	2	0.0125523012552	7.03210154355e-05	14.0	0.0209205020921	0.00540139926479
48806	Mary Lou Soffa	2	0.00836820083682	0.0	4.0	0.0167364016736	0.00416666666667
# Periodo: 1999-2002
51812	James R. Larus	4	0.016339869281	7.71962328238e-05	10.0	0.0235294117647	0.00504560157251
81241	Manuel Fähndrich	4	0.0244343891403	0.000741083835109	162.0	0.0274509803922	0.00609547019638
462201	Trishul M. Chilimbi	4	0.016339869281	0.000138953219083	30.0	0.0235294117647	0.00521696612439
115237	Christopher W. Fraser	3	0.0128104575163	0.000308784931295	108.0	0.0156862745098	0.00384641963208
48735	Martin C. Rinard	3	0.0147635524798	0.000216149451907	80.0	0.0156862745098	0.00367525409075
78416	Saman P. Amarasinghe	3	0.022816399287	0.000524934383202	108.0	0.0313725490196	0.00682670094782
26257	Rajiv Gupta	3	0.0237254901961	0.000432298903813	98.0	0.0235294117647	0.00456466066643
409755	Keith H. Randall	3	0.027614379085	0.000988111780145	242.0	0.0274509803922	0.00563617425603
105119	Simon L. Peyton Jones	3	0.0278867102397	0.00035510267099	48.0	0.0352941176471	0.00621394904483
29861	Ken Kennedy	3	0.0317647058824	0.000617569862591	106.0	0.0392156862745	0.00680253470008
99544	Elliot K. Kolodner	3	0.038985005767	0.00160568164274	298.0	0.043137254902	0.00684160419136
50927	Alexander Aiken	3	0.0198529411765	0.000339663424425	78.0	0.0235294117647	0.00525500072385
29989	David A. Padua	3	0.0196078431373	0.000216149451907	38.0	0.0274509803922	0.00620986077255
81240	Manuvir Das	3	0.0198529411765	0.000432298903813	116.0	0.0235294117647	0.00515970282999
100368	K. Rustan M. Leino	2	0.0301247771836	0.00067932684885	168.0	0.0352941176471	0.0058621567255
194084	Mark D. Hill	2	0.0140056022409	3.08784931295e-05	14.0	0.0196078431373	0.00412421184823
82982	Olivier Tardieu	2	0.00392156862745	0.0	2.0	0.0117647058824	0.00390625
53803	William S. Evans	2	0.0147812971342	0.000370541917554	116.0	0.0156862745098	0.00350373219958
202796	Greg Nelson	2	0.0348813209494	0.00123513972518	276.0	0.0352941176471	0.00587394653837
50257	Nevin Heintze	2	0.00392156862745	0.0	2.0	0.0117647058824	0.00390625
29778	Vivek Sarkar	2	0.0316339869281	0.000864597807627	186.0	0.0352941176471	0.00567205885871
106078	James M. Stichnoth	2	0.0078431372549	0.0	4.0	0.0156862745098	0.00390625
430096	Lal George	2	0.0078431372549	3.08784931295e-05	8.0	0.0156862745098	0.00487568430657
26220	Hideaki Komatsu	2	0.0117647058824	1.54392465648e-05	6.0	0.0196078431373	0.00439096715328
26221	Toshio Nakatani	2	0.0117647058824	1.54392465648e-05	6.0	0.0196078431373	0.00439096715328
# Periodo: 2003-2006
78529	Rastislav Bodík	5	0.0320699708455	0.000733125330333	186.0	0.0379008746356	0.00722863149011
50927	Alexander Aiken	4	0.0255322908384	0.00122755869265	624.0	0.0262390670554	0.00448041141354
77834	David I. August	3	0.0174927113703	6.25145630516e-05	8.0	0.0233236151603	0.00374836891719
82562	Xiaotong Zhuang	3	0.0167930029155	0.000187543689155	120.0	0.0174927113703	0.00331960456643
50396	Shaz Qadeer	3	0.0142857142857	0.000238691968015	94.0	0.0174927113703	0.00400740012666
105983	Ondrej Lhoták	3	0.0349854227405	0.000204593115442	24.0	0.0408163265306	0.00399018552323
29958	Peng Wu	3	0.0320699708455	0.000306889673162	94.0	0.0379008746356	0.00400316578693
26221	Toshio Nakatani	3	0.0174927113703	0.00014207855239	44.0	0.0233236151603	0.00440938686487
77687	Laurie J. Hendren	3	0.0349854227405	0.000204593115442	24.0	0.0408163265306	0.00399018552323
51165	Jeffrey S. Foster	3	0.0240733027905	0.00121050926636	606.0	0.0233236151603	0.00435613191472
147459	John Whaley	2	0.0171952162789	0.000511482788604	372.0	0.0145772594752	0.00296308024961
51216	David Mandelin	2	0.0207511576059	3.40988525736e-05	34.0	0.0204081632653	0.00362078732347
147724	Todd D. Millstein	2	0.0116618075802	6.81977051472e-05	24.0	0.0174927113703	0.00409065589751
78144	Monica S. Lam	2	0.0133740571058	0.000272790820589	282.0	0.0116618075802	0.00273633673791
235579	Matthew J. Bridges	2	0.0149937526031	1.13662841912e-05	14.0	0.0204081632653	0.00320641719805
78193	Xiao-Feng Li	2	0.0366332868551	0.00112526213493	382.0	0.0379008746356	0.00450713904507
131482	Rupak Majumdar	2	0.00583090379009	0.0	4.0	0.0116618075802	0.00290697674419
78274	Mauricio J. Serrano	2	0.0233236151603	0.000545581641178	220.0	0.0233236151603	0.00397955533226
51792	Vikram S. Adve	2	0.00874635568513	3.40988525736e-05	14.0	0.0145772594752	0.00376841809172
82563	Santosh Pande	2	0.0116618075802	0.0	72.0	0.00874635568513	0.0017397903891
443038	Alice X. Zheng	2	0.0200610856588	0.0	84.0	0.0174927113703	0.00288632942953
82676	Mayur Naik	2	0.022172778886	0.000886570166914	506.0	0.0233236151603	0.0041358564559
82844	David F. Bacon	2	0.0178571428571	0.000204593115442	72.0	0.0233236151603	0.00424499866159
82854	Guilherme Ottoni	2	0.0149937526031	1.13662841912e-05	14.0	0.0204081632653	0.00320641719805
3021	Andrew Lumsdaine	2	0.0116618075802	0.0	8.0	0.0174927113703	0.00290697674419
50135	Chen Ding	2	0.00874635568513	0.0	6.0	0.0145772594752	0.00290697674419
29703	Rudolf Eigenmann	2	0.00583090379009	0.0	4.0	0.0116618075802	0.00290697674419
693319	Dinghao Wu	2	0.0142857142857	0.000204593115442	86.0	0.0174927113703	0.00354806474697
377928	Ranjit Jhala	2	0.00583090379009	0.0	4.0	0.0116618075802	0.00290697674419
140389	Michael I. Jordan	2	0.0200610856588	0.0	84.0	0.0174927113703	0.00288632942953
48267	Xiangyu Zhang	2	0.00583090379009	0.0	4.0	0.0116618075802	0.00290697674419
425222	Emery D. Berger	2	0.00874635568513	3.40988525736e-05	14.0	0.0145772594752	0.00376841809172
333021	Gang Ren	2	0.0271361291769	0.0	26.0	0.0320699708455	0.00306214505615
203319	Ali-Reza Adl-Tabatabai	2	0.0246955925227	0.000596729920038	224.0	0.0291545189504	0.00438289153977
# Periodo: 2007-2010
107064	Kathryn S. McKinley	6	0.0365154966522	0.00165902164529	890.0	0.0364464692483	0.00523478626619
401113	Madanlal Musuvathi	6	0.0355845595026	0.00428537252577	3712.0	0.0273348519362	0.00446873160166
147864	Sumit Gulwani	5	0.0175223409848	0.000343245857647	188.0	0.0205011389522	0.00472342883326
402502	Sorin Lerner	5	0.0486564225319	0.00466155611723	774.0	0.0227790432802	0.00364688469612
377928	Ranjit Jhala	5	0.0430071749721	0.00414322020089	4478.0	0.0273348519362	0.00445799776155
78529	Rastislav Bodík	4	0.023498381489	0.000592879208662	336.0	0.0250569476082	0.00397723085147
50173	Atanas Rountev	4	0.0229688686409	0.00031204168877	154.0	0.0273348519362	0.00360423537389
620555	Guoqing (Harry) Xu	3	0.0153125790939	0.0	36.0	0.0159453302961	0.00212371950165
147644	Zhong Shao	3	0.0182232346241	0.000218429182139	100.0	0.0227790432802	0.00441412950257
401672	Manu Sridharan	3	0.0194117064475	0.0002028270977	46.0	0.0182232346241	0.00286163138481
4394	Juan Chen	3	0.0529166622928	0.00394906092787	-274.0	0.0250569476082	0.00342371863225
506563	Ravi Chugh	3	0.0478454821564	0.00321576295926	-50.0	0.0182232346241	0.00277954553768
49959	Craig Chambers	3	0.0588867472694	0.0123325809662	10392.0	0.0296127562642	0.00378870946654
332716	Satish Narayanasamy	3	0.0283145957332	0.00124816675508	1138.0	0.0227790432802	0.00349309200721
509038	Armando Solar-Lezama	3	0.0178587699317	0.000156020844385	124.0	0.0205011389522	0.00329082657361
693390	Michael D. Bond	3	0.030125284738	0.000665688936042	456.0	0.0205011389522	0.00297343129621
50394	Cormac Flanagan	3	0.00455580865604	0.0	4.0	0.00911161731207	0.00227272727273
50395	Stephen N. Freund	3	0.00455580865604	0.0	4.0	0.00911161731207	0.00227272727273
50396	Shaz Qadeer	3	0.0255656058562	0.000665688936042	738.0	0.0113895216401	0.0022213309088
693526	Frances Perry	3	0.0588867472694	0.0119633316344	2238.0	0.0432801822323	0.00551369145908
50557	Eran Yahav	3	0.0112142982302	3.1204168877e-05	26.0	0.0136674259681	0.00251654729427
50558	Stephen J. Fink	3	0.0194117064475	0.0002028270977	46.0	0.0182232346241	0.00286163138481
452100	Chris Hawblitzel	3	0.049925720511	0.00100720122875	1058.0	0.0227790432802	0.00317666373117
48732	Viktor Kuncak	3	0.0113895216401	6.24083377539e-05	34.0	0.0159453302961	0.00326991169319
429698	Martin T. Vechev	3	0.0112142982302	3.1204168877e-05	26.0	0.0136674259681	0.00251654729427
430005	Alex Aiken	3	0.00683371298405	2.08027792513e-05	14.0	0.0113895216401	0.0029462177808
77834	David I. August	2	0.0448551395216	0.00143539176834	1804.0	0.0205011389522	0.00303570606378
38946	Steve Zdancewic	2	0.0180360096109	0.000343245857647	648.0	0.0136674259681	0.00272765304267
401475	Adam Chlipala	2	0.0	0.0	0.0	0.00455580865604	0.00227272727273
80035	Nick Mitchell	2	0.0153125790939	0.0	36.0	0.0159453302961	0.00212371950165
80037	Gary Sevitsky	2	0.0153125790939	0.0	36.0	0.0159453302961	0.00212371950165
147718	Samuel Z. Guyer	2	0.0204239218563	0.000228830571764	278.0	0.0113895216401	0.00213843767885
147724	Todd D. Millstein	2	0.0280133766297	0.000967329235186	920.0	0.0205011389522	0.00328003090943
78148	Matthew Arnold	2	0.0153125790939	0.0	36.0	0.0159453302961	0.00212371950165
514451	Zachary Tatlock	2	0.0376489039919	0.0	610.0	0.00911161731207	0.00158154720683
49551	Amer Diwan	2	0.00911161731207	3.1204168877e-05	20.0	0.0136674259681	0.00294145829761
131482	Rupak Majumdar	2	0.0441650604521	0.00784264777774	9800.0	0.0159453302961	0.00255259746602
174519	Byron Cook	2	0.0305396694615	0.00212188348363	3398.0	0.0159453302961	0.0029202210278
451089	Gene Novark	2	0.00455580865604	0.0	4.0	0.00911161731207	0.00227272727273
82561	J. Ramanujam	2	0.0172266514806	2.77370390017e-05	32.0	0.0182232346241	0.00243087917107
402080	Sigmund Cherem	2	0.0142369020501	0.00016642223401	120.0	0.0136674259681	0.00301164989914
51880	Thomas A. Henzinger	2	0.0366866316854	0.00343245857647	4610.0	0.0182232346241	0.00313907726146
82649	Filip Pizlo	2	0.025319782723	0.00216348904214	2268.0	0.0205011389522	0.00302692161831
82676	Mayur Naik	2	0.0124019235637	0.000124816675508	78.0	0.0159453302961	0.00291787099266
# Periodo: 2011-2014
147864	Sumit Gulwani	4	0.0418848167539	0.00110223201984	92.0	0.0523560209424	0.010204618521
77834	David I. August	3	0.0575916230366	0.00165334802976	134.0	0.0680628272251	0.00928353991027
77833	Nick P. Johnson	2	0.0422338568935	0.000110223201984	30.0	0.0471204188482	0.00622601661282
107064	Kathryn S. McKinley	2	0.0304616849119	0.000661339211904	82.0	0.0366492146597	0.00707951477203
48735	Martin C. Rinard	2	0.0304616849119	0.000385781206944	56.0	0.0366492146597	0.00647214546403
693351	Donald Nguyen	2	0.0575916230366	0.0	22.0	0.0680628272251	0.00520833333333
693352	Dimitrios Prountzos	2	0.0575916230366	0.0	22.0	0.0680628272251	0.00520833333333
77433	Keshav Pingali	2	0.0575916230366	0.0	22.0	0.0680628272251	0.00520833333333
181441	Ashish Tiwari	2	0.0279232111693	5.5111600992e-05	24.0	0.0314136125654	0.00584599403181
693390	Michael D. Bond	2	0.0335078534031	0.00082667401488	92.0	0.0418848167539	0.00778212203852
693414	Prakash Prabhu	2	0.0422338568935	0.000110223201984	30.0	0.0471204188482	0.00622601661282
655032	Xin Sui	2	0.0575916230366	0.0	22.0	0.0680628272251	0.00520833333333
194262	Luis Ceze	2	0.0366492146597	0.00055111600992	54.0	0.0471204188482	0.00744849994895
52027	Kathleen Fisher	2	0.0304616849119	0.000385781206944	56.0	0.0366492146597	0.00647214546403
430005	Alex Aiken	2	0.0335078534031	0.00027555800496	20.0	0.0418848167539	0.00706211834777
452569	Milind Kulkarni	2	0.0575916230366	0.0	22.0	0.0680628272251	0.00520833333333
123263	Mooly Sagiv	2	0.0335078534031	0.00027555800496	20.0	0.0418848167539	0.00706211834777
77832	Jae W. Lee	1	0.0351948807446	0.0	36.0	0.0314136125654	0.00449635737992
336395	Changhee Jung	1	0.020942408377	0.0	8.0	0.0314136125654	0.00520833333333
