# Periodo: 1987-1991
29861	Ken Kennedy	5	0.0307984790875	0.000841726409892	148.0	0.0380228136882	0.00826222018339
123121	Hans-Juergen Boehm	4	0.0192490494297	0.000232200388936	78.0	0.0190114068441	0.00375620208533
78144	Monica S. Lam	3	0.0114068441065	5.80500972339e-05	14.0	0.0190114068441	0.00491036296799
80710	David Ungar	3	0.00760456273764	2.9025048617e-05	8.0	0.0152091254753	0.00472793629728
30048	David Callahan	3	0.0205323193916	0.000232200388936	74.0	0.0190114068441	0.00421210631195
115556	Gordon V. Cormack	3	0.00760456273764	2.9025048617e-05	8.0	0.0152091254753	0.00472793629728
51066	Susan Horwitz	3	0.0114068441065	1.45125243085e-05	6.0	0.0190114068441	0.00425790754258
146834	Robert R. Henry	3	0.0228136882129	0.000348300583403	60.0	0.0304182509506	0.00695479384004
29778	Vivek Sarkar	3	0.0101394169835	0.0	12.0	0.0152091254753	0.00340228633642
51884	Thomas G. Moher	2	0.00760456273764	0.0	4.0	0.0152091254753	0.00378787878788
147661	Robert Cartwright	2	0.00760456273764	2.9025048617e-05	8.0	0.0152091254753	0.00472793629728
49697	Charles Consel	2	0.0121673003802	8.70751458509e-05	24.0	0.0190114068441	0.00485280662795
115237	Christopher W. Fraser	2	0.00380228136882	0.0	2.0	0.0114068441065	0.00378787878788
78381	Alan J. Demers	2	0.0279986173522	0.000522450875105	112.0	0.0342205323194	0.00566387001204
15417	Jack W. Davidson	2	0.00760456273764	2.9025048617e-05	8.0	0.0152091254753	0.00472793629728
78410	Paul Hudak	2	0.0121673003802	8.70751458509e-05	24.0	0.0190114068441	0.00485280662795
77906	William Pugh	2	0.00380228136882	0.0	2.0	0.0114068441065	0.00378787878788
693485	David R. Chase	2	0.00760456273764	0.0	4.0	0.0152091254753	0.00378787878788
38540	Thomas W. Reps	2	0.0114068441065	1.45125243085e-05	6.0	0.0190114068441	0.00425790754258
30353	Robert A. Ballance	2	0.0152091254753	0.000116100194468	24.0	0.0228136882129	0.00533024859372
77469	Benjamin Goldberg	2	0.0	0.0	0.0	0.00760456273764	0.00378787878788
129188	Peter Lee	2	0.00760456273764	2.9025048617e-05	8.0	0.0152091254753	0.00472793629728
48806	Mary Lou Soffa	2	0.0114068441065	5.80500972339e-05	14.0	0.0190114068441	0.00491036296799
176328	John H. Reppy	2	0.0	0.0	0.0	0.00760456273764	0.00378787878788
693434	Rudolf Landwehr	2	0.0152091254753	0.000116100194468	24.0	0.0228136882129	0.00533024859372
49345	Ron Cytron	2	0.0152091254753	0.000116100194468	24.0	0.0228136882129	0.00533024859372
# Periodo: 1992-1996
693318	Steven Lucco	4	0.0247252747253	0.000300385758553	20.0	0.0277777777778	0.00511445273701
26226	Benjamin G. Zorn	4	0.0277777777778	0.000252956428255	38.0	0.0357142857143	0.00571690013568
77433	Keshav Pingali	4	0.0119047619048	6.32391070638e-05	14.0	0.0198412698413	0.00512385701008
430066	R. Kent Dybvig	4	0.015873015873	6.32391070638e-05	6.0	0.0238095238095	0.00503789101577
203319	Ali-Reza Adl-Tabatabai	3	0.0189075630252	0.000252956428255	82.0	0.0238095238095	0.00461989805006
51812	James R. Larus	3	0.015873015873	0.00015809776766	28.0	0.0238095238095	0.0062982943418
77431	Guang R. Gao	3	0.0277777777778	0.00050591285651	78.0	0.0357142857143	0.00742676109068
107177	Susan L. Graham	3	0.0247252747253	0.00058496174034	122.0	0.031746031746	0.00585728156194
147635	Matthias Felleisen	3	0.0238095238095	9.48586605957e-05	12.0	0.031746031746	0.00507338139216
12076	Bernhard Steffen	3	0.00793650793651	0.0	4.0	0.015873015873	0.00395256916996
27408	Jens Knoop	3	0.00793650793651	0.0	4.0	0.015873015873	0.00395256916996
49959	Craig Chambers	3	0.0330687830688	0.000885347498893	152.0	0.0396825396825	0.00768267791884
49960	Susan J. Eggers	3	0.0283446712018	0.000537532410042	112.0	0.031746031746	0.00622891650174
50996	David B. Whalley	3	0.00793650793651	3.16195535319e-05	8.0	0.015873015873	0.00493349874499
78144	Monica S. Lam	3	0.0119047619048	9.48586605957e-05	18.0	0.0198412698413	0.00603072409437
77687	Laurie J. Hendren	3	0.015873015873	0.000126478214128	24.0	0.0238095238095	0.00556199853258
147851	Oliver Rüthing	3	0.00793650793651	0.0	4.0	0.015873015873	0.00395256916996
365064	Torbjörn Granlund	2	0.00793650793651	3.16195535319e-05	8.0	0.015873015873	0.00493349874499
48655	William Landi	2	0.00793650793651	0.0	4.0	0.015873015873	0.00395256916996
321052	Erik Ruf	2	0.00396825396825	0.0	2.0	0.0119047619048	0.00395256916996
400816	David A. Barrett	2	0.0149572649573	0.0	26.0	0.0119047619048	0.00208748872165
30248	Reinhard von Hanxleden	2	0.00396825396825	0.0	2.0	0.0119047619048	0.00395256916996
409642	Richard Johnson	2	0.00892857142857	0.0	8.0	0.015873015873	0.00388085766954
15417	Jack W. Davidson	2	0.00793650793651	3.16195535319e-05	8.0	0.015873015873	0.00493349874499
107585	Suresh Jagannathan	2	0.00793650793651	3.16195535319e-05	8.0	0.015873015873	0.00493349874499
# Periodo: 1993-1997
77433	Keshav Pingali	5	0.0184501845018	0.000218668853355	42.0	0.0258302583026	0.00626813361748
693318	Steven Lucco	4	0.0361623616236	0.00143501435014	240.0	0.0405904059041	0.00685796243455
51812	James R. Larus	4	0.0184501845018	0.000218668853355	42.0	0.0258302583026	0.00626813361748
26226	Benjamin G. Zorn	4	0.0271720899027	0.000300669673363	58.0	0.0332103321033	0.00543644185024
147635	Matthias Felleisen	4	0.0221402214022	8.20008200082e-05	12.0	0.029520295203	0.00471899078021
430066	R. Kent Dybvig	4	0.0147601476015	5.46672133388e-05	6.0	0.0221402214022	0.00468597951099
107177	Susan L. Graham	4	0.0289298892989	0.000915675823425	248.0	0.029520295203	0.00517054693012
203319	Ali-Reza Adl-Tabatabai	3	0.026786934536	0.000656006560066	222.0	0.0221402214022	0.00404238088093
77431	Guang R. Gao	3	0.0258302583026	0.00043733770671	78.0	0.0332103321033	0.00690797997848
26257	Rajiv Gupta	3	0.0110701107011	1.36668033347e-05	6.0	0.0184501845018	0.0041326749678
50394	Cormac Flanagan	3	0.0221402214022	8.20008200082e-05	12.0	0.029520295203	0.00471899078021
49960	Susan J. Eggers	3	0.0236162361624	0.000355336886702	80.0	0.029520295203	0.00577982223992
78144	Monica S. Lam	3	0.0181663355095	0.000355336886702	98.0	0.0184501845018	0.00410113529311
50165	Thomas R. Gross	3	0.0190328219072	0.000355336886702	176.0	0.0147601476015	0.00324553279674
321052	Erik Ruf	2	0.00369003690037	0.0	2.0	0.0110701107011	0.00367647058824
400816	David A. Barrett	2	0.0157312099437	0.0	38.0	0.0110701107011	0.00196363919084
409642	Richard Johnson	2	0.0115313653137	0.0	16.0	0.0147601476015	0.00332182196318
15417	Jack W. Davidson	2	0.00738007380074	2.73336066694e-05	8.0	0.0147601476015	0.00458887934736
48196	Thomas Ball	2	0.0115313653137	0.0	16.0	0.0147601476015	0.00332182196318
99402	Carl Bruggeman	2	0.0118081180812	1.36668033347e-05	10.0	0.0184501845018	0.00383115340704
26210	Brad Calder	2	0.0271720899027	0.000382670493372	86.0	0.0332103321033	0.00540700363651
577640	Oscar Waddell	2	0.0118081180812	1.36668033347e-05	10.0	0.0184501845018	0.00383115340704
78529	Rastislav Bodík	2	0.00830258302583	0.0	8.0	0.0147601476015	0.00322026620867
49801	Edward S. Davidson	2	0.00369003690037	0.0	2.0	0.0110701107011	0.00367647058824
105119	Simon L. Peyton Jones	2	0.0184501845018	0.000109334426678	26.0	0.0258302583026	0.0047084429689
49072	Dawson R. Engler	2	0.00738007380074	0.0	4.0	0.0147601476015	0.00367647058824
12076	Bernhard Steffen	2	0.00738007380074	0.0	4.0	0.0147601476015	0.00367647058824
# Periodo: 1998-2002
51812	James R. Larus	5	0.0165898617512	0.000156592546195	34.0	0.0225806451613	0.00509684179731
50927	Alexander Aiken	5	0.0189753320683	0.000260987576991	84.0	0.0225806451613	0.00463723729109
81241	Manuel Fähndrich	5	0.0230414746544	0.00060549117862	188.0	0.0258064516129	0.00534226391805
26257	Rajiv Gupta	4	0.0195161290323	0.00029230608623	98.0	0.0193548387097	0.00375740552192
409755	Keith H. Randall	4	0.0279156327543	0.00121098235724	394.0	0.0290322580645	0.0060635976888
129188	Peter Lee	4	0.0345622119816	0.00148240943731	442.0	0.0354838709677	0.00618572288071
29989	David A. Padua	4	0.0225806451613	0.000354943104708	82.0	0.0290322580645	0.00650840396122
462201	Trishul M. Chilimbi	4	0.0145161290323	0.000114834533876	40.0	0.0193548387097	0.00434395381049
115237	Christopher W. Fraser	3	0.0105376344086	0.000208790061593	108.0	0.0129032258065	0.00316618430494
107064	Kathryn S. McKinley	3	0.0230414746544	0.000396701117027	108.0	0.0258064516129	0.00507508052632
48735	Martin C. Rinard	3	0.0121442125237	0.000146153043115	80.0	0.0129032258065	0.00302528953083
106078	James M. Stichnoth	3	0.0129032258065	0.0	8.0	0.0193548387097	0.0032154340836
105321	Michal Cierniak	3	0.0129032258065	0.0	8.0	0.0193548387097	0.0032154340836
105119	Simon L. Peyton Jones	3	0.0229390681004	0.000240108570832	48.0	0.0290322580645	0.00511501914944
29861	Ken Kennedy	3	0.0268817204301	0.000563733166301	154.0	0.0322580645161	0.00567167577653
49330	J. Eliot B. Moss	3	0.0230414746544	0.000396701117027	108.0	0.0258064516129	0.00507508052632
78529	Rastislav Bodík	3	0.0185867895545	8.35160246372e-05	42.0	0.0161290322581	0.00292878554884
99544	Elliot K. Kolodner	3	0.0320683111954	0.00108570832028	298.0	0.0354838709677	0.0056316742707
78416	Saman P. Amarasinghe	3	0.0187683284457	0.000354943104708	108.0	0.0258064516129	0.00561940657481
382778	Perry Cheng	3	0.0241935483871	0.00029230608623	146.0	0.0161290322581	0.00319279687138
82752	Guei-Yuan Lueh	3	0.0129032258065	0.0	8.0	0.0193548387097	0.0032154340836
81240	Manuvir Das	3	0.0179211469534	0.000334064098549	132.0	0.0193548387097	0.00408687275169
147865	George C. Necula	3	0.0250278086763	0.0	58.0	0.0225806451613	0.0035036909746
51165	Jeffrey S. Foster	3	0.0179211469534	7.30765215576e-05	36.0	0.0193548387097	0.00379517773044
100368	K. Rustan M. Leino	2	0.0259216589862	0.000542854160142	212.0	0.0290322580645	0.00481417362403
194084	Mark D. Hill	2	0.0129032258065	2.08790061593e-05	18.0	0.0161290322581	0.0034385575003
82982	Olivier Tardieu	2	0.00322580645161	0.0	2.0	0.00967741935484	0.0032154340836
53803	William S. Evans	2	0.012158808933	0.000250548073912	116.0	0.0129032258065	0.00288410101903
202796	Greg Nelson	2	0.031556802244	0.00116922434492	392.0	0.0290322580645	0.00480609201542
51792	Vikram S. Adve	2	0.0179211469534	0.000187911055434	88.0	0.0161290322581	0.00325191518997
50257	Nevin Heintze	2	0.00322580645161	0.0	2.0	0.00967741935484	0.0032154340836
# Periodo: 1999-2003
51812	James R. Larus	5	0.0262832180561	0.00129591563142	598.0	0.0268656716418	0.00508684707683
50927	Alexander Aiken	5	0.0298098548354	0.00348556618107	1814.0	0.0298507462687	0.00516862994185
78416	Saman P. Amarasinghe	5	0.025438027255	0.000956296362499	332.0	0.0328358208955	0.00628060867567
48735	Martin C. Rinard	4	0.0201749871333	0.000768612029672	350.0	0.0208955223881	0.00418679213303
26221	Toshio Nakatani	4	0.0208955223881	0.000223433729556	54.0	0.0268656716418	0.0053018239618
29989	David A. Padua	4	0.0417910447761	0.000929484314952	236.0	0.0477611940299	0.00581245840992
81241	Manuel Fähndrich	4	0.0310874200426	0.00348556618107	2124.0	0.0208955223881	0.00396496045284
462201	Trishul M. Chilimbi	4	0.0195929443691	0.000330681919743	254.0	0.0179104477612	0.00362421015492
115237	Christopher W. Fraser	3	0.00975124378109	0.000178746983645	108.0	0.0119402985075	0.00293060419938
430096	Lal George	3	0.0119402985075	0.00016087228528	66.0	0.0149253731343	0.00370209647928
26220	Hideaki Komatsu	3	0.0162520729685	4.46867459112e-05	18.0	0.0208955223881	0.00398138509677
409755	Keith H. Randall	3	0.0216694306247	0.000625614442756	272.0	0.0208955223881	0.00431770995383
105119	Simon L. Peyton Jones	3	0.0212271973466	0.000205559031191	48.0	0.0268656716418	0.00473443736749
29861	Ken Kennedy	3	0.0248756218905	0.000500491554205	160.0	0.0298507462687	0.00521299405317
78529	Rastislav Bodík	3	0.03078891258	0.00164447224953	714.0	0.0238805970149	0.00421602627483
47311	Shmuel Sagiv	3	0.0305291723202	0.0011082312986	376.0	0.0298507462687	0.00510810017736
99544	Elliot K. Kolodner	3	0.0319829424307	0.00117973009205	390.0	0.0328358208955	0.00525716710882
50394	Cormac Flanagan	3	0.0243781094527	0.000446867459112	188.0	0.0268656716418	0.00473949221418
81240	Manuvir Das	3	0.0298098548354	0.00314594691215	2022.0	0.0179104477612	0.00336038043686
26257	Rajiv Gupta	3	0.02565742715	0.000393243364018	202.0	0.0179104477612	0.00331409338555
147865	George C. Necula	3	0.0268656716418	0.000357493967289	98.0	0.0328358208955	0.0046960691938
51165	Jeffrey S. Foster	3	0.0265380414998	0.000268120475467	164.0	0.0179104477612	0.00310507675552
78422	William Thies	2	0.0208955223881	6.25614442756e-05	56.0	0.0179104477612	0.00325229470796
100368	K. Rustan M. Leino	2	0.0243781094527	0.000428992760747	184.0	0.0268656716418	0.00455130496975
194084	Mark D. Hill	2	0.0192430703625	1.78746983645e-05	112.0	0.0149253731343	0.00283330079298
82982	Olivier Tardieu	2	0.00298507462687	0.0	2.0	0.0089552238806	0.00297619047619
53803	William S. Evans	2	0.011251435132	0.000214496380374	116.0	0.0119402985075	0.00266950994524
202796	Greg Nelson	2	0.0278606965174	0.000804361426401	316.0	0.0268656716418	0.00455654205645
402502	Sorin Lerner	2	0.0272014925373	0.00289570113504	1888.0	0.0179104477612	0.00317958909752
106078	James M. Stichnoth	2	0.00597014925373	0.0	4.0	0.0119402985075	0.00297619047619
49266	Robert DeLine	2	0.0226679104478	0.0	192.0	0.0089552238806	0.00175327189643
38540	Thomas W. Reps	2	0.0119402985075	7.14987934579e-05	24.0	0.0179104477612	0.0041880524665
402081	Radu Rugina	2	0.0139303482587	0.0	84.0	0.0089552238806	0.00180792605163
# Periodo: 2004-2008
78529	Rastislav Bodík	8	0.0353982300885	0.000922237701862	380.0	0.0398230088496	0.00691127255027
77834	David I. August	5	0.0307181756297	0.000894439756948	478.0	0.0309734513274	0.00436740275518
377928	Ranjit Jhala	5	0.0297522123894	0.00484665345447	5646.0	0.0287610619469	0.00483609778374
50396	Shaz Qadeer	5	0.00884955752212	4.90551969076e-05	28.0	0.0132743362832	0.00351759043812
147644	Zhong Shao	4	0.0233683628319	0.000475835410003	238.0	0.0265486725664	0.00431244588776
82844	David F. Bacon	4	0.0205922396188	0.000318858779899	160.0	0.0243362831858	0.0041427082929
48267	Xiangyu Zhang	4	0.0110619469027	5.88662362891e-05	34.0	0.0154867256637	0.00317607316778
50557	Eran Yahav	4	0.0140894271076	9.81103938151e-05	94.0	0.0132743362832	0.00247628703122
430005	Alex Aiken	4	0.0147492625369	0.000181504228558	110.0	0.0154867256637	0.00306890430976
147864	Sumit Gulwani	3	0.0167675826735	0.000284520142064	196.0	0.0154867256637	0.00327096700793
131482	Rupak Majumdar	3	0.0252995003311	0.00103015913506	294.0	0.0132743362832	0.00216613794861
174519	Byron Cook	3	0.0181415929204	0.00111845848949	1850.0	0.0154867256637	0.0028402768589
51792	Vikram S. Adve	3	0.00884955752212	3.9244157526e-05	24.0	0.0132743362832	0.00310637004137
82562	Xiaotong Zhuang	3	0.0170597548104	0.00039244157526	950.0	0.0132743362832	0.00237243443513
51880	Thomas A. Henzinger	3	0.0258265732547	0.00214861762455	1362.0	0.0199115044248	0.00338003405936
509038	Armando Solar-Lezama	3	0.023598820059	6.86772756706e-05	48.0	0.0221238938053	0.00345126751144
203319	Ali-Reza Adl-Tabatabai	3	0.0244672799255	0.00120675784393	280.0	0.0287610619469	0.00335925609422
462201	Trishul M. Chilimbi	3	0.0187402394586	0.000382630535879	240.0	0.0199115044248	0.00372743893503
194065	Neil Vachharajani	3	0.0199668141593	2.45275984538e-05	80.0	0.0154867256637	0.00231983965425
425222	Emery D. Berger	3	0.00884955752212	3.9244157526e-05	24.0	0.0132743362832	0.00310637004137
429698	Martin T. Vechev	3	0.0133849557522	0.0	40.0	0.0110619469027	0.00192039100535
26257	Rajiv Gupta	3	0.00790139064475	0.0	14.0	0.0110619469027	0.00215467455609
100147	Andrey Rybalchenko	3	0.021622247376	0.00176598708867	2560.0	0.0154867256637	0.00266521407804
147459	John Whaley	2	0.0130140551796	8.82993544336e-05	84.0	0.0110619469027	0.0022057522498
235579	Matthew J. Bridges	2	0.0199668141593	6.54069292101e-06	80.0	0.0154867256637	0.00221307559625
208991	Serdar Tasiran	2	0.00589970501475	0.0	12.0	0.00884955752212	0.00214411431299
336030	Xipeng Shen	2	0.0154867256637	3.9244157526e-05	14.0	0.0199115044248	0.00286166848466
123121	Hans-Juergen Boehm	2	0.00221238938053	0.0	2.0	0.00663716814159	0.00220750551876
401672	Manu Sridharan	2	0.0188790560472	0.0	60.0	0.00884955752212	0.00156159105076
147724	Todd D. Millstein	2	0.0110619469027	5.88662362891e-05	34.0	0.0154867256637	0.00317607316778
78193	Xiao-Feng Li	2	0.0243362831858	0.000294331181445	142.0	0.0287610619469	0.00356977023727
78274	Mauricio J. Serrano	2	0.0204342118059	0.00145203382846	2150.0	0.0176991150442	0.00261531010102
78289	Tatiana Shpeisman	2	0.0235381427131	0.000147165590723	316.0	0.0243362831858	0.002736868204
107064	Kathryn S. McKinley	2	0.00663716814159	1.9622078763e-05	14.0	0.0110619469027	0.00286166848466
500335	Xinyu Feng	2	0.0162562524048	2.94331181445e-05	46.0	0.0176991150442	0.00278402623705
82561	J. Ramanujam	2	0.0132743362832	9.81103938151e-06	12.0	0.0176991150442	0.00248068934847
82563	Santosh Pande	2	0.014414831584	0.0	516.0	0.00663716814159	0.00127728633322
82581	Guangyu Chen	2	0.00884955752212	3.2703464605e-06	8.0	0.0132743362832	0.00237392500355
402080	Sigmund Cherem	2	0.0159292035398	0.00019622078763	152.0	0.0132743362832	0.00267168746097
82676	Mayur Naik	2	0.0158027812895	0.000181504228558	-18.0	0.0176991150442	0.00312900404304
49959	Craig Chambers	2	0.0295160837196	0.00406177030395	5248.0	0.0154867256637	0.00235690655618
82843	Joshua S. Auerbach	2	0.0157470067673	4.41496772168e-05	34.0	0.0176991150442	0.00290557332026
82854	Guilherme Ottoni	2	0.0199668141593	6.54069292101e-06	80.0	0.0154867256637	0.00221307559625
402369	Tayfun Elmas	2	0.00589970501475	0.0	12.0	0.00884955752212	0.00214411431299
82887	Feihui Li	2	0.00884955752212	3.2703464605e-06	8.0	0.0132743362832	0.00237392500355
# Periodo: 2005-2009
78529	Rastislav Bodík	8	0.0455525806931	0.00327264793581	2442.0	0.0361445783133	0.0052628153969
377928	Ranjit Jhala	6	0.0317189811879	0.00543286492718	7952.0	0.0261044176707	0.00439116316288
147864	Sumit Gulwani	5	0.0187416331995	0.000428272445921	324.0	0.0180722891566	0.00386103095598
77834	David I. August	4	0.0260240963855	0.00061143298883	418.0	0.0261044176707	0.00361124968091
147644	Zhong Shao	4	0.0212098393574	0.000391909691078	238.0	0.0240963855422	0.00391490579903
401672	Manu Sridharan	4	0.0311372070561	0.000496957649512	158.0	0.0160642570281	0.00243769098628
107064	Kathryn S. McKinley	4	0.030850675429	0.001640364274	1438.0	0.0220883534137	0.00351559151609
82676	Mayur Naik	4	0.0325301204819	0.00209287855648	1814.0	0.0261044176707	0.00444824440214
82844	David F. Bacon	4	0.0186901451962	0.000262619896083	160.0	0.0220883534137	0.00365836147177
402502	Sorin Lerner	4	0.0327978580991	0.00522276901031	7878.0	0.0200803212851	0.00342873253983
50396	Shaz Qadeer	4	0.013851323662	0.000387869384985	676.0	0.0100401606426	0.00211633480943
50557	Eran Yahav	4	0.0127879940816	3.63627548423e-05	38.0	0.0120481927711	0.00206398321937
425222	Emery D. Berger	4	0.00803212851406	3.23224487487e-05	24.0	0.0120481927711	0.00282001128005
429698	Martin T. Vechev	4	0.0127879940816	3.63627548423e-05	38.0	0.0120481927711	0.00206398321937
147145	Michael W. Hicks	4	0.0242398164085	0.00104239897215	1022.0	0.0180722891566	0.00337748752794
401113	Madanlal Musuvathi	4	0.017628957388	0.00117168876714	1572.0	0.0140562248996	0.00271638761123
430005	Alex Aiken	4	0.0228727409639	0.000597965301851	646.0	0.0140562248996	0.00287761690136
174519	Byron Cook	3	0.0195987200836	0.00111512448183	2226.0	0.0140562248996	0.00259359170813
51792	Vikram S. Adve	3	0.00803212851406	3.23224487487e-05	24.0	0.0120481927711	0.00282001128005
107675	Koushik Sen	3	0.0239976298637	0.00074341632122	838.0	0.0140562248996	0.00253120282357
509038	Armando Solar-Lezama	3	0.0303683871288	5.65642853103e-05	162.0	0.0200803212851	0.00287521056408
48267	Xiangyu Zhang	3	0.0100401606426	4.84836731231e-05	34.0	0.0140562248996	0.00288328886774
203320	Bratin Saha	3	0.0264905776954	0.00305043110066	4198.0	0.0401606425703	0.0037934890895
462201	Trishul M. Chilimbi	3	0.0187416331995	0.000395949997172	308.0	0.0180722891566	0.00335996746928
50558	Stephen J. Fink	3	0.0311372070561	0.000496957649512	158.0	0.0160642570281	0.00243769098628
333197	Emmett Witchel	3	0.0295093417147	0.00103701189735	712.0	0.0321285140562	0.00388202250259
106068	Erez Petrank	3	0.0139941208131	0.000294942344832	436.0	0.0120481927711	0.00254196562595
26226	Benjamin G. Zorn	3	0.0053547523427	0.0	12.0	0.00803212851406	0.00180000720003
100147	Andrey Rybalchenko	3	0.0235184641003	0.00177773468118	3084.0	0.0140562248996	0.00246190542362
51067	Ben Liblit	3	0.0271084337349	0.00122825305245	1094.0	0.0261044176707	0.00417663724437
51216	David Mandelin	2	0.0439257028112	0.00242418365615	1942.0	0.0401606425703	0.00289236480779
38946	Steve Zdancewic	2	0.00903614457831	4.04030609359e-05	40.0	0.0120481927711	0.0025347271284
235579	Matthew J. Bridges	2	0.0171211160431	5.38707479145e-06	76.0	0.0140562248996	0.0020018324719
208991	Serdar Tasiran	2	0.0111264731055	0.0	244.0	0.00803212851406	0.00173151321996
147147	Dan Grossman	2	0.0297610193862	0.00450898160045	6910.0	0.0240963855422	0.00274375174492
123121	Hans-Juergen Boehm	2	0.00200803212851	0.0	2.0	0.00602409638554	0.00200400801603
147718	Samuel Z. Guyer	2	0.0205671169527	0.000202015304679	312.0	0.0100401606426	0.00193731275796
147724	Todd D. Millstein	2	0.0100401606426	4.84836731231e-05	34.0	0.0140562248996	0.00288328886774
78148	Matthew Arnold	2	0.0205671169527	0.00129289794995	1656.0	0.0180722891566	0.00268266881777
131482	Rupak Majumdar	2	0.0277085352906	0.0037817265036	6160.0	0.0120481927711	0.00200353126674
78289	Tatiana Shpeisman	2	0.0252423305789	0.000141410713276	382.0	0.0220883534137	0.00226248049093
451089	Gene Novark	2	0.0053547523427	0.0	12.0	0.00803212851406	0.00180000720003
500335	Xinyu Feng	2	0.0147546708573	2.42418365615e-05	46.0	0.0160642570281	0.00252738255273
82561	J. Ramanujam	2	0.0142887338829	6.19513601017e-05	190.0	0.0160642570281	0.00219655551848
82562	Xiaotong Zhuang	2	0.00803212851406	2.42418365615e-05	20.0	0.0120481927711	0.00259367064318
82581	Guangyu Chen	2	0.00803212851406	2.69353739573e-06	8.0	0.0120481927711	0.00215508622567
402080	Sigmund Cherem	2	0.0163989290495	0.000193934692492	184.0	0.0120481927711	0.00240405571669
51880	Thomas A. Henzinger	2	0.0235184641003	0.00177773468118	3006.0	0.0160642570281	0.00282359247112
506563	Ravi Chugh	2	0.0280307275614	2.69353739573e-06	344.0	0.0120481927711	0.00195098409669
# Periodo: 2010-2014
107064	Kathryn S. McKinley	5	0.0456388495992	0.00298341092387	828.0	0.049504950495	0.00788559749822
147864	Sumit Gulwani	5	0.0316831683168	0.0010053985531	246.0	0.036303630363	0.00742422436188
693390	Michael D. Bond	4	0.0456388495992	0.00288505671759	876.0	0.036303630363	0.00582554666351
77834	David I. August	3	0.0371837183718	0.000830546630822	190.0	0.042904290429	0.00601155631755
620555	Guoqing (Harry) Xu	3	0.0347252116516	0.000743120669683	92.0	0.029702970297	0.00420231290655
693414	Prakash Prabhu	3	0.0328091632693	0.000524555766835	138.0	0.036303630363	0.00529159631534
401113	Madanlal Musuvathi	3	0.023102310231	0.000262277883417	62.0	0.029702970297	0.00500853174434
50173	Atanas Rountev	3	0.0347252116516	0.000743120669683	92.0	0.029702970297	0.00420231290655
452100	Chris Hawblitzel	2	0.015087223008	0.000152995431994	68.0	0.016501650165	0.00374842834864
77833	Nick P. Johnson	2	0.0293555671357	4.37129805696e-05	38.0	0.029702970297	0.00405817211662
401475	Adam Chlipala	2	0.0	0.0	0.0	0.00660066006601	0.00328947368421
4680	Yang Chen	2	0.029702970297	0.000393416825126	90.0	0.036303630363	0.00499778690957
48735	Martin C. Rinard	2	0.019201920192	0.000152995431994	56.0	0.023102310231	0.00408767081848
693351	Donald Nguyen	2	0.035936927026	0.0	36.0	0.042904290429	0.00349380926544
693352	Dimitrios Prountzos	2	0.035936927026	0.0	36.0	0.042904290429	0.00349380926544
181441	Ashish Tiwari	2	0.0206629358588	2.18564902848e-05	46.0	0.019801980198	0.003767123495
655032	Xin Sui	2	0.035936927026	0.0	36.0	0.042904290429	0.00349380926544
194262	Luis Ceze	2	0.023102310231	0.000218564902848	54.0	0.029702970297	0.00470431574583
77433	Keshav Pingali	2	0.035936927026	0.0	36.0	0.042904290429	0.00349380926544
693512	Abhayendra Singh	2	0.0161716171617	0.0	20.0	0.019801980198	0.00320492984492
147724	Todd D. Millstein	2	0.0161716171617	0.0	20.0	0.019801980198	0.00320492984492
147226	Yannis Smaragdakis	2	0.013201320132	8.74259611392e-05	24.0	0.019801980198	0.00462890009455
4394	Juan Chen	2	0.016247778624	0.000262277883417	94.0	0.019801980198	0.00442362742548
693440	Roman Manevich	2	0.0431243124312	0.000721264179398	184.0	0.049504950495	0.00458093998109
52027	Kathleen Fisher	2	0.019201920192	0.000152995431994	56.0	0.023102310231	0.00408767081848
429953	Daniel Marino	2	0.0161716171617	0.0	20.0	0.019801980198	0.00320492984492
514450	Ross Tate	2	0.017601760176	0.000327847354272	112.0	0.019801980198	0.00442940813408
131482	Rupak Majumdar	2	0.0258745874587	0.000284134373702	124.0	0.016501650165	0.00263766883739
429981	Martin Hirzel	2	0.0319471947195	9.83542062816e-05	100.0	0.029702970297	0.00445441036835
402502	Sorin Lerner	2	0.013201320132	0.000152995431994	76.0	0.016501650165	0.00385030140244
# Periodo: 2011-2015
147864	Sumit Gulwani	4	0.0418848167539	0.00110223201984	92.0	0.0523560209424	0.010204618521
77834	David I. August	3	0.0575916230366	0.00165334802976	134.0	0.0680628272251	0.00928353991027
77833	Nick P. Johnson	2	0.0422338568935	0.000110223201984	30.0	0.0471204188482	0.00622601661282
107064	Kathryn S. McKinley	2	0.0304616849119	0.000661339211904	82.0	0.0366492146597	0.00707951477203
48735	Martin C. Rinard	2	0.0304616849119	0.000385781206944	56.0	0.0366492146597	0.00647214546403
693351	Donald Nguyen	2	0.0575916230366	0.0	22.0	0.0680628272251	0.00520833333333
693352	Dimitrios Prountzos	2	0.0575916230366	0.0	22.0	0.0680628272251	0.00520833333333
77433	Keshav Pingali	2	0.0575916230366	0.0	22.0	0.0680628272251	0.00520833333333
181441	Ashish Tiwari	2	0.0279232111693	5.5111600992e-05	24.0	0.0314136125654	0.00584599403181
693390	Michael D. Bond	2	0.0335078534031	0.00082667401488	92.0	0.0418848167539	0.00778212203852
693414	Prakash Prabhu	2	0.0422338568935	0.000110223201984	30.0	0.0471204188482	0.00622601661282
655032	Xin Sui	2	0.0575916230366	0.0	22.0	0.0680628272251	0.00520833333333
194262	Luis Ceze	2	0.0366492146597	0.00055111600992	54.0	0.0471204188482	0.00744849994895
52027	Kathleen Fisher	2	0.0304616849119	0.000385781206944	56.0	0.0366492146597	0.00647214546403
430005	Alex Aiken	2	0.0335078534031	0.00027555800496	20.0	0.0418848167539	0.00706211834777
452569	Milind Kulkarni	2	0.0575916230366	0.0	22.0	0.0680628272251	0.00520833333333
123263	Mooly Sagiv	2	0.0335078534031	0.00027555800496	20.0	0.0418848167539	0.00706211834777
77832	Jae W. Lee	1	0.0351948807446	0.0	36.0	0.0314136125654	0.00449635737992
336395	Changhee Jung	1	0.020942408377	0.0	8.0	0.0314136125654	0.00520833333333
