# Periodo: 1985-1987
56576	Micha Sharir	6	0.159828807556	0.0432688226806	0.11038961039	0.0162052077633
58341	Raimund Seidel	6	0.147534283898	0.0270421299833	0.0909090909091	0.0131599426531
116796	Bernard Chazelle	5	0.0972230534443	0.00514246102481	0.0324675324675	0.00613896857912
118506	Subhash Suri	5	0.147534283898	0.0116571881278	0.0844155844156	0.0110441771274
57545	Emo Welzl	4	0.0990488384855	0.0149958973488	0.0519480519481	0.00958898366712
30967	Jean-Daniel Boissonnat	4	0.025974025974	0.000424412189118	0.038961038961	0.0102804417321
58140	Leonidas J. Guibas	4	0.127863046045	0.0101858925388	0.0519480519481	0.00781256489305
45381	Chee-Keng Yap	4	0.162287712288	0.0496208584444	0.0974025974026	0.0134453888841
27589	David Avis	4	0.0857617991764	0.00942195059842	0.0324675324675	0.00774669384813
58018	David G. Kirkpatrick	4	0.108191808192	0.0093370681606	0.0324675324675	0.00607067290672
117768	John Hershberger	3	0.121950304031	0.0	0.038961038961	0.00564757631338
45170	David Rappaport	3	0.108749497925	0.0137509549274	0.0324675324675	0.00597050256407
36002	Kurt Mehlhorn	3	0.110457605222	0.0226423902894	0.0649350649351	0.0114270311386
57544	Herbert Edelsbrunner	3	0.108191808192	0.00222109045638	0.025974025974	0.00437125185775
104565	Mark H. Overmars	3	0.110457605222	0.0115510850805	0.0324675324675	0.00572184586672
# Periodo: 1988-1990
56576	Micha Sharir	14	0.189131413141	0.0569974841176	0.113636363636	0.0146017440863
57544	Herbert Edelsbrunner	10	0.169046661303	0.0276836313038	0.113636363636	0.015306402341
57545	Emo Welzl	7	0.176872895623	0.0749955163884	0.0965909090909	0.012541992126
58140	Leonidas J. Guibas	7	0.16467476489	0.0142440827571	0.0909090909091	0.0116435666542
117768	John Hershberger	6	0.177695560254	0.0265973534042	0.0738636363636	0.00904972089147
116796	Bernard Chazelle	5	0.161200613732	0.0119798799685	0.0681818181818	0.00922547085116
118506	Subhash Suri	5	0.166106719368	0.0972316790353	0.0738636363636	0.0110489163898
44959	Joseph S. B. Mitchell	5	0.116123238464	0.0303246753247	0.0568181818182	0.0104515453403
60363	Pankaj K. Agarwal	5	0.169797979798	0.0152272727273	0.0454545454545	0.00585234305683
65506	Jack Snoeyink	5	0.157870022539	0.00199973997864	0.0625	0.00755421202451
58341	Raimund Seidel	5	0.159851654622	0.00569882498454	0.0681818181818	0.00853883826041
56847	Jirí Matousek	4	0.12863483318	0.0	0.0170454545455	0.00263261032672
104565	Mark H. Overmars	4	0.153431909456	0.00758008658009	0.0397727272727	0.00595820060935
59591	Boris Aronov	4	0.159851654622	0.0173874458874	0.0625	0.00849780504552
57145	Rephael Wenger	4	0.151006108516	0.00634059987631	0.0681818181818	0.00868751385859
45381	Chee-Keng Yap	4	0.139432647644	0.0104545454545	0.0454545454545	0.0069257325147
46830	Hiroshi Imai	4	0.12863483318	0.0298701298701	0.0625	0.0101919175738
# Periodo: 1991-1993
56576	Micha Sharir	12	0.157619382022	0.0711005915729	0.0898876404494	0.0155785660241
57544	Herbert Edelsbrunner	6	0.120090957731	0.0163778327938	0.0505617977528	0.0109734859758
59591	Boris Aronov	6	0.139332050407	0.0395215726105	0.0898876404494	0.0136898841285
12685	David Eppstein	6	0.0379213483146	0.00114263949724	0.0449438202247	0.00822400987362
56847	Jirí Matousek	5	0.123020005481	0.00162138428659	0.0337078651685	0.00533776137321
32663	Dan Halperin	5	0.148347653668	0.0334124565842	0.0674157303371	0.010468085683
65506	Jack Snoeyink	5	0.123020005481	0.0163143528217	0.0561797752809	0.0100961123731
38916	Roberto Tamassia	4	0.0393258426966	0.000888719608963	0.0505617977528	0.00962039732645
56509	Noga Alon	4	0.114632277835	0.00690344696248	0.0449438202247	0.00735249785485
36030	Rolf Klein	4	0.0224719101124	0.000190439916206	0.0337078651685	0.00723040028463
104565	Mark H. Overmars	4	0.14748012353	0.0156252172678	0.0561797752809	0.0087156913094
115423	Otfried Schwarzkopf	4	0.115155712893	0.00235404896422	0.0337078651685	0.00526326042762
117047	Marshall W. Bern	4	0.0252808988764	0.0	0.0224719101124	0.00428946529109
183115	Ketan Mulmuley	4	0.00561797752809	0.0	0.0168539325843	0.00558659217877
12700	Mark de Berg	4	0.123623044724	0.00287216645053	0.0449438202247	0.00699587564532
115161	Marc J. van Kreveld	4	0.13856648969	0.0411353241862	0.0561797752809	0.00880932717029
38915	Michael T. Goodrich	3	0.0229400749064	0.0	0.0224719101124	0.00429266779096
# Periodo: 1994-1996
56576	Micha Sharir	13	0.114649141403	0.0671055255018	0.0528301886792	0.00872962140104
115423	Otfried Schwarzkopf	7	0.114008643407	0.0366543885884	0.0377358490566	0.00606696934394
60363	Pankaj K. Agarwal	7	0.113375262055	0.044950447875	0.0339622641509	0.0054154334225
45381	Chee-Keng Yap	6	0.0231132075472	0.000328759291023	0.0301886792453	0.00614495313198
38915	Michael T. Goodrich	5	0.072884097035	0.0323899371069	0.0339622641509	0.00664828377883
104565	Mark H. Overmars	5	0.104120138621	0.0403657218044	0.0415094339623	0.00708569362115
118513	Matthew Dickerson	5	0.0781898358997	0.00539355822375	0.0339622641509	0.00639788640657
65506	Jack Snoeyink	5	0.0805031446541	0.023294464969	0.0490566037736	0.00788284460444
56847	Jirí Matousek	4	0.0981132075472	0.0	0.0188679245283	0.00291036161643
48815	David P. Dobkin	4	0.0150943396226	8.57632933105e-05	0.022641509434	0.00486557011635
59591	Boris Aronov	4	0.101278149726	0.0205546026301	0.0339622641509	0.00532894966896
57545	Emo Welzl	4	0.0949188240456	0.0341528492472	0.0452830188679	0.0079404358892
613099	Joonsoo Choi	4	0.0142235123367	0.0	0.0150943396226	0.00287927893322
46830	Hiroshi Imai	4	0.0618410520297	0.00145797598628	0.0452830188679	0.00459979517826
30967	Jean-Daniel Boissonnat	4	0.0925512343302	0.0113097777485	0.0452830188679	0.00741125092159
117543	Nina Amenta	4	0.0150943396226	8.57632933105e-05	0.022641509434	0.00486557011635
45896	Dinesh Manocha	4	0.022641509434	0.000314465408805	0.0301886792453	0.00650649337671
12682	Michiel H. M. Smid	4	0.0188679245283	0.000200114351058	0.0264150943396	0.00597640736005
12700	Mark de Berg	4	0.108840251572	0.0268052806732	0.0377358490566	0.00613713821446
44959	Joseph S. B. Mitchell	4	0.0846786189619	0.0435391652373	0.0339622641509	0.00682182936899
38916	Roberto Tamassia	3	0.0629862566969	0.0195254431103	0.0415094339623	0.00642592243805
116796	Bernard Chazelle	3	0.0120754716981	0.0	0.0188679245283	0.00383739777715
58140	Leonidas J. Guibas	3	0.100529789014	0.0239329250414	0.022641509434	0.0041149372952
57544	Herbert Edelsbrunner	3	0.0773013150372	0.00586049170955	0.022641509434	0.00484199372843
250068	Jürgen Sellen	3	0.0184905660377	4.28816466552e-05	0.022641509434	0.00443176812193
56575	János Pach	3	0.0188679245283	0.000185820468839	0.0264150943396	0.00584229749985
# Periodo: 1997-1999
58140	Leonidas J. Guibas	11	0.182086065002	0.0963408339181	0.0685358255452	0.00922934203918
65506	Jack Snoeyink	8	0.181409165132	0.0857122113749	0.0529595015576	0.00763663742403
60363	Pankaj K. Agarwal	8	0.173662154522	0.0362376983681	0.0529595015576	0.00664248804013
28815	Sariel Har-Peled	7	0.152022010656	0.00184231753449	0.0280373831776	0.00367904598773
56576	Micha Sharir	7	0.164583694504	0.0254708761514	0.0404984423676	0.00543250676997
129140	Julien Basch	6	0.157670647562	0.0123269576227	0.0373831775701	0.00468172506535
59591	Boris Aronov	6	0.168563265701	0.0447828778389	0.0436137071651	0.00583143535873
44959	Joseph S. B. Mitchell	6	0.151785584512	0.0369411993769	0.0467289719626	0.00720013563028
38915	Michael T. Goodrich	5	0.14900477991	0.079938992731	0.0436137071651	0.00585682054212
117768	John Hershberger	5	0.163207576657	0.0239307818674	0.0373831775701	0.00458127385256
45685	Gill Barequet	5	0.121390710001	0.00451064382139	0.0373831775701	0.00535398344721
115488	Siu-Wing Cheng	5	0.165420560748	0.0549778330158	0.0591900311526	0.00808164347306
45896	Dinesh Manocha	5	0.103060328238	0.0247858255452	0.0529595015576	0.00748219376031
12700	Mark de Berg	5	0.187688713156	0.0731465332994	0.0654205607477	0.00813965276934
36002	Kurt Mehlhorn	5	0.131356838279	0.0576611676366	0.0529595015576	0.00719750988543
129141	Li Zhang 0001	5	0.141857748316	0.00427491466472	0.0311526479751	0.00398881895366
173602	Hervé Brönnimann	4	0.111033140889	0.000954049844237	0.0218068535826	0.00288076967468
28816	Edgar A. Ramos	4	0.125608920001	0.00404335410177	0.0218068535826	0.0029956271813
22208	Alon Efrat	4	0.132246789758	0.000301791277259	0.0155763239875	0.00211792110523
33071	A. Frank van der Stappen	4	0.150614399446	0.0103362971616	0.0311526479751	0.00440154247687
45895	Ming C. Lin	4	0.10273487457	0.0146222741433	0.0436137071651	0.00596392367187
32663	Dan Halperin	4	0.155658900863	0.0269454943192	0.0404984423676	0.00537070667219
115161	Marc J. van Kreveld	4	0.153940269465	0.0186373575261	0.0404984423676	0.00585822310523
57030	Géza Tóth	3	0.01246105919	1.94704049844e-05	0.018691588785	0.00362524918222
115827	Ileana Streinu	3	0.0843544778229	0.0	0.00934579439252	0.00171648372147
48815	David P. Dobkin	3	0.00934579439252	0.0	0.0155763239875	0.00310559006211
123018	Sylvain Pion	3	0.130828593621	0.0185523527475	0.0404984423676	0.00501480302976
57544	Herbert Edelsbrunner	3	0.135930544347	0.00413718291055	0.0280373831776	0.00419174550708
57545	Emo Welzl	3	0.152735729016	0.0178264537902	0.0311526479751	0.00430132934773
44751	Tamal K. Dey	3	0.152022010656	0.062379719842	0.0280373831776	0.00375069496382
118506	Subhash Suri	3	0.139227005479	0.00085020768432	0.0249221183801	0.00311673320926
46830	Hiroshi Imai	3	0.0218068535826	7.78816199377e-05	0.0280373831776	0.00402588765078
# Periodo: 2000-2002
56576	Micha Sharir	12	0.13698630137	0.107382737771	0.0730593607306	0.012551637493
28815	Sariel Har-Peled	6	0.120476551693	0.0439515171826	0.0456621004566	0.00793143449373
44959	Joseph S. B. Mitchell	6	0.108147080029	0.0221258710011	0.0502283105023	0.00955858643205
65506	Jack Snoeyink	5	0.0963184931507	0.0377026517532	0.0547945205479	0.00970352701129
57545	Emo Welzl	4	0.104777057705	0.011017552679	0.0228310502283	0.00500132157903
116959	Vladlen Koltun	4	0.106896824768	0.0	0.0182648401826	0.00300317307501
58140	Leonidas J. Guibas	4	0.0996935346897	0.0245346515298	0.0502283105023	0.00766740561485
32663	Dan Halperin	4	0.107518317936	0.0249675338277	0.0502283105023	0.0093261473296
12700	Mark de Berg	4	0.124533001245	0.0638152290785	0.0547945205479	0.00826891949674
116233	Bernd Gärtner	3	0.0840597758406	0.00372837334004	0.0182648401826	0.00443285912183
62010	Matthew J. Katz	3	0.0963184931507	0.00464301174368	0.027397260274	0.00496671131036
12705	Olivier Devillers	3	0.0308219178082	0.000356080599891	0.0365296803653	0.00662710877878
28816	Edgar A. Ramos	3	0.0217438573603	0.0	0.0182648401826	0.00317034740965
58018	David G. Kirkpatrick	3	0.0790305584826	0.00737296300951	0.027397260274	0.00534566377564
157382	Jeff Erickson	3	0.104186764422	0.0237666345496	0.0319634703196	0.00500260073557
129141	Li Zhang 0001	3	0.0814676241627	0.000195495231313	0.041095890411	0.0062486143668
117047	Marshall W. Bern	3	0.0735314142542	0.00737296300951	0.0228310502283	0.00453797277058
59591	Boris Aronov	3	0.110737429251	0.0403418373759	0.0456621004566	0.00803854981019
57544	Herbert Edelsbrunner	3	0.013698630137	8.37836705626e-05	0.0228310502283	0.00589243556159
44751	Tamal K. Dey	3	0.0757916011678	0.0179715973357	0.0319634703196	0.00645980444415
74984	Franz Aurenhammer	3	0.013698630137	2.09459176407e-05	0.0228310502283	0.00510948905109
56575	János Pach	3	0.104481077316	0.00011171156075	0.0365296803653	0.00586057946331
# Periodo: 2003-2005
56576	Micha Sharir	10	0.167598956228	0.0597695207558	0.0468227424749	0.00697523701098
60363	Pankaj K. Agarwal	10	0.172138882807	0.101439061214	0.0802675585284	0.0121128406434
28815	Sariel Har-Peled	9	0.168338907469	0.0715615901785	0.0501672240803	0.0079243367775
57544	Herbert Edelsbrunner	7	0.137897875377	0.0478739721518	0.0367892976589	0.00571516097413
12685	David Eppstein	6	0.0311294057113	0.000987632151916	0.0367892976589	0.00810370372485
103569	Erik D. Demaine	5	0.143072279707	0.0397297479293	0.0602006688963	0.00775316076096
104686	John Harer	5	0.134969070944	0.01043373512	0.0334448160535	0.00507496315618
56575	János Pach	5	0.128379671858	0.00497931209924	0.0267558528428	0.00425631847301
116508	Timothy M. Chan	5	0.120851862256	0.00996610626024	0.0234113712375	0.00380365859389
12694	Rom Pinchasi	5	0.127520944956	0.000387944902097	0.0200668896321	0.00311829750924
32663	Dan Halperin	5	0.0234113712375	0.000359138964333	0.0301003344482	0.00681532854998
173603	John Iacono	4	0.139922064374	0.00150389441314	0.0367892976589	0.0039545598885
56964	Csaba D. Tóth	4	0.0167224080268	0.000168346389531	0.0234113712375	0.00573245133812
28816	Edgar A. Ramos	4	0.0401337792642	0.00104374761509	0.0367892976589	0.00575230900151
58140	Leonidas J. Guibas	4	0.0797672856523	0.0132656954951	0.0234113712375	0.00524075288466
66229	Sergey Bereg	4	0.131252194636	0.00526737147688	0.0301003344482	0.00474152549888
157382	Jeff Erickson	4	0.165777228443	0.0730224627365	0.066889632107	0.00675679354479
44751	Tamal K. Dey	4	0.0309603440038	0.000516262261229	0.0267558528428	0.0045484140503
44753	Yusu Wang	4	0.15405560623	0.0166339836605	0.0267558528428	0.00382286954109
116959	Vladlen Koltun	4	0.161562553143	0.00853831348433	0.0301003344482	0.00422718524693
115488	Siu-Wing Cheng	4	0.0387004300048	0.00102130142982	0.0367892976589	0.00588119394795
12671	Günter Rote	4	0.141479638374	0.0344306457087	0.0602006688963	0.00698839671257
118732	Kasturi R. Varadarajan	4	0.139922064374	0.00415877932656	0.0234113712375	0.00377421420758
173602	Hervé Brönnimann	3	0.156265420253	0.0471737305265	0.0501672240803	0.00622246312769
57429	Sue Whitesides	3	0.151304613261	0.045653908391	0.066889632107	0.0072770041103
173657	Lars Arge	3	0.131705570093	0.019730196853	0.0334448160535	0.00589185651489
182879	Sylvain Lazard	3	0.135931417261	0.0132208031245	0.0468227424749	0.00579521156791
58488	Rados Radoicic	3	0.127734547879	0.00321728655548	0.0234113712375	0.00365514083493
28814	Stefan Funke	3	0.0387004300048	0.00159367915423	0.0401337792642	0.00655742296741
61614	Jonathan Richard Shewchuk	3	0.00334448160535	0.0	0.0100334448161	0.00333333333333
# Periodo: 2006-2008
56576	Micha Sharir	12	0.143671841785	0.126422115896	0.0804195804196	0.0146248425353
44959	Joseph S. B. Mitchell	7	0.12906114601	0.0324868114342	0.0839160839161	0.00999485015265
60363	Pankaj K. Agarwal	7	0.116748668708	0.0356377540588	0.041958041958	0.00731116428023
182879	Sylvain Lazard	5	0.10708041958	0.0492700282174	0.0559440559441	0.00722195533128
103569	Erik D. Demaine	5	0.122596544779	0.026328057907	0.0664335664336	0.00890146634594
56575	János Pach	5	0.112901925093	0.0134707397865	0.027972027972	0.00596155219774
12671	Günter Rote	5	0.141593943247	0.0499447920501	0.0629370629371	0.00795722180343
173657	Lars Arge	4	0.0961170666641	0.0102073365231	0.0314685314685	0.00604060311379
65506	Jack Snoeyink	4	0.020979020979	0.000269905533063	0.027972027972	0.00603040849548
28815	Sariel Har-Peled	4	0.11655011655	0.00702981229297	0.0244755244755	0.00433399754674
116508	Timothy M. Chan	4	0.0034965034965	0.0	0.0104895104895	0.00348432055749
157382	Jeff Erickson	4	0.127619122033	0.0592197276408	0.0559440559441	0.00623553533316
153805	Kevin Buchin	4	0.1554001554	0.120954484112	0.0524475524476	0.00649424218871
471258	Marc Glisse	4	0.0895836189954	0.00321432953012	0.027972027972	0.0037937631647
30967	Jean-Daniel Boissonnat	4	0.0218318267099	0.00166850693166	0.027972027972	0.00599354940273
32663	Dan Halperin	4	0.129304657607	0.0134339344866	0.0314685314685	0.0056644649491
12700	Mark de Berg	4	0.121509695978	0.0191939639308	0.0314685314685	0.00501576509938
12705	Olivier Devillers	4	0.090054492157	0.0165623849834	0.034965034965	0.0051064291602
66568	Hazel Everett	3	0.0897008750412	0.000588884799411	0.0384615384615	0.00528629151475
56509	Noga Alon	3	0.15195447568	0.103588516746	0.0454545454545	0.00624602958001
59591	Boris Aronov	3	0.116155031409	0.0172432830328	0.027972027972	0.00496505007718
57544	Herbert Edelsbrunner	3	0.0172135556751	0.000834253465832	0.0244755244755	0.00515811063783
36043	Sándor P. Fekete	3	0.127145581691	0.00954484112379	0.0594405594406	0.00673014300089
471307	Erin W. Chambers	3	0.104788178183	0.000368052999632	0.0314685314685	0.00371839951895
147220	Hai Yu	3	0.0969327702001	0.000603197971619	0.0174825174825	0.00293809168635
116505	Anastasios Sidiropoulos	3	0.013986013986	7.36105999264e-05	0.020979020979	0.00450955279076
183082	Saurabh Ray	3	0.00699300699301	2.45368666421e-05	0.013986013986	0.00434904244767
104807	Frédéric Chazal	3	0.0223776223776	0.00154582259845	0.0174825174825	0.00355131764333
# Periodo: 2009-2011
56576	Micha Sharir	7	0.0859850073391	0.0159696890742	0.0460526315789	0.00710986895211
116508	Timothy M. Chan	6	0.0509015019861	0.00842452666319	0.0263157894737	0.0059826762465
12700	Mark de Berg	6	0.0729129623044	0.0116524810376	0.0361842105263	0.00619889714725
60363	Pankaj K. Agarwal	6	0.0954966231952	0.0381817787042	0.0559210526316	0.0081975399002
28815	Sariel Har-Peled	5	0.0609667707404	0.0175438596491	0.0296052631579	0.00637830564478
58140	Leonidas J. Guibas	5	0.0914501561106	0.0335099299404	0.0592105263158	0.0079804267108
44753	Yusu Wang	4	0.0169172932331	0.00019541427827	0.0230263157895	0.00512624495505
56617	Bettina Speckmann	4	0.0599506578947	0.00567787041862	0.0328947368421	0.00568759191213
176442	André Lieutier	4	0.00657894736842	0.0	0.0131578947368	0.00327868852459
152725	Dominique Attali	4	0.00657894736842	0.0	0.0131578947368	0.00327868852459
12685	David Eppstein	4	0.0660007242878	0.00592756644085	0.0230263157895	0.00396780729323
104893	Dmitriy Morozov	4	0.0729129623044	0.00620983150947	0.0394736842105	0.00585700468824
56847	Jirí Matousek	3	0.0201480263158	0.000260552371027	0.0263157894737	0.00478780176975
249900	Norbert Zeh	3	0.0137061403509	4.34253951711e-05	0.0197368421053	0.00398200341315
116796	Bernard Chazelle	3	0.0479605263158	0.0	0.00986842105263	0.00226334160526
56964	Csaba D. Tóth	3	0.0493872696616	0.000857651554629	0.0164473684211	0.00300606520207
44751	Tamal K. Dey	3	0.0131578947368	0.000108563487928	0.0164473684211	0.00369964636805
471258	Marc Glisse	3	0.0754623665808	0.0102483932604	0.0328947368421	0.00435767277914
30967	Jean-Daniel Boissonnat	3	0.0169172932331	0.000238839673441	0.0230263157895	0.00558515365637
56575	János Pach	3	0.0164473684211	0.000108563487928	0.0230263157895	0.00478045219889
57120	Gary L. Miller	3	0.0596194387903	0.00343060621852	0.0230263157895	0.00396875701635
117564	Peyman Afshani	3	0.0137061403509	4.34253951711e-05	0.0197368421053	0.00398200341315
104807	Frédéric Chazal	3	0.0744215063521	0.000930027213248	0.0361842105263	0.00485725629076
182660	Michael Kerber	3	0.0164473684211	0.000108563487928	0.0230263157895	0.00478045219889
36030	Rolf Klein	3	0.0164473684211	0.000151988883099	0.0230263157895	0.00521221100909
44959	Joseph S. B. Mitchell	3	0.0164473684211	8.68507903422e-05	0.0230263157895	0.00419900487718
115827	Ileana Streinu	3	0.00657894736842	2.17126975855e-05	0.0131578947368	0.00409237764748
515498	Benoît Hudson	3	0.0597845895903	0.00508077123502	0.0263157894737	0.00439350669704
249798	Mohammad Ali Abam	3	0.0729129623044	0.0179781136008	0.0197368421053	0.00328964115045
59874	Benjamin A. Burton	3	0.00328947368421	0.0	0.00986842105263	0.00327868852459
