# Periodo: 1987-1988
50058	Mustaque Ahamad	2	0.0526315789474	0.00105263157895	20.0	0.0789473684211	0.0168083335477
147087	Jehan-François Pâris	2	0.0131578947368	0.0	2.0	0.0394736842105	0.012987012987
26130	Darrell D. E. Long	2	0.0131578947368	0.0	2.0	0.0394736842105	0.012987012987
51504	Jerre D. Noe	2	0.0526315789474	0.00105263157895	20.0	0.0789473684211	0.0168083335477
26166	Bharat K. Bhargava	2	0.0263157894737	0.000350877192982	8.0	0.0526315789474	0.016210067305
282442	C. Thomas Wilkes	2	0.0421052631579	0.0	10.0	0.0657894736842	0.0132564645575
49995	Richard J. LeBlanc	2	0.0421052631579	0.0	10.0	0.0657894736842	0.0132564645575
# Periodo: 1989-1990
236212	Ralf Schumann	2	0.046511627907	9.11992704058e-05	8.0	0.0697674418605	0.012360781915
73410	Malathi Veeraraghavan	2	0.0484496124031	0.00109439124487	30.0	0.0697674418605	0.0150961385667
165581	Michael Mock	2	0.046511627907	9.11992704058e-05	8.0	0.0697674418605	0.012360781915
48994	Joanne Bechta Dugan	2	0.0484496124031	0.00109439124487	30.0	0.0697674418605	0.0150961385667
50641	Geneva G. Belford	2	0.0232558139535	0.000273597811218	8.0	0.046511627907	0.014346841178
11857	Reinhold Kröger	2	0.046511627907	9.11992704058e-05	8.0	0.0697674418605	0.012360781915
49159	Gail E. Kaiser	1	0.0116279069767	0.0	2.0	0.0348837209302	0.0114942528736
612874	Andy Y. Hwang	1	0.0581395348837	0.0	10.0	0.0813953488372	0.0114942528736
# Periodo: 1991-1992
38601	Luigi V. Mancini	2	0.0434782608696	0.000955566172957	24.0	0.0652173913043	0.015131028266
34095	K. H. Kim	2	0.054347826087	0.000955566172957	26.0	0.0760869565217	0.0137709311869
47485	Lorenzo Strigini	2	0.0326086956522	0.000477783086479	14.0	0.054347826087	0.0139390950294
47617	Juan A. Carrasco	1	0.0	0.0	0.0	0.0217391304348	0.010752688172
441772	Werner Schütz	1	0.0	0.0	0.0	0.0217391304348	0.010752688172
321554	Sarah E. Chodrow	1	0.0108695652174	0.0	2.0	0.0326086956522	0.010752688172
237587	Kinji Mori	1	0.0452898550725	0.0	12.0	0.0652173913043	0.0111368271128
241172	Chienwen Wu	1	0.0108695652174	0.0	2.0	0.0326086956522	0.010752688172
383510	James R. Russell	1	0.0217391304348	0.0	4.0	0.0434782608696	0.010752688172
# Periodo: 1993-1994
33916	Paulo Veríssimo	2	0.041095890411	0.000190258751903	6.0	0.0684931506849	0.0151903728931
53180	Luís Rodrigues	2	0.041095890411	0.000190258751903	6.0	0.0684931506849	0.0151903728931
48291	W. Kent Fuchs	2	0.027397260274	0.000380517503805	8.0	0.0547945205479	0.0168672322728
813824	Khaled S. Soufi	1	0.013698630137	0.0	2.0	0.041095890411	0.0135135135135
49281	Gilles Muller	1	0.027397260274	0.0	4.0	0.0547945205479	0.0135135135135
34178	Valérie Issarny	1	0.027397260274	0.0	4.0	0.0547945205479	0.0135135135135
383100	Sameh A. Fakhouri	1	0.027397260274	0.0	4.0	0.0547945205479	0.0135135135135
# Periodo: 1995-1996
50713	Flaviu Cristian	2	0.0285714285714	0.0003663003663	14.0	0.047619047619	0.0122295832414
82524	Isabelle Puaut	2	0.047619047619	0.0010989010989	34.0	0.0666666666667	0.0135732184403
50837	Rachid Guerraoui	2	0.0396825396825	0.0010989010989	40.0	0.0571428571429	0.0132699941681
47256	André Schiper	2	0.0340136054422	0.000732600732601	34.0	0.047619047619	0.0112884261179
74085	Robbert van Renesse	2	0.0666666666667	0.0010989010989	38.0	0.0857142857143	0.0118098269659
38415	Winfried E. Kühnhauser	1	0.0	0.0	0.0	0.0190476190476	0.00943396226415
441873	Anton V. Schedl	1	0.0285714285714	0.0	6.0	0.047619047619	0.00943396226415
26130	Darrell D. E. Long	1	0.0190476190476	0.0	4.0	0.0380952380952	0.00943396226415
65047	Shivakant Mishra	1	0.0214285714286	0.0	8.0	0.0380952380952	0.00926280179526
26136	Richard A. Golding	1	0.0190476190476	0.0	4.0	0.0380952380952	0.00943396226415
# Periodo: 1997-1998
47668	Achour Mostéfaoui	3	0.0260869565217	0.000151889120942	12.0	0.0347826086957	0.00617622003164
26166	Bharat K. Bhargava	3	0.0173913043478	0.000189861401177	28.0	0.0260869565217	0.00689813190136
47201	Ravishankar K. Iyer	3	0.0173913043478	3.79722802354e-05	8.0	0.0260869565217	0.00505337764794
47302	Zbigniew Kalbarczyk	3	0.0173913043478	3.79722802354e-05	8.0	0.0260869565217	0.00505337764794
34032	Roberto Baldoni	3	0.0173913043478	0.000132902980824	20.0	0.0260869565217	0.00615510658344
34033	Michel Raynal	3	0.0260869565217	0.000151889120942	12.0	0.0347826086957	0.00617622003164
53663	Anupam Joshi	3	0.0304347826087	0.000531611923296	70.0	0.0391304347826	0.00745476768639
38410	Dahlia Malkhi	2	0.00434782608696	0.0	2.0	0.0130434782609	0.004329004329
50713	Flaviu Cristian	2	0.00869565217391	3.79722802354e-05	8.0	0.0173913043478	0.00540335576832
65143	Michel Cukier	2	0.0434782608696	0.000151889120942	20.0	0.0521739130435	0.00501362081957
47227	Francesco Quaglia	2	0.0139130434783	1.89861401177e-05	10.0	0.0217391304348	0.0049017492298
216720	Chandra M. R. Kintala	2	0.0	0.0	0.0	0.00869565217391	0.004329004329
47256	André Schiper	2	0.0173913043478	0.000151889120942	24.0	0.0260869565217	0.00609171267854
44190	Saurabh Bagchi	2	0.0139130434783	0.0	10.0	0.0217391304348	0.00411738965156
50336	Sampath Rangarajan	2	0.0173913043478	0.000151889120942	24.0	0.0260869565217	0.00609171267854
38608	Michael K. Reiter	2	0.00434782608696	0.0	2.0	0.0130434782609	0.004329004329
33501	Ashfaq A. Khokhar	2	0.00869565217391	3.79722802354e-05	8.0	0.0173913043478	0.00540335576832
47351	William H. Sanders	2	0.0434782608696	0.000151889120942	20.0	0.0521739130435	0.00501362081957
47358	Lorenzo Alvisi	2	0.0173913043478	0.000151889120942	24.0	0.0260869565217	0.00609171267854
34095	K. H. Kim	2	0.00434782608696	0.0	2.0	0.0130434782609	0.004329004329
54613	Chittur Subbaraman	2	0.00434782608696	0.0	2.0	0.0130434782609	0.004329004329
34147	Roy Friedman	2	0.00869565217391	3.79722802354e-05	8.0	0.0173913043478	0.00540335576832
14728	Veljko M. Milutinovic	2	0.0130434782609	7.59445604709e-05	14.0	0.0217391304348	0.00561184339274
# Periodo: 1999-2000
50837	Rachid Guerraoui	4	0.0304347826087	0.00267284390592	418.0	0.0380434782609	0.0092863518315
107022	Anne-Marie Kermarrec	3	0.0271739130435	0.000475172249941	42.0	0.0380434782609	0.00921585050786
34128	Gustavo Alonso	3	0.0355072463768	0.00207887859349	296.0	0.0489130434783	0.00956131511671
47201	Ravishankar K. Iyer	2	0.0163043478261	2.96982656213e-05	6.0	0.0271739130435	0.00607614914184
336011	Shalini Yajnik	2	0.0271739130435	0.00023758612497	26.0	0.0380434782609	0.00692268371644
53398	JoAnne Holliday	2	0.0108695652174	0.0	4.0	0.0217391304348	0.00540540540541
47256	André Schiper	2	0.0332880434783	0.000772154906153	152.0	0.0380434782609	0.00717273681884
48291	W. Kent Fuchs	2	0.0108695652174	0.0	4.0	0.0217391304348	0.00540540540541
47302	Zbigniew Kalbarczyk	2	0.0163043478261	2.96982656213e-05	6.0	0.0271739130435	0.00607614914184
65143	Michel Cukier	2	0.0271739130435	3.95976874951e-05	10.0	0.0380434782609	0.00599595261081
51917	Amr El Abbadi	2	0.0108695652174	0.0	4.0	0.0217391304348	0.00540540540541
55419	Fernando Pedone	2	0.0394524959742	0.00285103349964	438.0	0.0380434782609	0.00705836808846
34025	Felix C. Gärtner	2	0.0163043478261	0.000118793062485	14.0	0.0271739130435	0.00700722066784
47351	William H. Sanders	2	0.0271739130435	3.95976874951e-05	10.0	0.0380434782609	0.00599595261081
115490	Sergio Arévalo	2	0.0217391304348	0.00023758612497	24.0	0.0326086956522	0.00760640880401
321871	Alexey Vaysburd	2	0.0150966183575	0.0	18.0	0.0163043478261	0.00311569449966
102822	Bin Yao	2	0.0108695652174	0.0	4.0	0.0217391304348	0.00540540540541
53193	Divyakant Agrawal	2	0.0108695652174	0.0	4.0	0.0217391304348	0.00540540540541
# Periodo: 2001-2002
55419	Fernando Pedone	4	0.0238891543239	0.00103211705422	166.0	0.0274725274725	0.00678792354233
74085	Robbert van Renesse	4	0.0538461538462	0.00212494687633	216.0	0.0549450549451	0.00958370611626
107022	Anne-Marie Kermarrec	3	0.0598290598291	0.00309635116265	280.0	0.0659340659341	0.0112268291788
116352	Xavier Défago	3	0.030525030525	0.00130532450974	184.0	0.032967032967	0.00695195607936
47256	André Schiper	3	0.0323206205559	0.00148746281343	194.0	0.0384615384615	0.00758993816077
47417	Kishor S. Trivedi	3	0.032967032967	0.000728553214741	60.0	0.043956043956	0.0100331452119
118752	Hirotsugu Kakugawa	3	0.0164835164835	0.000182138303685	18.0	0.0274725274725	0.00833755844741
38410	Dahlia Malkhi	2	0.0164835164835	0.0	6.0	0.0274725274725	0.00546448087432
258634	Taesoon Park	2	0.021978021978	6.07127678951e-05	8.0	0.032967032967	0.00637885375231
189031	Feras Karablieh	2	0.010989010989	0.0	4.0	0.021978021978	0.00546448087432
54908	Zheng Zhang	2	0.010989010989	6.07127678951e-05	8.0	0.021978021978	0.00682062941247
36012	Shlomi Dolev	2	0.0164835164835	0.00012142553579	14.0	0.0274725274725	0.00708380231448
33916	Paulo Veríssimo	2	0.021978021978	0.000182138303685	20.0	0.032967032967	0.00707235874835
34044	Anish Arora	2	0.0164835164835	0.00012142553579	14.0	0.0274725274725	0.00708380231448
366339	José Orlando Pereira	2	0.0261643118786	0.000424989375266	42.0	0.032967032967	0.00611887228695
366340	Rui Carlos Oliveira	2	0.0261643118786	0.000424989375266	42.0	0.032967032967	0.00611887228695
84253	Heon Young Yeom	2	0.021978021978	6.07127678951e-05	8.0	0.032967032967	0.00637885375231
34095	K. H. Kim	2	0.010989010989	0.0	4.0	0.021978021978	0.00546448087432
# Periodo: 2003-2004
47256	André Schiper	4	0.0519982810486	0.00238528654824	190.0	0.0614525139665	0.0112265274034
47201	Ravishankar K. Iyer	3	0.0402234636872	0.00048124202289	40.0	0.0446927374302	0.00698576591004
47211	Paul D. Ezhilchelvan	3	0.0397268777157	0.000753248383655	70.0	0.0502793296089	0.0081728933265
336027	Thu D. Nguyen	3	0.0335195530726	0.000125541397276	12.0	0.0446927374302	0.00655669617397
47302	Zbigniew Kalbarczyk	3	0.0402234636872	0.00048124202289	40.0	0.0446927374302	0.00698576591004
366339	José Orlando Pereira	3	0.0304158907511	8.36942648505e-05	18.0	0.0391061452514	0.00628959514738
366340	Rui Carlos Oliveira	3	0.0304158907511	8.36942648505e-05	18.0	0.0391061452514	0.00628959514738
107022	Anne-Marie Kermarrec	2	0.034217877095	0.000627706986379	60.0	0.0446927374302	0.00764752382933
83063	Chenxi Wang	2	0.0287310454908	0.000564936287741	56.0	0.0391061452514	0.00805864287414
577567	Péter Urbán	2	0.0375543140906	0.000125541397276	36.0	0.0335195530726	0.00574522233012
47668	Achour Mostéfaoui	2	0.0178770949721	6.27706986379e-05	10.0	0.0279329608939	0.00626149402893
335930	Claudio Basile	2	0.0383080606544	0.000167388529701	42.0	0.0391061452514	0.00598558241414
47690	Louise E. Moser	2	0.0357541899441	0.000439394890465	52.0	0.0446927374302	0.00721070288234
33916	Paulo Veríssimo	2	0.0111731843575	0.0	4.0	0.0223463687151	0.00555555555556
166056	K. H. (Kane) Kim	2	0.0325038090401	0.0	22.0	0.0391061452514	0.00594758907383
38608	Michael K. Reiter	2	0.0223463687151	0.000313853493189	44.0	0.0279329608939	0.00617052977087
34033	Michel Raynal	2	0.0178770949721	6.27706986379e-05	10.0	0.0279329608939	0.00626149402893
47351	William H. Sanders	2	0.0446927374302	0.000753248383655	64.0	0.0558659217877	0.00787054768543
# Periodo: 2005-2006
38608	Michael K. Reiter	3	0.04	0.000919540229885	70.0	0.0514285714286	0.0097843814109
47220	Nuno Ferreira Neves	2	0.0332467532468	0.000328407224959	22.0	0.04	0.0068260874221
55419	Fernando Pedone	2	0.0171428571429	0.000131362889984	14.0	0.0285714285714	0.007365544452
33916	Paulo Veríssimo	2	0.0332467532468	0.000328407224959	22.0	0.04	0.0068260874221
60562	Indranil Gupta	2	0.0228571428571	0.000197044334975	20.0	0.0342857142857	0.00735364574406
47256	André Schiper	2	0.0228571428571	0.000197044334975	20.0	0.0342857142857	0.00735364574406
336027	Thu D. Nguyen	2	0.0228571428571	0.000262725779967	24.0	0.0342857142857	0.00799537289058
47351	William H. Sanders	2	0.0365714285714	0.000985221674877	92.0	0.0457142857143	0.00796671910475
55418	Bettina Kemme	2	0.0228571428571	0.000197044334975	20.0	0.0342857142857	0.00735364574406
47390	Idit Keidar	2	0.0342857142857	0.000525451559934	44.0	0.0457142857143	0.00818171678978
30017	Arun Iyengar	2	0.0457142857143	0.000985221674877	76.0	0.0571428571429	0.00866676206056
364001	Ken Birman	2	0.0228571428571	0.000262725779967	24.0	0.0342857142857	0.00799537289058
99257	Miroslaw Malek	2	0.0228571428571	0.000197044334975	20.0	0.0342857142857	0.00735364574406
34219	Jean-Bernard Stefani	1	0.04	0.0	14.0	0.0514285714286	0.00568181818182
34319	Einar Vollset	1	0.00571428571429	0.0	2.0	0.0171428571429	0.00568181818182
47123	Mikhail Nesterenko	1	0.0182857142857	0.0	10.0	0.0285714285714	0.0057997034586
410132	Thomas Clouser	1	0.0182857142857	0.0	10.0	0.0285714285714	0.0057997034586
# Periodo: 2007-2008
44190	Saurabh Bagchi	3	0.0348837209302	0.000611995104039	48.0	0.046511627907	0.00867525046593
710666	Ignacio Laguna	2	0.0232558139535	0.0	18.0	0.0290697674419	0.00529786287996
55418	Bettina Kemme	2	0.0232558139535	2.26664853348e-05	8.0	0.0348837209302	0.00621611576074
55419	Fernando Pedone	2	0.0348837209302	0.000611995104039	48.0	0.046511627907	0.00867525046593
14613	Stefano Russo	2	0.0232558139535	6.79994560044e-05	8.0	0.0348837209302	0.00674757362239
813712	Fahad A. Arshad	2	0.0232558139535	0.0	18.0	0.0290697674419	0.00529786287996
47256	André Schiper	2	0.0174418604651	0.000135998912009	14.0	0.0290697674419	0.0074932706607
105174	Ben Y. Zhao	2	0.0447227191413	0.00142798857609	128.0	0.0523255813953	0.0086812728306
34033	Michel Raynal	2	0.0232558139535	0.000271997824017	24.0	0.0348837209302	0.00813402097539
14611	Domenico Cotroneo	2	0.0232558139535	6.79994560044e-05	8.0	0.0348837209302	0.00674757362239
47418	Gunjan Khanna	2	0.0232558139535	0.0	18.0	0.0290697674419	0.00529786287996
116051	Wei Chen 0013	2	0.0447227191413	0.00142798857609	128.0	0.0523255813953	0.0086812728306
159080	Marta Patiño-Martínez	2	0.0232558139535	2.26664853348e-05	8.0	0.0348837209302	0.00621611576074
159081	Ricardo Jiménez-Peris	2	0.0232558139535	2.26664853348e-05	8.0	0.0348837209302	0.00621611576074
47552	Neeraj Suri	2	0.0174418604651	0.000135998912009	14.0	0.0290697674419	0.0074932706607
48129	Jiannong Cao	1	0.015503875969	0.0	12.0	0.0232558139535	0.00519192828216
48131	Weigang Wu	1	0.015503875969	0.0	12.0	0.0232558139535	0.00519192828216
# Periodo: 2009-2010
225686	Mark Linderman	5	0.0688775510204	0.00403587443946	502.0	0.0758928571429	0.0111574494155
26166	Bharat K. Bhargava	3	0.0535714285714	0.0013132607303	218.0	0.0535714285714	0.00715701162125
55419	Fernando Pedone	3	0.0223214285714	0.000240230621397	34.0	0.03125	0.00639449397794
105994	Francesco Longo	2	0.0243055555556	0.000400384368994	66.0	0.03125	0.00630831818575
47658	Guofei Jiang	2	0.0178571428571	1.33461456331e-05	8.0	0.0267857142857	0.00477950234048
47659	Haifeng Chen	2	0.0178571428571	1.33461456331e-05	8.0	0.0267857142857	0.00477950234048
47660	Kenji Yoshihira	2	0.0178571428571	1.33461456331e-05	8.0	0.0267857142857	0.00477950234048
65137	Claudio Soriente	2	0.0178571428571	4.00384368994e-05	8.0	0.0267857142857	0.00518813438521
435833	Francesco Brancati	2	0.0133928571429	0.0	6.0	0.0223214285714	0.00444444444444
33915	Antonio Casimiro	2	0.00892857142857	4.00384368994e-05	8.0	0.0178571428571	0.00554744525547
512130	Pierre Sutra	2	0.0139508928571	0.0	16.0	0.0178571428571	0.00362896918574
47256	André Schiper	2	0.0223214285714	0.000240230621397	34.0	0.03125	0.00639449397794
38600	Roberto Di Pietro	2	0.0178571428571	4.00384368994e-05	8.0	0.0267857142857	0.00518813438521
225683	Rohit Ranchal	2	0.0498768472906	3.20307495195e-05	58.0	0.0446428571429	0.00556200878519
50413	Leszek Lilien	2	0.0498768472906	3.20307495195e-05	58.0	0.0446428571429	0.00556200878519
47417	Kishor S. Trivedi	2	0.0243055555556	0.000400384368994	66.0	0.03125	0.00630831818575
34110	Neeraj Mittal	2	0.0178571428571	0.000120115310698	20.0	0.0267857142857	0.00575218511533
813890	Lotfi Ben Othmane	2	0.0498768472906	3.20307495195e-05	58.0	0.0446428571429	0.00556200878519
283463	Marco Vieira	2	0.0178571428571	0.000160153747598	24.0	0.0267857142857	0.00625415834997
678752	Sanjay Madria	2	0.0425420168067	0.00068065342729	168.0	0.0267857142857	0.00463633453296
43886	Xinwen Zhang	2	0.0401785714286	0.000800768737988	98.0	0.0491071428571	0.00701279668148
363411	Nicolas Schiper	2	0.0139508928571	0.0	16.0	0.0178571428571	0.00362896918574
# Periodo: 2011-2012
12134	Roman Vitenberg	2	0.043956043956	0.000732600732601	20.0	0.0659340659341	0.0140678447433
654849	Kaiwen Zhang	1	0.010989010989	0.0	2.0	0.032967032967	0.0108695652174
465423	Marco Canini	1	0.032967032967	0.0	6.0	0.0549450549451	0.0108695652174
47226	Paolo Romano	1	0.021978021978	0.0	4.0	0.043956043956	0.0108695652174
49699	Michael R. Lyu	1	0.021978021978	0.0	4.0	0.043956043956	0.0108695652174
47658	Guofei Jiang	1	0.010989010989	0.0	2.0	0.032967032967	0.0108695652174
720434	Andrey Brito	1	0.021978021978	0.0	4.0	0.043956043956	0.0108695652174
236211	Edgar Nett	1	0.021978021978	0.0	4.0	0.043956043956	0.0108695652174
52788	Guohong Cao	1	0.0549450549451	0.0	10.0	0.0769230769231	0.0108695652174
