# Periodo: 1987-1990
26166	Bharat K. Bhargava	3	0.027027027027	0.000275785990072	20.0	0.0405405405405	0.0086861855831
11857	Reinhold Kröger	3	0.0413851351351	0.000582214867929	10.0	0.0540540540541	0.00926798341886
50058	Mustaque Ahamad	3	0.0337837837838	0.000643500643501	38.0	0.0472972972973	0.0106692910387
50641	Geneva G. Belford	3	0.0202702702703	0.000275785990072	18.0	0.0337837837838	0.0102400885629
49159	Gail E. Kaiser	2	0.0135135135135	9.19286633572e-05	8.0	0.027027027027	0.00837701464753
26130	Darrell D. E. Long	2	0.00675675675676	0.0	2.0	0.0202702702703	0.00671140939597
38450	Daniel Barbará	2	0.027027027027	0.000367714653429	24.0	0.0405405405405	0.00944419885062
50231	Richard Y. Kain	2	0.0135135135135	0.0	4.0	0.027027027027	0.00671140939597
4164	John Riedl	2	0.0216216216216	0.0	10.0	0.0337837837838	0.00685065642702
335942	Zhijun Tong	2	0.0135135135135	0.0	4.0	0.027027027027	0.00671140939597
50809	Larry L. Peterson	2	0.0135135135135	0.0	4.0	0.027027027027	0.00671140939597
147087	Jehan-François Pâris	2	0.00675675675676	0.0	2.0	0.0202702702703	0.00671140939597
236211	Edgar Nett	2	0.0367867867868	0.000275785990072	18.0	0.0472972972973	0.00807092798816
236212	Ralf Schumann	2	0.0300982800983	3.06428877857e-05	22.0	0.0405405405405	0.00677658460828
# Periodo: 1991-1994
48291	W. Kent Fuchs	3	0.0130718954248	8.59993120055e-05	8.0	0.0261437908497	0.00810503365248
33916	Paulo Veríssimo	3	0.0196078431373	4.29996560028e-05	6.0	0.0326797385621	0.00729927007299
53180	Luís Rodrigues	3	0.0196078431373	4.29996560028e-05	6.0	0.0326797385621	0.00729927007299
50713	Flaviu Cristian	2	0.0174291938998	0.000257997936017	28.0	0.0261437908497	0.00676231904884
116307	Yi-Min Wang	2	0.00871459694989	0.0	6.0	0.0196078431373	0.00568774291402
38601	Luigi V. Mancini	2	0.0261437908497	0.000343997248022	24.0	0.0392156862745	0.00913756901781
47316	Richard D. Schlichting	2	0.0130718954248	8.59993120055e-05	8.0	0.0261437908497	0.00810503365248
49888	Stéphane Natkin	2	0.0196078431373	4.29996560028e-05	6.0	0.0326797385621	0.00729927007299
47351	William H. Sanders	2	0.0130718954248	8.59993120055e-05	8.0	0.0261437908497	0.00810503365248
34095	K. H. Kim	2	0.0326797385621	0.000343997248022	26.0	0.0457516339869	0.0083162109587
47407	Farnam Jahanian	2	0.0209150326797	0.000343997248022	30.0	0.0326797385621	0.00817035912016
49887	Gerard Florin	2	0.0196078431373	4.29996560028e-05	6.0	0.0326797385621	0.00729927007299
150882	David B. Johnson	2	0.0130718954248	0.0	4.0	0.0261437908497	0.00649350649351
47481	Keith Marzullo	2	0.0130718954248	8.59993120055e-05	8.0	0.0261437908497	0.00810503365248
47485	Lorenzo Strigini	2	0.0196078431373	0.000171998624011	14.0	0.0326797385621	0.00841776508805
# Periodo: 1992-1995
116307	Yi-Min Wang	3	0.00793650793651	0.0	6.0	0.0178571428571	0.0051829136613
48291	W. Kent Fuchs	3	0.0119047619048	7.12859994297e-05	8.0	0.0238095238095	0.00738565196735
33916	Paulo Veríssimo	3	0.0178571428571	3.56429997149e-05	6.0	0.0297619047619	0.00665140586533
53180	Luís Rodrigues	3	0.0178571428571	3.56429997149e-05	6.0	0.0297619047619	0.00665140586533
82524	Isabelle Puaut	2	0.0178571428571	3.56429997149e-05	6.0	0.0297619047619	0.00665140586533
29627	João Gabriel Silva	2	0.0297619047619	0.000285143997719	26.0	0.0416666666667	0.00757808572747
47314	Matti A. Hiltunen	2	0.00793650793651	0.0	6.0	0.0178571428571	0.0051829136613
49281	Gilles Muller	2	0.0178571428571	3.56429997149e-05	6.0	0.0297619047619	0.00665140586533
47256	André Schiper	2	0.0178571428571	0.000142571998859	14.0	0.0297619047619	0.00767062617509
47316	Richard D. Schlichting	2	0.0119047619048	7.12859994297e-05	8.0	0.0238095238095	0.00738565196735
150882	David B. Johnson	2	0.0119047619048	0.0	4.0	0.0238095238095	0.00591715976331
82820	Hermann Kopetz	2	0.0416666666667	0.000855431993157	62.0	0.0535714285714	0.00900943036876
50641	Geneva G. Belford	2	0.0119047619048	7.12859994297e-05	8.0	0.0238095238095	0.00738565196735
38415	Winfried E. Kühnhauser	1	0.0	0.0	0.0	0.0119047619048	0.00591715976331
441873	Anton V. Schedl	1	0.0265151515152	0.0	22.0	0.0297619047619	0.00508917761008
26130	Darrell D. E. Long	1	0.0119047619048	0.0	4.0	0.0238095238095	0.00591715976331
# Periodo: 1996-1999
47302	Zbigniew Kalbarczyk	5	0.0154241645244	5.96295020274e-05	12.0	0.0205655526992	0.00388490505953
47201	Ravishankar K. Iyer	5	0.0154241645244	5.96295020274e-05	12.0	0.0205655526992	0.00388490505953
34033	Michel Raynal	4	0.0205655526992	0.000172263005857	0.0	0.025706940874	0.00435237424387
34147	Roy Friedman	4	0.0213565354954	0.00118596454032	822.0	0.0179948586118	0.00301557130901
50713	Flaviu Cristian	4	0.0102827763496	6.62550022527e-05	28.0	0.0154241645244	0.00408581658582
336011	Shalini Yajnik	3	0.0193698810307	0.00108658203694	746.0	0.0231362467866	0.00391979233878
47351	William H. Sanders	3	0.0282776349614	7.95060027032e-05	22.0	0.0334190231362	0.00322885560414
321871	Alexey Vaysburd	3	0.020822622108	0.00106008003604	784.0	0.0102827763496	0.00171390603334
53663	Anupam Joshi	3	0.0179948586118	0.000185514006307	70.0	0.0231362467866	0.00441551569599
47668	Achour Mostéfaoui	3	0.0164524421594	5.30040018021e-05	20.0	0.0205655526992	0.00344282934454
34032	Roberto Baldoni	3	0.0115681233933	0.00012588450428	64.0	0.0154241645244	0.00338563418531
38410	Dahlia Malkhi	3	0.00514138817481	0.0	4.0	0.0102827763496	0.0025641025641
48686	Yennun Huang	3	0.0154241645244	0.000139135504731	102.0	0.0205655526992	0.00343440584978
26166	Bharat K. Bhargava	3	0.0102827763496	6.62550022527e-05	28.0	0.0154241645244	0.00408581658582
65143	Michel Cukier	3	0.0282776349614	7.95060027032e-05	22.0	0.0334190231362	0.00322885560414
50837	Rachid Guerraoui	3	0.0115681233933	0.000106008003604	56.0	0.0154241645244	0.0034280295296
38608	Michael K. Reiter	3	0.00514138817481	0.0	4.0	0.0102827763496	0.0025641025641
47227	Francesco Quaglia	2	0.00841318064968	6.62550022527e-06	22.0	0.012853470437	0.0027755358358
47256	André Schiper	2	0.0115681233933	0.000106008003604	56.0	0.0154241645244	0.0034280295296
47358	Lorenzo Alvisi	2	0.0102827763496	5.30040018021e-05	24.0	0.0154241645244	0.00360816827883
74085	Robbert van Renesse	2	0.0185089974293	0.00036440251239	90.0	0.0231362467866	0.0030977996993
14728	Veljko M. Milutinovic	2	0.00771208226221	2.65020009011e-05	14.0	0.012853470437	0.0033239380091
74138	Alberto Bartoli	2	0.00771208226221	2.65020009011e-05	14.0	0.012853470437	0.0033239380091
102822	Bin Yao	2	0.0259211653813	0.000318024010813	136.0	0.0308483290488	0.00364975274704
82524	Isabelle Puaut	2	0.0102827763496	3.97530013516e-05	20.0	0.0154241645244	0.00331856833577
813735	David Henke	2	0.0259211653813	1.98765006758e-05	24.0	0.0308483290488	0.00289595741534
813736	Jessica Pistole	2	0.0259211653813	1.98765006758e-05	24.0	0.0308483290488	0.00289595741534
813765	Paul A. Green Jr.	2	0.0	0.0	0.0	0.00514138817481	0.0025641025641
146122	Katherine Guo	2	0.0189296564618	0.000437283014868	78.0	0.025706940874	0.00355135445579
33501	Ashfaq A. Khokhar	2	0.00514138817481	1.32510004505e-05	8.0	0.0102827763496	0.00320044918585
49889	Christof Fetzer	2	0.00587587219978	0.0	14.0	0.00771208226221	0.00187687687688
49890	Pascal Felber	2	0.00771208226221	0.0	24.0	0.0102827763496	0.00223241631842
51967	Michel Hurfin	2	0.0137103684662	1.32510004505e-05	24.0	0.0154241645244	0.00255816349446
29626	Luís Moura Silva	2	0.00514138817481	0.0	4.0	0.0102827763496	0.0025641025641
29627	João Gabriel Silva	2	0.00514138817481	0.0	4.0	0.0102827763496	0.0025641025641
44190	Saurabh Bagchi	2	0.0102827763496	0.0	18.0	0.012853470437	0.00230972578721
50336	Sampath Rangarajan	2	0.0148733015057	9.9382503379e-05	110.0	0.0154241645244	0.00266219289519
48291	W. Kent Fuchs	2	0.0163712623461	0.000132510004505	94.0	0.012853470437	0.00222259744963
34095	K. H. Kim	2	0.0025706940874	0.0	2.0	0.00771208226221	0.0025641025641
# Periodo: 1997-2000
47201	Ravishankar K. Iyer	5	0.0155440414508	6.05612004576e-05	12.0	0.020725388601	0.00391502060262
47302	Zbigniew Kalbarczyk	5	0.0155440414508	6.05612004576e-05	12.0	0.020725388601	0.00391502060262
50837	Rachid Guerraoui	5	0.0236861584012	0.000740192450037	364.0	0.0233160621762	0.00492359384838
47256	André Schiper	4	0.027633851468	0.000753650494583	260.0	0.0259067357513	0.00501086298568
47351	William H. Sanders	4	0.0310880829016	0.000136823452886	24.0	0.0362694300518	0.00358203448751
34033	Michel Raynal	4	0.020725388601	0.0001749545791	0.0	0.0259067357513	0.00438611357909
65143	Michel Cukier	4	0.0310880829016	0.000136823452886	24.0	0.0362694300518	0.00358203448751
336011	Shalini Yajnik	3	0.0186528497409	0.000538321781845	282.0	0.0233160621762	0.00409149938058
321871	Alexey Vaysburd	3	0.0162198693399	0.000430657425476	286.0	0.0103626943005	0.00200861095649
53663	Anupam Joshi	3	0.0181347150259	0.000188412623646	70.0	0.0233160621762	0.00444974449984
102822	Bin Yao	3	0.0261226252159	0.000322993069107	136.0	0.0310880829016	0.00367804540652
107022	Anne-Marie Kermarrec	3	0.0129533678756	0.000107664356369	42.0	0.0181347150259	0.0044055099327
47668	Achour Mostéfaoui	3	0.0165803108808	5.38321781845e-05	20.0	0.020725388601	0.00346951794411
48291	W. Kent Fuchs	3	0.0164985001364	0.000134580445461	94.0	0.0129533678756	0.00223982689946
34032	Roberto Baldoni	3	0.0116580310881	0.000127851423188	64.0	0.0155440414508	0.0034118794022
34095	K. H. Kim	3	0.00259067357513	0.0	2.0	0.00777202072539	0.00258397932817
55419	Fernando Pedone	3	0.0255081705859	0.000309535024561	40.0	0.020725388601	0.00379091015994
34128	Gustavo Alonso	3	0.0228693943184	0.000551779826391	300.0	0.0233160621762	0.0044970775659
34147	Roy Friedman	3	0.0133234641007	0.000390283291838	268.0	0.0155440414508	0.00363050312758
38410	Dahlia Malkhi	3	0.00518134715026	0.0	4.0	0.0103626943005	0.00258397932817
26166	Bharat K. Bhargava	3	0.0103626943005	6.72902227306e-05	28.0	0.0155440414508	0.00411748958261
38608	Michael K. Reiter	3	0.00518134715026	0.0	4.0	0.0103626943005	0.00258397932817
47227	Francesco Quaglia	2	0.00847856806406	6.72902227306e-06	22.0	0.0129533678756	0.00279705160466
53398	JoAnne Holliday	2	0.00518134715026	0.0	4.0	0.0103626943005	0.00258397932817
47358	Lorenzo Alvisi	2	0.0116580310881	0.000107664356369	56.0	0.0155440414508	0.00345460340193
47481	Keith Marzullo	2	0.0116580310881	0.000107664356369	56.0	0.0155440414508	0.00345460340193
14728	Veljko M. Milutinovic	2	0.00777202072539	2.69160890923e-05	14.0	0.0129533678756	0.00334970497041
74138	Alberto Bartoli	2	0.00777202072539	2.69160890923e-05	14.0	0.0129533678756	0.00334970497041
84632	Marc-Olivier Killijian	2	0.00777202072539	0.0	6.0	0.0129533678756	0.00258397932817
813735	David Henke	2	0.0266469282013	2.01870668192e-05	28.0	0.0310880829016	0.00294076736869
813736	Jessica Pistole	2	0.0266469282013	2.01870668192e-05	28.0	0.0310880829016	0.00294076736869
51917	Amr El Abbadi	2	0.00518134715026	0.0	4.0	0.0103626943005	0.00258397932817
33501	Ashfaq A. Khokhar	2	0.00518134715026	1.34580445461e-05	8.0	0.0103626943005	0.00322525886946
51967	Michel Hurfin	2	0.013816925734	1.34580445461e-05	24.0	0.0155440414508	0.00257799421922
115490	Sergio Arévalo	2	0.0103626943005	5.38321781845e-05	24.0	0.0155440414508	0.00363613857556
29626	Luís Moura Silva	2	0.00518134715026	0.0	4.0	0.0103626943005	0.00258397932817
29627	João Gabriel Silva	2	0.00518134715026	0.0	4.0	0.0103626943005	0.00258397932817
44190	Saurabh Bagchi	2	0.0103626943005	0.0	18.0	0.0129533678756	0.00232763063827
# Periodo: 2001-2004
47256	André Schiper	7	0.0560250028939	0.0105615856536	5122.0	0.0460122699387	0.00763378467375
107022	Anne-Marie Kermarrec	5	0.0544830303371	0.00794714487966	2894.0	0.0490797546012	0.00763062197239
366339	José Orlando Pereira	5	0.0582220618309	0.00480729904043	204.0	0.0306748466258	0.00452385408664
366340	Rui Carlos Oliveira	5	0.0582220618309	0.00480729904043	204.0	0.0306748466258	0.00452385408664
74085	Robbert van Renesse	4	0.0424189307625	0.0023596035866	1356.0	0.0306748466258	0.00503437398585
47201	Ravishankar K. Iyer	4	0.0322085889571	0.000386974988202	84.0	0.0276073619632	0.00422138632288
55419	Fernando Pedone	4	0.0364334374647	0.00375648890986	2522.0	0.0153374233129	0.00320110486994
33916	Paulo Veríssimo	4	0.0122699386503	5.66304860783e-05	20.0	0.0184049079755	0.00395792553807
116352	Xavier Défago	4	0.0456819254365	0.00456819254365	2714.0	0.0276073619632	0.00458848404573
47302	Zbigniew Kalbarczyk	4	0.0322085889571	0.000386974988202	84.0	0.0276073619632	0.00422138632288
53180	Luís Rodrigues	4	0.0511952612651	0.0026647789838	534.0	0.0368098159509	0.00554809129406
47552	Neeraj Suri	4	0.0316435259929	0.000830580462482	254.0	0.0337423312883	0.00597517014385
577567	Péter Urbán	3	0.043347812458	0.00010382255781	274.0	0.021472392638	0.00339420738339
47668	Achour Mostéfaoui	3	0.0236634531113	0.000415290231241	84.0	0.021472392638	0.00378019185904
335930	Claudio Basile	3	0.0314595520046	0.000207645115621	86.0	0.0245398773006	0.00368538811584
47211	Paul D. Ezhilchelvan	3	0.0286298568507	0.000453043888627	166.0	0.0276073619632	0.00470001608181
336027	Thu D. Nguyen	3	0.0184049079755	3.77536573856e-05	12.0	0.0245398773006	0.00360919055448
38608	Michael K. Reiter	3	0.0207055214724	0.000434167059934	140.0	0.0245398773006	0.00493402293658
49890	Pascal Felber	3	0.0296932515337	0.0023596035866	1836.0	0.0184049079755	0.00431055694042
34044	Anish Arora	3	0.0153374233129	0.000151014629542	42.0	0.021472392638	0.00521386037907
118752	Hirotsugu Kakugawa	3	0.00920245398773	5.66304860783e-05	18.0	0.0153374233129	0.00466597307607
47417	Kishor S. Trivedi	3	0.0184049079755	0.000226521944313	60.0	0.0245398773006	0.00561487943049
34147	Roy Friedman	3	0.0310582822086	0.00145351580934	582.0	0.0245398773006	0.00424059400824
12662	Jie Xu	3	0.0329941642975	0.0010571024068	426.0	0.0276073619632	0.00499776485757
34033	Michel Raynal	3	0.0236634531113	0.000415290231241	84.0	0.021472392638	0.00378019185904
219597	Naohiro Hayashibara	3	0.0436665463732	0.000604058518169	272.0	0.0245398773006	0.00390743572353
27121	Takuya Katayama	3	0.0436665463732	0.000604058518169	272.0	0.0245398773006	0.00390743572353
15353	Luigi Romano	3	0.0436374431031	0.00275601698915	924.0	0.0398773006135	0.00632257935105
36012	Shlomi Dolev	2	0.00920245398773	3.77536573856e-05	14.0	0.0153374233129	0.00396432973563
83063	Chenxi Wang	2	0.0191127890514	0.00033978291647	122.0	0.021472392638	0.00412657847403
258634	Taesoon Park	2	0.0122699386503	1.88768286928e-05	8.0	0.0184049079755	0.00356981723753
189031	Feras Karablieh	2	0.00613496932515	0.0	4.0	0.0122699386503	0.00305810397554
# Periodo: 2002-2005
47256	André Schiper	6	0.0327929803688	0.00193182665772	602.0	0.0396341463415	0.00708230042162
107022	Anne-Marie Kermarrec	4	0.039512195122	0.00117475945402	272.0	0.0396341463415	0.0061184582396
74085	Robbert van Renesse	4	0.0329268292683	0.000876407846647	320.0	0.030487804878	0.00502425874317
47201	Ravishankar K. Iyer	4	0.0361574668378	0.000491037020462	114.0	0.0274390243902	0.0041305821046
47211	Paul D. Ezhilchelvan	4	0.0246951219512	0.000372939509212	106.0	0.030487804878	0.00529315769973
55419	Fernando Pedone	4	0.0298780487805	0.00208846125158	934.0	0.0213414634146	0.0046146057537
336027	Thu D. Nguyen	4	0.0243902439024	0.000261057656448	64.0	0.030487804878	0.00489599408259
47302	Zbigniew Kalbarczyk	4	0.0361574668378	0.000491037020462	114.0	0.0274390243902	0.0041305821046
38608	Michael K. Reiter	4	0.0234521575985	0.000540762288357	172.0	0.0274390243902	0.00496681199545
366339	José Orlando Pereira	4	0.030868902439	0.000310782924343	64.0	0.0274390243902	0.00408950835101
366340	Rui Carlos Oliveira	4	0.030868902439	0.000310782924343	64.0	0.0274390243902	0.00408950835101
53180	Luís Rodrigues	4	0.0379924953096	0.000804927774048	122.0	0.0365853658537	0.00556549341824
83063	Chenxi Wang	3	0.020325203252	0.000391586484672	144.0	0.0213414634146	0.00393056283415
47668	Achour Mostéfaoui	3	0.0186737804878	7.45879018423e-05	16.0	0.0243902439024	0.0036885766202
335930	Claudio Basile	3	0.0355340622372	0.000267273314935	116.0	0.0243902439024	0.00360331494477
33916	Paulo Veríssimo	3	0.00914634146341	0.0	6.0	0.015243902439	0.00303951367781
116352	Xavier Défago	3	0.0344746716698	0.00202692623257	880.0	0.0243902439024	0.00422640046311
118752	Hirotsugu Kakugawa	3	0.00914634146341	5.59409263817e-05	18.0	0.015243902439	0.0046376084981
49890	Pascal Felber	3	0.0227883422902	0.00104423062579	570.0	0.0182926829268	0.00423795884216
47351	William H. Sanders	3	0.0335365853659	0.000671291116581	166.0	0.0396341463415	0.00589789700355
34044	Anish Arora	3	0.015243902439	0.000149175803685	42.0	0.0213414634146	0.00518216517919
12662	Jie Xu	3	0.0404112864658	0.0013239352577	536.0	0.0274390243902	0.00469563119215
34033	Michel Raynal	3	0.0186737804878	7.45879018423e-05	16.0	0.0243902439024	0.0036885766202
219597	Naohiro Hayashibara	3	0.0292285259809	0.000287163422093	92.0	0.0243902439024	0.00408210251519
74197	Priya Narasimhan	3	0.0429369918699	0.00233087193257	860.0	0.0365853658537	0.00554205568639
27121	Takuya Katayama	3	0.0292285259809	0.000287163422093	92.0	0.0243902439024	0.00408210251519
15353	Luigi Romano	3	0.0502676977989	0.00393451182218	1394.0	0.0396341463415	0.00601603264007
36012	Shlomi Dolev	2	0.00914634146341	3.72939509212e-05	14.0	0.015243902439	0.00394023046672
577567	Péter Urbán	2	0.0240091463415	3.54292533751e-05	112.0	0.0182926829268	0.00305134758031
47220	Nuno Ferreira Neves	2	0.00914634146341	0.0	6.0	0.015243902439	0.00303951367781
47221	Miguel Correia	2	0.00914634146341	0.0	6.0	0.015243902439	0.00303951367781
44190	Saurabh Bagchi	2	0.0121951219512	7.45879018423e-05	24.0	0.0182926829268	0.00427715996578
# Periodo: 2006-2009
47256	André Schiper	4	0.0245398773006	0.000434167059934	108.0	0.0306748466258	0.00663480904683
159080	Marta Patiño-Martínez	4	0.0184049079755	5.66304860783e-05	12.0	0.0245398773006	0.00414493994868
159081	Ricardo Jiménez-Peris	4	0.0184049079755	5.66304860783e-05	12.0	0.0245398773006	0.00414493994868
14613	Stefano Russo	3	0.0153374233129	4.71920717319e-05	10.0	0.021472392638	0.00409748811859
47221	Miguel Correia	3	0.0255623721881	0.000509674374705	144.0	0.0306748466258	0.00514993719943
55418	Bettina Kemme	3	0.0157756354075	1.88768286928e-05	14.0	0.021472392638	0.00356561795373
55419	Fernando Pedone	3	0.0305690712926	0.00124587069372	442.0	0.0306748466258	0.00527112669011
60562	Indranil Gupta	3	0.0184049079755	0.000207645115621	56.0	0.0245398773006	0.00529274384772
44190	Saurabh Bagchi	3	0.0184049079755	0.000169891458235	48.0	0.0245398773006	0.00458965850338
49889	Christof Fetzer	3	0.0184049079755	0.000226521944313	60.0	0.0245398773006	0.00561487943049
14611	Domenico Cotroneo	3	0.0153374233129	4.71920717319e-05	10.0	0.021472392638	0.00409748811859
336265	Mudhakar Srivatsa	3	0.021472392638	0.000245398773006	62.0	0.0276073619632	0.00512567867325
99257	Miroslaw Malek	3	0.0167007498296	0.000207645115621	70.0	0.021472392638	0.00440936528111
216510	Francesc D. Muñoz-Escoí	3	0.0354601226994	0.00135913166588	476.0	0.0337423312883	0.00456282991314
47552	Neeraj Suri	3	0.0153374233129	0.000151014629542	42.0	0.021472392638	0.00521386037907
710666	Ignacio Laguna	2	0.0122699386503	0.0	18.0	0.0153374233129	0.00280284488756
51723	Devdatta Kulkarni	2	0.00613496932515	0.0	4.0	0.0122699386503	0.00305810397554
60513	Alex X. Liu	2	0.00920245398773	0.0	6.0	0.0153374233129	0.00305810397554
335947	Alysson Neves Bessani	2	0.0180440274269	3.77536573856e-05	34.0	0.021472392638	0.00360942161355
48569	Anand Tripathi	2	0.00613496932515	0.0	4.0	0.0122699386503	0.00305810397554
98925	José Enrique Armendáriz-Iñigo	2	0.0295501022495	0.000368098159509	60.0	0.0337423312883	0.00431166397916
47220	Nuno Ferreira Neves	2	0.0204498977505	0.000132137800849	30.0	0.021472392638	0.00357290322763
48248	José Ramón González de Mendívil	2	0.0295501022495	0.000368098159509	60.0	0.0337423312883	0.00431166397916
33916	Paulo Veríssimo	2	0.0204498977505	0.000132137800849	30.0	0.021472392638	0.00357290322763
813712	Fahad A. Arshad	2	0.0122699386503	0.0	18.0	0.0153374233129	0.00280284488756
34072	Hans P. Reiser	2	0.0122699386503	0.0	8.0	0.0184049079755	0.00305810397554
336027	Thu D. Nguyen	2	0.0207055214724	0.000264275601699	92.0	0.0245398773006	0.00431123749896
78495	Ricardo Bianchini	2	0.0225878416062	0.00033978291647	106.0	0.0276073619632	0.00471440081283
51363	Ajoy Kumar Datta	2	0.0153374233129	0.000113260972157	34.0	0.021472392638	0.00439988117738
742066	María Idoia Ruiz-Fuertes	2	0.0268637293177	0.0	66.0	0.0245398773006	0.00307132525931
7357	Tao Xie	2	0.00920245398773	0.0	6.0	0.0153374233129	0.00305810397554
105174	Ben Y. Zhao	2	0.023596035866	0.000396413402548	128.0	0.0276073619632	0.00459284491503
# Periodo: 2007-2010
55419	Fernando Pedone	5	0.0305992350191	0.000811129306255	254.0	0.0359116022099	0.00685353445457
225686	Mark Linderman	5	0.0426203630624	0.00154267611454	502.0	0.0469613259669	0.00691577407952
47256	André Schiper	4	0.0193370165746	0.000229564897997	70.0	0.024861878453	0.0052279796309
44190	Saurabh Bagchi	4	0.0220994475138	0.000321390857195	100.0	0.0276243093923	0.00535046000314
14611	Domenico Cotroneo	3	0.0138121546961	3.82608163328e-05	10.0	0.0193370165746	0.00369112566055
14613	Stefano Russo	3	0.0138121546961	3.82608163328e-05	10.0	0.0193370165746	0.00369112566055
47487	Andrea Bondavalli	3	0.0110497237569	1.53043265331e-05	8.0	0.0165745856354	0.00321578577596
159080	Marta Patiño-Martínez	3	0.0138121546961	2.80579319774e-05	10.0	0.0193370165746	0.00345092705389
159081	Ricardo Jiménez-Peris	3	0.0138121546961	2.80579319774e-05	10.0	0.0193370165746	0.00345092705389
26166	Bharat K. Bhargava	3	0.0331491712707	0.000501981910286	218.0	0.0331491712707	0.00443616478473
65137	Claudio Soriente	3	0.0138121546961	2.80579319774e-05	10.0	0.0193370165746	0.00345092705389
38600	Roberto Di Pietro	3	0.0138121546961	2.80579319774e-05	10.0	0.0193370165746	0.00345092705389
710666	Ignacio Laguna	2	0.0135996600085	0.0	26.0	0.0138121546961	0.00253391548414
436285	Andrea Ceccarelli	2	0.0110497237569	1.53043265331e-05	8.0	0.0165745856354	0.00321578577596
47169	Xuxian Jiang	2	0.024861878453	9.18259591987e-05	18.0	0.0303867403315	0.0035654039971
335947	Alysson Neves Bessani	2	0.0138121546961	3.06086530662e-05	10.0	0.0193370165746	0.00343849912529
47221	Miguel Correia	2	0.0138121546961	3.06086530662e-05	10.0	0.0193370165746	0.00343849912529
55418	Bettina Kemme	2	0.0115101289134	5.1014421777e-06	12.0	0.0165745856354	0.00290100243301
512130	Pierre Sutra	2	0.0172952197934	0.0	46.0	0.0110497237569	0.00207388114444
47254	Fatemeh Borran	2	0.0135359116022	1.53043265331e-05	20.0	0.0165745856354	0.00324523067594
51363	Ajoy Kumar Datta	2	0.0138121546961	9.18259591987e-05	34.0	0.0193370165746	0.00396352932511
105174	Ben Y. Zhao	2	0.0212494687633	0.000321390857195	128.0	0.024861878453	0.0041373561631
47417	Kishor S. Trivedi	2	0.0150399017802	0.000153043265331	66.0	0.0193370165746	0.00391011457795
47418	Gunjan Khanna	2	0.0135996600085	0.0	26.0	0.0138121546961	0.00253391548414
43372	Dongyan Xu	2	0.024861878453	9.18259591987e-05	18.0	0.0303867403315	0.0035654039971
336265	Mudhakar Srivatsa	2	0.0110497237569	1.53043265331e-05	8.0	0.0165745856354	0.00321578577596
225683	Rohit Ranchal	2	0.0308630215279	1.22434612265e-05	58.0	0.0276243093923	0.0034475264418
47552	Neeraj Suri	2	0.00828729281768	3.06086530662e-05	14.0	0.0138121546961	0.00357117306763
74197	Priya Narasimhan	2	0.0138121546961	9.18259591987e-05	34.0	0.0193370165746	0.00396352932511
4582	Fei Chen	2	0.00828729281768	0.0	6.0	0.0138121546961	0.00275482093664
811527	João Leitão	2	0.00828729281768	7.65216326656e-06	6.0	0.0138121546961	0.00309666003097
51723	Devdatta Kulkarni	2	0.00552486187845	0.0	4.0	0.0110497237569	0.00275482093664
47658	Guofei Jiang	2	0.0110497237569	5.1014421777e-06	8.0	0.0165745856354	0.00296250145071
47659	Haifeng Chen	2	0.0110497237569	5.1014421777e-06	8.0	0.0165745856354	0.00296250145071
47660	Kenji Yoshihira	2	0.0110497237569	5.1014421777e-06	8.0	0.0165745856354	0.00296250145071
47734	Shambhu J. Upadhyaya	2	0.0110497237569	6.12173061324e-05	24.0	0.0165745856354	0.0038765444318
# Periodo: 2011-2014
12134	Roman Vitenberg	2	0.043956043956	0.000732600732601	20.0	0.0659340659341	0.0140678447433
654849	Kaiwen Zhang	1	0.010989010989	0.0	2.0	0.032967032967	0.0108695652174
465423	Marco Canini	1	0.032967032967	0.0	6.0	0.0549450549451	0.0108695652174
47226	Paolo Romano	1	0.021978021978	0.0	4.0	0.043956043956	0.0108695652174
49699	Michael R. Lyu	1	0.021978021978	0.0	4.0	0.043956043956	0.0108695652174
47658	Guofei Jiang	1	0.010989010989	0.0	2.0	0.032967032967	0.0108695652174
720434	Andrey Brito	1	0.021978021978	0.0	4.0	0.043956043956	0.0108695652174
236211	Edgar Nett	1	0.021978021978	0.0	4.0	0.043956043956	0.0108695652174
52788	Guohong Cao	1	0.0549450549451	0.0	10.0	0.0769230769231	0.0108695652174
