# Periodo: 1985-1985
116796	Bernard Chazelle	4	0.0495356037152	0.00570676031607	134.0	0.0735294117647	0.0200094246382
58341	Raimund Seidel	3	0.0627450980392	0.00834064969271	166.0	0.0735294117647	0.018376593321
56576	Micha Sharir	2	0.0294117647059	0.000438981562774	8.0	0.0588235294118	0.0180894953983
27589	David Avis	2	0.0147058823529	0.0	2.0	0.0441176470588	0.0144927536232
36002	Kurt Mehlhorn	2	0.0735294117647	0.00263388937665	34.0	0.102941176471	0.0208516107971
45381	Chee-Keng Yap	2	0.0735294117647	0.0017559262511	26.0	0.102941176471	0.01856081866
# Periodo: 1986-1986
56576	Micha Sharir	3	0.103813559322	0.00642898889538	64.0	0.135593220339	0.0266507117421
58140	Leonidas J. Guibas	2	0.0922787193974	0.00350672121566	46.0	0.118644067797	0.0223603526965
38915	Michael T. Goodrich	1	0.0169491525424	0.0	2.0	0.0508474576271	0.0166666666667
36100	Prabhakar Raghavan	1	0.0169491525424	0.0	2.0	0.0508474576271	0.0166666666667
50469	Shlomo Moran	1	0.0677966101695	0.0	8.0	0.101694915254	0.0166666666667
117768	John Hershberger	1	0.0830508474576	0.0	20.0	0.101694915254	0.0181711719596
# Periodo: 1987-1987
118506	Subhash Suri	3	0.130434782609	0.00341005967604	50.0	0.159420289855	0.0175589850235
117768	John Hershberger	2	0.0144927536232	0.0	2.0	0.0434782608696	0.0142857142857
58018	David G. Kirkpatrick	2	0.0144927536232	0.0	2.0	0.0434782608696	0.0142857142857
57545	Emo Welzl	2	0.0724637681159	0.00255754475703	34.0	0.101449275362	0.0205537312931
58341	Raimund Seidel	2	0.117391304348	0.0	20.0	0.144927536232	0.0148719717051
30967	Jean-Daniel Boissonnat	2	0.0434782608696	0.000852514919011	14.0	0.0724637681159	0.0185190831987
56576	Micha Sharir	1	0.117391304348	0.0	20.0	0.144927536232	0.0148719717051
# Periodo: 1988-1988
56576	Micha Sharir	8	0.185142857143	0.0322291235335	448.0	0.2	0.0282614778901
57544	Herbert Edelsbrunner	5	0.171428571429	0.0214630779848	76.0	0.185714285714	0.0250453549726
58140	Leonidas J. Guibas	4	0.154285714286	0.0024154589372	60.0	0.157142857143	0.019603284632
12674	Kenneth L. Clarkson	3	0.0428571428571	0.000828157349896	14.0	0.0714285714286	0.0182582510359
57545	Emo Welzl	3	0.144642857143	0.00227743271222	64.0	0.128571428571	0.0162648243249
117768	John Hershberger	2	0.14930875576	0.000138026224983	62.0	0.142857142857	0.0173787274979
185390	Gordon T. Wilfong	2	0.0857142857143	0.0	108.0	0.0571428571429	0.0113449755606
# Periodo: 1989-1989
117768	John Hershberger	3	0.0643879173291	0.00518326545724	122.0	0.0675675675676	0.0145367784688
118506	Subhash Suri	3	0.0841995841996	0.00851536467975	158.0	0.0945945945946	0.0197137301531
56847	Jirí Matousek	2	0.0135135135135	0.0	2.0	0.0405405405405	0.0133333333333
57145	Rephael Wenger	2	0.027027027027	0.000370233246946	8.0	0.0540540540541	0.0166423357664
116796	Bernard Chazelle	2	0.027027027027	0.000370233246946	8.0	0.0540540540541	0.0166423357664
60363	Pankaj K. Agarwal	2	0.0	0.0	0.0	0.027027027027	0.0133333333333
65506	Jack Snoeyink	2	0.0456081081081	0.0	48.0	0.0540540540541	0.0117440000709
# Periodo: 1990-1990
56576	Micha Sharir	6	0.204294217687	0.0398403136355	178.0	0.202380952381	0.025418467243
57544	Herbert Edelsbrunner	4	0.190674603175	0.0251434308663	460.0	0.166666666667	0.0213814534425
116796	Bernard Chazelle	3	0.178757440476	0.00575635876841	128.0	0.119047619048	0.0141737949823
57545	Emo Welzl	3	0.211860670194	0.0570472365653	-628.0	0.130952380952	0.0163272164143
56847	Jirí Matousek	2	0.0	0.0	0.0	0.0238095238095	0.0117647058824
58140	Leonidas J. Guibas	2	0.148577612863	0.000286861732645	154.0	0.107142857143	0.0127859815841
44959	Joseph S. B. Mitchell	2	0.127116402116	0.00860585197935	418.0	0.0595238095238	0.010467376383
36002	Kurt Mehlhorn	2	0.170753375977	0.0179288582903	134.0	0.130952380952	0.0161347223174
# Periodo: 1991-1991
56576	Micha Sharir	4	0.165413533835	0.0436659831397	874.0	0.116883116883	0.0181722925915
32663	Dan Halperin	3	0.120879120879	0.00845295055821	42.0	0.12987012987	0.0191834313073
183115	Ketan Mulmuley	3	0.012987012987	0.0	2.0	0.038961038961	0.0128205128205
59591	Boris Aronov	3	0.142857142857	0.0379357484621	840.0	0.142857142857	0.0202585141141
115161	Marc J. van Kreveld	3	0.114285714286	0.00504670767829	108.0	0.103896103896	0.0157422966433
104565	Mark H. Overmars	3	0.142857142857	0.0163704716336	34.0	0.116883116883	0.0176561670919
56847	Jirí Matousek	2	0.12324929972	0.0	102.0	0.0519480519481	0.00778026509097
# Periodo: 1992-1992
56576	Micha Sharir	4	0.116883116883	0.0263157894737	560.0	0.116883116883	0.025177564159
56847	Jirí Matousek	3	0.0913149350649	0.0123034859877	346.0	0.0649350649351	0.0134442403772
57544	Herbert Edelsbrunner	3	0.0913149350649	0.00922761449077	240.0	0.0909090909091	0.0200504304659
115423	Otfried Schwarzkopf	3	0.069573283859	0.00888585099111	296.0	0.0649350649351	0.0143142727316
116796	Bernard Chazelle	2	0.0885478158205	0.00478468899522	158.0	0.0779220779221	0.0165037972886
56509	Noga Alon	2	0.025974025974	0.000341763499658	8.0	0.0519480519481	0.0160022459293
59591	Boris Aronov	2	0.0834879406308	0.00888585099111	254.0	0.0649350649351	0.0139575569671
# Periodo: 1993-1993
56576	Micha Sharir	4	0.0514403292181	0.00277777777778	54.0	0.0740740740741	0.0213984020365
12685	David Eppstein	4	0.0756172839506	0.00432098765432	82.0	0.0987654320988	0.019106574622
38915	Michael T. Goodrich	3	0.0246913580247	0.0	4.0	0.0493827160494	0.0121951219512
57544	Herbert Edelsbrunner	3	0.0246913580247	0.000308641975309	8.0	0.0493827160494	0.0152216485669
65506	Jack Snoeyink	3	0.0246913580247	0.000308641975309	8.0	0.0493827160494	0.0152216485669
38916	Roberto Tamassia	2	0.0246913580247	0.0	4.0	0.0493827160494	0.0121951219512
32663	Dan Halperin	2	0.0385802469136	0.00123456790123	38.0	0.0493827160494	0.0134432986682
57120	Gary L. Miller	2	0.0549943883277	0.0	22.0	0.0740740740741	0.0129667236029
# Periodo: 1994-1994
38915	Michael T. Goodrich	4	0.0633074935401	0.00383036935705	86.0	0.0813953488372	0.0187502484769
56576	Micha Sharir	4	0.0697674418605	0.0046511627907	110.0	0.0697674418605	0.0145744773412
56847	Jirí Matousek	3	0.0598006644518	0.0	56.0	0.0581395348837	0.0108084163116
12682	Michiel H. M. Smid	3	0.046511627907	0.00136798905609	28.0	0.0697674418605	0.0183157295226
32663	Dan Halperin	3	0.0797342192691	0.0077975376197	162.0	0.0697674418605	0.0145637153909
60363	Pankaj K. Agarwal	3	0.066976744186	0.00259917920657	32.0	0.0813953488372	0.0158340849318
117768	John Hershberger	2	0.0507399577167	0.00300957592339	152.0	0.046511627907	0.0109990751079
53786	Gautam Das	2	0.0116279069767	0.0	2.0	0.0348837209302	0.0114942528736
# Periodo: 1995-1995
56576	Micha Sharir	4	0.0920106020447	0.0181941403399	1506.0	0.0575539568345	0.00947203855665
115423	Otfried Schwarzkopf	4	0.0874100719424	0.0165780419143	1380.0	0.0575539568345	0.0105766068289
60363	Pankaj K. Agarwal	4	0.0859771199434	0.0136065060995	1154.0	0.0503597122302	0.00861280068877
30967	Jean-Daniel Boissonnat	3	0.0782776763664	0.0125638619539	860.0	0.0791366906475	0.0129448309515
116249	Sunil Arya	2	0.0143884892086	0.0	4.0	0.0287769784173	0.00714285714286
4634	Bernhard Geiger	2	0.058273381295	0.0	180.0	0.0359712230216	0.00611114223737
174619	Mariette Yvinec	2	0.0738676664302	0.00297153581483	142.0	0.0575539568345	0.00900542787328
116796	Bernard Chazelle	2	0.0215827338129	0.0	6.0	0.0359712230216	0.00714285714286
128616	Anil S. Rao	2	0.0672385168788	0.00521322072777	560.0	0.0503597122302	0.0096548057203
104565	Mark H. Overmars	2	0.0672385168788	0.00521322072777	560.0	0.0503597122302	0.0096548057203
48815	David P. Dobkin	2	0.0215827338129	0.0	6.0	0.0359712230216	0.00714285714286
36030	Rolf Klein	2	0.0359712230216	0.000417057658221	26.0	0.0503597122302	0.00914783205387
59591	Boris Aronov	2	0.0672385168788	0.00959232613909	932.0	0.0575539568345	0.00956166614526
613099	Joonsoo Choi	2	0.0143884892086	0.0	4.0	0.0287769784173	0.00714285714286
# Periodo: 1996-1996
56576	Micha Sharir	5	0.0453781512605	0.00356074633243	178.0	0.0588235294118	0.0146485952511
46830	Hiroshi Imai	3	0.0975232198142	0.00135308360632	76.0	0.100840336134	0.0100572342783
118513	Matthew Dickerson	3	0.0378151260504	0.00213644779946	132.0	0.0504201680672	0.0126410038814
45381	Chee-Keng Yap	3	0.0504201680672	0.00156672838627	56.0	0.0672268907563	0.014422726985
65506	Jack Snoeyink	3	0.108996539792	0.0101125195841	456.0	0.0924369747899	0.0135988951528
38916	Roberto Tamassia	2	0.0420168067227	0.000854579119784	34.0	0.0588235294118	0.0119896762084
74302	Binhai Zhu	2	0.102941176471	0.0054123344253	284.0	0.0756302521008	0.0107125865871
118389	Keiko Imai	2	0.0950226244344	0.0	78.0	0.0924369747899	0.00894855769526
256646	Tomonari Masada	2	0.0950226244344	0.0	78.0	0.0924369747899	0.00894855769526
57201	Marc Noy	2	0.0168067226891	0.0	4.0	0.0336134453782	0.00833333333333
19652	Ferran Hurtado	2	0.0168067226891	0.0	4.0	0.0336134453782	0.00833333333333
117543	Nina Amenta	2	0.00840336134454	0.0	2.0	0.0252100840336	0.00833333333333
# Periodo: 1997-1997
58140	Leonidas J. Guibas	6	0.103440019156	0.0267379679144	3538.0	0.0748663101604	0.0124760435462
129140	Julien Basch	4	0.0729524345623	0.00201253521937	186.0	0.0427807486631	0.00708100361586
60363	Pankaj K. Agarwal	4	0.0805869916677	0.0118452072911	1860.0	0.0427807486631	0.00781508931399
38915	Michael T. Goodrich	3	0.0877276111826	0.0153815191766	2154.0	0.0641711229947	0.0100524370423
45685	Gill Barequet	3	0.0666392431098	0.00244379276637	484.0	0.0534759358289	0.00859277235757
129141	Li Zhang 0001	3	0.072192513369	0.00184003220056	192.0	0.0374331550802	0.00610312810814
56576	Micha Sharir	3	0.0607936954686	0.00218503823817	524.0	0.0320855614973	0.00651341747747
32663	Dan Halperin	3	0.0655080213904	0.00701512276465	890.0	0.0588235294118	0.00812173437556
38916	Roberto Tamassia	2	0.0653818989002	0.0039100684262	764.0	0.0427807486631	0.00708859908968
117768	John Hershberger	2	0.0787554691298	0.00201253521937	420.0	0.0320855614973	0.00550537565785
173602	Hervé Brönnimann	2	0.0213903743316	0.000172503018803	20.0	0.0320855614973	0.00688426410079
115827	Ileana Streinu	2	0.00534759358289	0.0	2.0	0.0160427807487	0.00531914893617
250008	Mark Lanthier	2	0.0106951871658	0.0	4.0	0.0213903743316	0.00531914893617
36002	Kurt Mehlhorn	2	0.046218487395	0.00138002415042	152.0	0.0534759358289	0.00791663387114
116936	Stefan Schirra	2	0.043137254902	0.00103501811282	118.0	0.0534759358289	0.00782514561188
57545	Emo Welzl	2	0.0602650546385	0.0039100684262	818.0	0.0320855614973	0.00641360839762
44838	Jörg-Rüdiger Sack	2	0.0106951871658	0.0	4.0	0.0213903743316	0.00531914893617
46830	Hiroshi Imai	2	0.0213903743316	0.000172503018803	20.0	0.0320855614973	0.00688426410079
# Periodo: 1998-1998
28815	Sariel Har-Peled	5	0.0641025641026	0.00298730395818	126.0	0.0673076923077	0.0114733750914
173602	Hervé Brönnimann	2	0.025641025641	0.0	12.0	0.0384615384615	0.00855431993157
61614	Jonathan Richard Shewchuk	2	0.0	0.0	0.0	0.0192307692308	0.00952380952381
48815	David P. Dobkin	2	0.0192307692308	0.000186706497386	8.0	0.0384615384615	0.0118873826903
22208	Alon Efrat	2	0.0437062937063	0.00168035847647	104.0	0.0384615384615	0.0081023121996
59591	Boris Aronov	2	0.0739644970414	0.00448095593727	146.0	0.0961538461538	0.0152800538919
116508	Timothy M. Chan	2	0.0	0.0	0.0	0.0192307692308	0.00952380952381
115488	Siu-Wing Cheng	2	0.0523504273504	0.00224047796863	78.0	0.0673076923077	0.0132933023279
18222	David M. Mount	2	0.0471153846154	0.00186706497386	72.0	0.0576923076923	0.0120063601262
249685	Christoph Burnikel	2	0.0384615384615	0.000746825989544	24.0	0.0576923076923	0.0134017678928
# Periodo: 1999-1999
58140	Leonidas J. Guibas	5	0.157712830463	0.0289416723627	260.0	0.112781954887	0.0153011209928
65506	Jack Snoeyink	5	0.176183702499	0.0728184096605	3510.0	0.12030075188	0.0167436873018
56576	Micha Sharir	4	0.15645112782	0.0234848484848	-50.0	0.0827067669173	0.0113388036953
117768	John Hershberger	3	0.125361480625	0.00681818181818	722.0	0.0751879699248	0.0102911457989
44751	Tamal K. Dey	3	0.121468266941	0.0316605908711	2514.0	0.0676691729323	0.0107475546047
45896	Dinesh Manocha	3	0.0676691729323	0.00239234449761	90.0	0.0827067669173	0.0134996179889
44959	Joseph S. B. Mitchell	3	0.143796992481	0.0275993012835	2288.0	0.0751879699248	0.0103832407321
60363	Pankaj K. Agarwal	3	0.142747379397	0.0107902331587	174.0	0.0676691729323	0.00897461834001
150104	Martin L. Demaine	2	0.10925358088	0.00803144224197	358.0	0.0526315789474	0.00774153067482
129140	Julien Basch	2	0.124562999856	0.00112212349054	314.0	0.0676691729323	0.00874536939838
28816	Edgar A. Ramos	2	0.0944753187316	0.0	414.0	0.0300751879699	0.00498632282828
103569	Erik D. Demaine	2	0.10925358088	0.00803144224197	358.0	0.0526315789474	0.00774153067482
36002	Kurt Mehlhorn	2	0.0958646616541	0.0164046479836	1902.0	0.0526315789474	0.0092625918656
# Periodo: 2000-2000
116233	Bernd Gärtner	3	0.025	0.000499375780275	18.0	0.0444444444444	0.0128027312493
28816	Edgar A. Ramos	3	0.0222222222222	0.0	4.0	0.0444444444444	0.010989010989
28815	Sariel Har-Peled	2	0.0333333333333	0.000499375780275	14.0	0.0555555555556	0.0142454486104
114857	Monique Teillaud	2	0.0571428571429	0.000749063670412	14.0	0.0777777777778	0.0140555470843
61614	Jonathan Richard Shewchuk	2	0.0	0.0	0.0	0.0222222222222	0.010989010989
57545	Emo Welzl	2	0.025	0.000499375780275	18.0	0.0444444444444	0.0128027312493
44751	Tamal K. Dey	2	0.0592592592593	0.0039950062422	120.0	0.0666666666667	0.0128476340746
30967	Jean-Daniel Boissonnat	2	0.05	0.00124843945069	40.0	0.0666666666667	0.0127089357443
56576	Micha Sharir	2	0.0462962962963	0.00149812734082	40.0	0.0666666666667	0.0154573572959
# Periodo: 2001-2001
56576	Micha Sharir	5	0.107502799552	0.0354609929078	1418.0	0.0851063829787	0.0178950474317
12700	Mark de Berg	3	0.117839607201	0.0375200183024	1384.0	0.127659574468	0.0200200514306
44959	Joseph S. B. Mitchell	3	0.0863050644291	0.0189887897506	884.0	0.0744680851064	0.0165724445779
62010	Matthew J. Katz	2	0.0673369184007	0.00526195378632	408.0	0.0531914893617	0.0121630638936
183734	Elmar Schömer	2	0.0212765957447	0.0	4.0	0.0425531914894	0.0105263157895
45685	Gill Barequet	2	0.0851063829787	0.00343170899108	76.0	0.106382978723	0.0160563165519
56964	Csaba D. Tóth	2	0.0106382978723	0.0	2.0	0.031914893617	0.0105263157895
824965	Nicola Geismann	2	0.0212765957447	0.0	4.0	0.0425531914894	0.0105263157895
58140	Leonidas J. Guibas	2	0.0928433268859	0.0183024479524	788.0	0.0851063829787	0.0134788865562
# Periodo: 2002-2002
56576	Micha Sharir	5	0.0784929356358	0.00610140963602	172.0	0.0918367346939	0.0165058701277
28815	Sariel Har-Peled	3	0.0645161290323	0.00904691773617	370.0	0.0714285714286	0.0136971161635
116959	Vladlen Koltun	3	0.0566893424036	0.0	36.0	0.0408163265306	0.00714331368041
32663	Dan Halperin	3	0.0714285714286	0.00315590153587	74.0	0.0918367346939	0.0180385286714
298534	David Goldberg	2	0.0204081632653	0.0	4.0	0.0408163265306	0.010101010101
103569	Erik D. Demaine	2	0.0769230769231	0.0042078687145	52.0	0.0816326530612	0.0127491412486
157382	Jeff Erickson	2	0.0769230769231	0.00946770460762	384.0	0.0714285714286	0.0113673024814
59591	Boris Aronov	2	0.0680272108844	0.00441826215022	144.0	0.0714285714286	0.0130621735127
74984	Franz Aurenhammer	2	0.030612244898	0.000105196717862	6.0	0.0510204081633	0.0113544201135
# Periodo: 2003-2003
28815	Sariel Har-Peled	5	0.0758807588076	0.00553112088498	150.0	0.0813008130081	0.0156278337019
12671	Günter Rote	4	0.130081300813	0.0105291216847	336.0	0.146341463415	0.0182332571692
56576	Micha Sharir	3	0.0724316334072	0.00473144075703	240.0	0.0650406504065	0.0121568517725
173603	John Iacono	2	0.00813008130081	0.0	2.0	0.0243902439024	0.00806451612903
81846	Valerio Pascucci	2	0.0325203252033	0.0	8.0	0.0487804878049	0.00806451612903
45142	Vijay Natarajan	2	0.0325203252033	0.0	8.0	0.0487804878049	0.00806451612903
61614	Jonathan Richard Shewchuk	2	0.00813008130081	0.0	2.0	0.0243902439024	0.00806451612903
57544	Herbert Edelsbrunner	2	0.0325203252033	0.0	8.0	0.0487804878049	0.00806451612903
44753	Yusu Wang	2	0.0612883051907	0.0	52.0	0.0406504065041	0.00709255370328
116959	Vladlen Koltun	2	0.0569105691057	0.000533120085299	56.0	0.0487804878049	0.00872703288398
104686	John Harer	2	0.0325203252033	0.0	8.0	0.0487804878049	0.00806451612903
116096	Helmut Alt	2	0.0800500312695	0.000399840063974	52.0	0.0650406504065	0.00890232747023
# Periodo: 2004-2004
56576	Micha Sharir	7	0.121890547264	0.0265963416003	1642.0	0.089552238806	0.0155550831966
60363	Pankaj K. Agarwal	7	0.117014925373	0.0250252496914	1448.0	0.111940298507	0.0185122999209
103569	Erik D. Demaine	5	0.189483616401	0.0463472113119	2748.0	0.134328358209	0.0170602469117
157382	Jeff Erickson	3	0.196250888415	0.0599259342386	3622.0	0.149253731343	0.0150187749589
44751	Tamal K. Dey	3	0.0298507462687	0.000336662551902	20.0	0.044776119403	0.00958697519221
56575	János Pach	3	0.0886476707372	0.00572326338234	316.0	0.0597014925373	0.0108155933525
12685	David Eppstein	3	0.0477611940299	0.00213219616205	112.0	0.0597014925373	0.0124613624486
12694	Rom Pinchasi	3	0.0860403863038	0.00302996296712	324.0	0.044776119403	0.00812953354934
173602	Hervé Brönnimann	2	0.139704022262	0.0100998765571	880.0	0.089552238806	0.0106113493824
173603	John Iacono	2	0.169949222957	0.00179553361014	194.0	0.0820895522388	0.00873134918898
613148	Tathagata Ray	2	0.0238805970149	0.0	10.0	0.0373134328358	0.00756109487941
57429	Sue Whitesides	2	0.191686914266	0.0496016159802	3164.0	0.126865671642	0.0133408422467
182879	Sylvain Lazard	2	0.139704022262	0.0100998765571	880.0	0.089552238806	0.0106113493824
# Periodo: 2005-2005
66229	Sergey Bereg	4	0.060263653484	0.00188323917137	74.0	0.0762711864407	0.013260774861
28815	Sariel Har-Peled	3	0.0254237288136	0.000434593654933	18.0	0.0423728813559	0.0128216234948
57544	Herbert Edelsbrunner	3	0.0254237288136	0.000289729103288	14.0	0.0423728813559	0.0108935783492
32663	Dan Halperin	3	0.0338983050847	0.000724322758221	28.0	0.0508474576271	0.0133904913318
12700	Mark de Berg	3	0.0338983050847	0.000724322758221	44.0	0.0423728813559	0.00933357849166
74753	Ovidiu Daescu	2	0.0542372881356	0.00101405186151	52.0	0.0677966101695	0.0112565875558
173657	Lars Arge	2	0.043583535109	0.0013037809648	56.0	0.0593220338983	0.0121895430519
56964	Csaba D. Tóth	2	0.0169491525424	0.000144864551644	8.0	0.0338983050847	0.0104888670797
58140	Leonidas J. Guibas	2	0.0169491525424	0.0	4.0	0.0338983050847	0.00840336134454
30967	Jean-Daniel Boissonnat	2	0.0169491525424	0.0	4.0	0.0338983050847	0.00840336134454
46898	David Cohen-Steiner	2	0.0190677966102	0.0	8.0	0.0338983050847	0.00825089907891
# Periodo: 2006-2006
56576	Micha Sharir	5	0.0534351145038	0.00223135642983	90.0	0.0687022900763	0.0174302390661
44959	Joseph S. B. Mitchell	4	0.164611469955	0.0208455666471	534.0	0.160305343511	0.0182387140703
103569	Erik D. Demaine	3	0.131017292413	0.0147974163241	802.0	0.106870229008	0.0141088499949
36043	Sándor P. Fekete	3	0.149298775075	0.0103347034645	226.0	0.129770992366	0.0145267767194
173657	Lars Arge	2	0.0229007633588	0.000234879624193	14.0	0.0381679389313	0.00982072593599
173254	Martin Kutz	2	0.00763358778626	0.0	2.0	0.0229007633588	0.00757575757576
521332	Kim Whittlesey	2	0.121129194873	0.00440399295361	106.0	0.0992366412214	0.0107755538739
65506	Jack Snoeyink	2	0.0381679389313	0.000704638872578	34.0	0.0534351145038	0.010899705644
28815	Sariel Har-Peled	2	0.00763358778626	0.0	2.0	0.0229007633588	0.00757575757576
157382	Jeff Erickson	2	0.121129194873	0.00440399295361	106.0	0.0992366412214	0.0107755538739
59591	Boris Aronov	2	0.030534351145	0.000469759248385	24.0	0.0458015267176	0.0106604971874
57544	Herbert Edelsbrunner	2	0.0272628135224	0.000176159718144	14.0	0.0381679389313	0.00805050884331
46898	David Cohen-Steiner	2	0.0318066157761	0.000704638872578	40.0	0.0458015267176	0.00994556588031
# Periodo: 2007-2007
56576	Micha Sharir	5	0.104797391709	0.0121681415929	396.0	0.115044247788	0.0215787289507
60363	Pankaj K. Agarwal	4	0.0737463126844	0.00158027812895	48.0	0.070796460177	0.0127901948187
66568	Hazel Everett	3	0.0796460176991	0.00158027812895	18.0	0.0973451327434	0.0139777935831
182879	Sylvain Lazard	3	0.0796460176991	0.00158027812895	18.0	0.0973451327434	0.0139777935831
12671	Günter Rote	3	0.070796460177	0.00189633375474	-2.0	0.0884955752212	0.0144019654999
12687	Christian Knauer	2	0.0566371681416	0.000474083438685	20.0	0.070796460177	0.0111879754047
28815	Sariel Har-Peled	2	0.0686603600854	0.00094816687737	56.0	0.0530973451327	0.00956907600698
153805	Kevin Buchin	2	0.0514883346742	0.000237041719343	22.0	0.0619469026549	0.00975110921926
66801	André Schulz	2	0.0435670524166	7.90139064475e-05	26.0	0.0442477876106	0.00727137233879
30967	Jean-Daniel Boissonnat	2	0.0353982300885	0.00063211125158	24.0	0.0530973451327	0.0123437335855
56575	János Pach	2	0.0663716814159	0.00221238938053	146.0	0.0442477876106	0.00904300451893
# Periodo: 2008-2008
116508	Timothy M. Chan	3	0.0	0.0	0.0	0.0168067226891	0.00833333333333
12674	Kenneth L. Clarkson	3	0.00840336134454	0.0	2.0	0.0252100840336	0.00833333333333
32663	Dan Halperin	3	0.078781512605	0.0054123344253	254.0	0.0672268907563	0.0121239431627
67142	Valentin Polishchuk	2	0.0336134453782	0.000142429853297	8.0	0.0504201680672	0.00972775197228
173657	Lars Arge	2	0.0432172869148	0.00113943882638	50.0	0.0588235294118	0.0116128334915
182879	Sylvain Lazard	2	0.0646412411118	0.00341831647913	154.0	0.0756302521008	0.0111940541165
337518	Louis Theran	2	0.0168067226891	0.0	4.0	0.0336134453782	0.00833333333333
115827	Ileana Streinu	2	0.0168067226891	0.0	4.0	0.0336134453782	0.00833333333333
249790	Bardia Sadri	2	0.0378151260504	0.000284859706595	16.0	0.0504201680672	0.00961325226316
56509	Noga Alon	2	0.0945378151261	0.00797607178465	334.0	0.100840336134	0.013123465362
157382	Jeff Erickson	2	0.0525210084034	0.000569719413189	32.0	0.0672268907563	0.00983452092743
471258	Marc Glisse	2	0.0494315373208	0.000997008973081	34.0	0.0504201680672	0.00822930555672
# Periodo: 2009-2009
56617	Bettina Speckmann	3	0.0601990049751	0.00286163169117	118.0	0.0671641791045	0.0128801084326
12700	Mark de Berg	3	0.0531167690957	0.00291774211649	174.0	0.0597014925373	0.0119825276351
174618	Camille Wormser	2	0.0223880597015	0.0	6.0	0.0373134328358	0.00740740740741
46125	Joachim Giesen	2	0.0223880597015	0.0	6.0	0.0373134328358	0.00740740740741
56964	Csaba D. Tóth	2	0.0376243781095	0.0	48.0	0.0298507462687	0.00572220534208
28815	Sariel Har-Peled	2	0.0238805970149	0.000448883402536	30.0	0.0373134328358	0.00932026302038
116508	Timothy M. Chan	2	0.0199004975124	0.000336662551902	28.0	0.0298507462687	0.00771404935544
56576	Micha Sharir	2	0.0223880597015	0.000224441701268	14.0	0.0373134328358	0.00960248758186
249900	Norbert Zeh	2	0.0149253731343	0.0	4.0	0.0298507462687	0.00740740740741
118066	Chris H. Hamilton	2	0.0149253731343	0.0	4.0	0.0298507462687	0.00740740740741
45877	Mark Pauly	2	0.0223880597015	0.0	6.0	0.0373134328358	0.00740740740741
117564	Peyman Afshani	2	0.0149253731343	0.0	4.0	0.0298507462687	0.00740740740741
12685	David Eppstein	2	0.0429992892679	0.00112220850634	102.0	0.044776119403	0.00866201278061
# Periodo: 2010-2010
56576	Micha Sharir	5	0.101765316719	0.00661259037207	200.0	0.11214953271	0.0170371654772
60363	Pankaj K. Agarwal	4	0.10775151182	0.00749426908834	218.0	0.121495327103	0.0170116972353
249852	Natan Rubin	3	0.0832625318607	0.0	44.0	0.0747663551402	0.00995372674226
118781	Sergio Cabello	3	0.0333778371162	0.00105801445953	46.0	0.0467289719626	0.0107874865156
402433	Akitoshi Kawamura	2	0.0373831775701	0.0	8.0	0.0560747663551	0.00925925925926
56847	Jirí Matousek	2	0.0373831775701	0.0	8.0	0.0560747663551	0.00925925925926
116796	Bernard Chazelle	2	0.0	0.0	0.0	0.018691588785	0.00925925925926
173657	Lars Arge	2	0.0373831775701	0.000705342973021	24.0	0.0560747663551	0.0130294965624
536172	Gur Harary	2	0.00934579439252	0.0	2.0	0.0280373831776	0.00925925925926
28815	Sariel Har-Peled	2	0.0280373831776	0.00035267148651	14.0	0.0467289719626	0.0120031094773
# Periodo: 2011-2011
58140	Leonidas J. Guibas	3	0.0613636363636	0.000732515999692	18.0	0.0757575757576	0.0107845919361
116508	Timothy M. Chan	3	0.030303030303	0.000462641684016	24.0	0.0454545454545	0.0105803430733
182660	Michael Kerber	3	0.0378787878788	0.00057830210502	26.0	0.0530303030303	0.0109626911519
104893	Dmitriy Morozov	3	0.0613636363636	0.000983113578533	12.0	0.0757575757576	0.0109231809518
115827	Ileana Streinu	2	0.00757575757576	0.0	2.0	0.0227272727273	0.00751879699248
247981	Eric Berberich	2	0.0315656565657	0.000115660421004	12.0	0.0454545454545	0.00898118037957
36030	Rolf Klein	2	0.030303030303	0.000346981263012	20.0	0.0454545454545	0.00973114026165
176442	André Lieutier	2	0.0151515151515	0.0	4.0	0.030303030303	0.00751879699248
471350	Ciprian Borcea	2	0.00757575757576	0.0	2.0	0.0227272727273	0.00751879699248
59746	Tobias Müller	2	0.0227272727273	0.000231320842008	14.0	0.0378787878788	0.009746885897
104807	Frédéric Chazal	2	0.0557851239669	0.000327704526178	22.0	0.0681818181818	0.00952817408294
152725	Dominique Attali	2	0.0151515151515	0.0	4.0	0.030303030303	0.00751879699248
12700	Mark de Berg	2	0.0378787878788	0.000693962526024	34.0	0.0530303030303	0.0108177535434
