# Periodo: 1984-1985
68160	Klaus Ambos-Spies	2	0.0	0.0	0.0	0.021978021978	0.0108695652174
30070	William F. McColl	2	0.0	0.0	0.0	0.021978021978	0.0108695652174
118290	Ludek Kucera	1	0.0	0.0	0.0	0.021978021978	0.0108695652174
115742	Louis E. Rosier	1	0.010989010989	0.0	2.0	0.032967032967	0.0108695652174
115747	Luc Boasson	1	0.010989010989	0.0	2.0	0.032967032967	0.0108695652174
38440	Gérard Boudol	1	0.021978021978	0.0	4.0	0.043956043956	0.0108695652174
47662	Nicola Santoro	1	0.032967032967	0.0	6.0	0.0549450549451	0.0108695652174
176221	Klaus Drosten	1	0.0	0.0	0.0	0.021978021978	0.0108695652174
74804	Christos Levcopoulos	1	0.010989010989	0.0	2.0	0.032967032967	0.0108695652174
# Periodo: 1986-1987
122906	Christine Choppy	2	0.0538461538462	0.000298151460942	14.0	0.0692307692308	0.00897765429468
116269	Bala Ravikumar	2	0.0230769230769	0.000238521168754	14.0	0.0384615384615	0.00989569353527
173670	Ursula Schmidt	2	0.0	0.0	0.0	0.0153846153846	0.00763358778626
100466	José L. Balcázar	2	0.00769230769231	0.0	2.0	0.0230769230769	0.00763358778626
147572	Harald Ganzinger	2	0.0153846153846	0.0	4.0	0.0307692307692	0.00763358778626
78520	Ronald V. Book	2	0.00769230769231	0.0	2.0	0.0230769230769	0.00763358778626
36045	Friedhelm Meyer auf der Heide	2	0.0307692307692	0.0	8.0	0.0461538461538	0.00763358778626
50977	Michel Bidoit	2	0.0538461538462	0.000298151460942	14.0	0.0692307692308	0.00897765429468
36002	Kurt Mehlhorn	2	0.0153846153846	0.000119260584377	8.0	0.0307692307692	0.0095280548281
84968	Thomas Lengauer	2	0.00769230769231	0.0	2.0	0.0230769230769	0.00763358778626
66539	Jan van Leeuwen	2	0.0230769230769	0.000238521168754	14.0	0.0384615384615	0.00989569353527
116739	Lane A. Hemachandra	1	0.00769230769231	0.0	2.0	0.0230769230769	0.00763358778626
38916	Roberto Tamassia	1	0.00769230769231	0.0	2.0	0.0230769230769	0.00763358778626
# Periodo: 1987-1988
176147	Nicoletta Sabadini	2	0.025974025974	0.000339529751294	24.0	0.038961038961	0.00907861695963
122907	Gianna Reggio	2	0.012987012987	0.0	4.0	0.025974025974	0.00645161290323
47662	Nicola Santoro	2	0.0194805194805	4.24412189118e-05	6.0	0.0324675324675	0.00725217800801
63	Klaus W. Wagner	2	0.012987012987	8.48824378236e-05	8.0	0.025974025974	0.00805274311279
147572	Harald Ganzinger	2	0.012987012987	0.0	4.0	0.025974025974	0.00645161290323
116873	Volker Diekert	2	0.00649350649351	0.0	2.0	0.0194805194805	0.00645161290323
147121	Egidio Astesiano	2	0.012987012987	0.0	4.0	0.025974025974	0.00645161290323
57055	François Bergeron	2	0.0194805194805	0.000169764875647	14.0	0.0324675324675	0.00836345775526
172846	Stuart J. Sidney	2	0.0194805194805	4.24412189118e-05	6.0	0.0324675324675	0.00725217800801
746300	Wadoud Bousdira	2	0.00649350649351	0.0	2.0	0.0194805194805	0.00645161290323
66400	Jean-Luc Remy	2	0.00649350649351	0.0	2.0	0.0194805194805	0.00645161290323
116708	Uwe Schöning	2	0.00865800865801	0.0	6.0	0.0194805194805	0.00565104779845
38408	Guy Zanon	1	0.012987012987	0.0	4.0	0.025974025974	0.00645161290323
54794	Irène Guessarian	1	0.00649350649351	0.0	2.0	0.0194805194805	0.00645161290323
11788	Hans-Jörg Kreowski	1	0.00649350649351	0.0	2.0	0.0194805194805	0.00645161290323
# Periodo: 1989-1990
36045	Friedhelm Meyer auf der Heide	3	0.00854700854701	0.0	2.0	0.025641025641	0.00847457627119
116193	Steven Homer	3	0.0523504273504	0.00206307102859	78.0	0.0683760683761	0.014246354023
175132	Deborah Joseph	2	0.017094017094	0.000147362216328	8.0	0.034188034188	0.0105777557837
42	Ulrich Hertrampf	2	0.0418803418803	0.000368405540819	20.0	0.0512820512821	0.0099426723731
47662	Nicola Santoro	2	0.0192307692308	0.000294724432655	18.0	0.034188034188	0.00987329274313
116286	Denis Thérien	2	0.034188034188	0.000589448865311	24.0	0.0512820512821	0.0119253019385
104565	Mark H. Overmars	2	0.0192307692308	0.000294724432655	18.0	0.034188034188	0.00987329274313
116873	Volker Diekert	2	0.0	0.0	0.0	0.017094017094	0.00847457627119
59037	Jeffrey Shallit	2	0.00854700854701	0.0	2.0	0.025641025641	0.00847457627119
57545	Emo Welzl	2	0.042735042735	0.000884173297966	34.0	0.0598290598291	0.0121928911082
115423	Otfried Schwarzkopf	2	0.030525030525	0.0	14.0	0.042735042735	0.00827175893099
# Periodo: 1990-1991
42	Ulrich Hertrampf	3	0.0537491705375	0.00214684413912	106.0	0.0656934306569	0.0121278135686
175132	Deborah Joseph	2	0.014598540146	0.000107342206956	8.0	0.029197080292	0.00904474769914
137855	Anne Condon	2	0.014598540146	0.0	4.0	0.029197080292	0.00724637681159
116873	Volker Diekert	2	0.0	0.0	0.0	0.014598540146	0.00724637681159
100512	Jörg Desel	2	0.021897810219	0.000214684413912	14.0	0.036496350365	0.00939373785182
50911	Thierry Jéron	2	0.0	0.0	0.0	0.014598540146	0.00724637681159
116989	Richard Beigel	2	0.0422314911366	0.000214684413912	28.0	0.043795620438	0.00795014763834
38702	Richard J. Lipton	2	0.014598540146	0.0	4.0	0.029197080292	0.00724637681159
523667	Guy Vidal-Naquet	2	0.029197080292	0.000322026620867	20.0	0.043795620438	0.00937856268806
56766	Walter Vogler	2	0.0	0.0	0.0	0.014598540146	0.00724637681159
116193	Steven Homer	2	0.0454800673779	0.00150279089738	98.0	0.0510948905109	0.00969392671077
78337	Françoise Baude	1	0.0166840458811	0.0	14.0	0.021897810219	0.0046631516152
115201	Svante Carlsson	1	0.021897810219	0.0	6.0	0.036496350365	0.00724637681159
# Periodo: 1992-1993
20	Christoph Meinel	2	0.0161290322581	9.79495886117e-05	20.0	0.0241935483871	0.00519775763478
104990	Burkhard Monien	2	0.0201612903226	6.52997257412e-05	10.0	0.0282258064516	0.00501275173687
108580	Ralf Klasing	2	0.0201612903226	6.52997257412e-05	10.0	0.0282258064516	0.00501275173687
68144	Stephen A. Fenner	2	0.0201612903226	0.000195899177223	34.0	0.0282258064516	0.00577815723202
63	Klaus W. Wagner	2	0.00907258064516	0.0	8.0	0.0161290322581	0.00394320076445
113	Artur Czumaj	2	0.0246975806452	0.0	16.0	0.0322580645161	0.00418739639159
156796	Rüdiger Reischuk	2	0.00806451612903	3.26498628706e-05	8.0	0.0161290322581	0.00501275173687
67691	Ludwig Staiger	2	0.00403225806452	0.0	2.0	0.0120967741935	0.00401606425703
115354	Oded Maler	2	0.00403225806452	0.0	2.0	0.0120967741935	0.00401606425703
36002	Kurt Mehlhorn	2	0.0201612903226	0.000195899177223	34.0	0.0282258064516	0.00577815723202
81575	Wojciech Rytter	2	0.0282258064516	0.000195899177223	38.0	0.0362903225806	0.00502747653869
76971	Michel Billaud	2	0.0	0.0	0.0	0.00806451612903	0.00401606425703
67763	Jack H. Lutz	2	0.0120967741935	6.52997257412e-05	14.0	0.0201612903226	0.00520616796614
36045	Friedhelm Meyer auf der Heide	2	0.00806451612903	3.26498628706e-05	8.0	0.0161290322581	0.00501275173687
118542	Sophie Tison	2	0.0120967741935	6.52997257412e-05	14.0	0.0201612903226	0.00520616796614
114967	Torben Hagerup	2	0.0	0.0	0.0	0.00806451612903	0.00401606425703
115005	Franco P. Preparata	2	0.010752688172	9.79495886117e-05	28.0	0.0161290322581	0.00418231895564
116035	Johannes Köbler	2	0.00806451612903	0.0	4.0	0.0161290322581	0.00401606425703
56672	Ton Kloks	2	0.00806451612903	3.26498628706e-05	8.0	0.0161290322581	0.00501275173687
172912	Albrecht Hoene	2	0.0120967741935	6.52997257412e-05	14.0	0.0201612903226	0.00520616796614
81274	Jeffrey Scott Vitter	2	0.0129032258065	0.000130599451482	30.0	0.0201612903226	0.00505315333647
44444	Alfredo De Santis	2	0.0120967741935	6.52997257412e-05	14.0	0.0201612903226	0.00520616796614
78267	Karel Culik II	2	0.00806451612903	3.26498628706e-05	8.0	0.0161290322581	0.00501275173687
67840	Leen Torenvliet	1	0.00907258064516	0.0	8.0	0.0161290322581	0.00394320076445
# Periodo: 1993-1994
67763	Jack H. Lutz	3	0.0123966942149	6.85847536093e-05	14.0	0.0206611570248	0.00533471532396
65787	Dieter Kratsch	3	0.0123966942149	0.0	6.0	0.0206611570248	0.00411522633745
56672	Ton Kloks	3	0.0123966942149	0.0	6.0	0.0206611570248	0.00411522633745
68144	Stephen A. Fenner	2	0.0206611570248	0.000205754260828	34.0	0.0289256198347	0.00592082786897
18029	Rolf Niedermeier	2	0.00826446280992	0.0	4.0	0.0165289256198	0.00411522633745
121	Peter Rossmanith	2	0.00826446280992	0.0	4.0	0.0165289256198	0.00411522633745
156796	Rüdiger Reischuk	2	0.00826446280992	3.42923768046e-05	8.0	0.0165289256198	0.0051365233847
67691	Ludwig Staiger	2	0.00413223140496	0.0	2.0	0.0123966942149	0.00411522633745
115354	Oded Maler	2	0.00413223140496	0.0	2.0	0.0123966942149	0.00411522633745
45941	Anil Maheshwari	2	0.00826446280992	0.0	4.0	0.0165289256198	0.00411522633745
116954	Neil Immerman	2	0.0123966942149	6.85847536093e-05	14.0	0.0206611570248	0.00533471532396
36079	Rodney G. Downey	2	0.0165289256198	3.42923768046e-05	8.0	0.0247933884298	0.00480382813446
172799	Mitsunori Ogiwara	2	0.0147579693034	0.0	14.0	0.0206611570248	0.00401673859893
116484	Elvira Mayordomo	2	0.00743801652893	0.0	10.0	0.0123966942149	0.00304506253634
44837	Andrzej Lingas	2	0.00826446280992	0.0	4.0	0.0165289256198	0.00411522633745
118609	Kenneth W. Regan	2	0.00826446280992	0.0	4.0	0.0165289256198	0.00411522633745
122854	Patrick Lebègue	2	0.0123966942149	0.0	6.0	0.0206611570248	0.00411522633745
26471	Michael R. Fellows	2	0.0165289256198	3.42923768046e-05	8.0	0.0247933884298	0.00480382813446
67948	Romain Gengler	2	0.00826446280992	0.0	4.0	0.0165289256198	0.00411522633745
67949	Burchard von Braunmühl	2	0.00826446280992	0.0	4.0	0.0165289256198	0.00411522633745
172912	Albrecht Hoene	2	0.0123966942149	6.85847536093e-05	14.0	0.0206611570248	0.00533471532396
115	Miroslaw Kutylowski	2	0.0247933884298	0.000274339014437	44.0	0.0330578512397	0.00592585302844
122853	Philippe Devienne	2	0.0123966942149	0.0	6.0	0.0206611570248	0.00411522633745
122856	Jean-Christophe Routier	2	0.0123966942149	0.0	6.0	0.0206611570248	0.00411522633745
# Periodo: 1995-1996
116231	Harry Buhrman	3	0.0268528464017	0.000889586603872	142.0	0.0255102040816	0.00570946818294
68146	Martin Kummer	3	0.0114795918367	0.000104657247514	18.0	0.0204081632653	0.00591395199842
67140	Arvind Gupta	3	0.015306122449	0.000104657247514	14.0	0.0255102040816	0.00658038489112
36045	Friedhelm Meyer auf der Heide	3	0.0204081632653	0.00018315018315	20.0	0.030612244898	0.00721740924124
74557	Jin-yi Cai	3	0.0340136054422	0.000654107796965	76.0	0.0459183673469	0.00759189460833
67608	Luc Longpré	2	0.036443148688	0.0010989010989	152.0	0.0408163265306	0.006717404247
67103	Naomi Nishimura	2	0.00918367346939	0.0	10.0	0.015306122449	0.00375609236376
151597	Christian Schindelhauer	2	0.0102040816327	0.0	4.0	0.0204081632653	0.00507614213198
115771	Andris Ambainis	2	0.0114795918367	0.0	8.0	0.0204081632653	0.00444625588203
116802	Antoine Petit	2	0.015306122449	0.000104657247514	14.0	0.0255102040816	0.00658038489112
66651	Guy Louchard	2	0.00510204081633	0.0	2.0	0.015306122449	0.00507614213198
74887	José D. P. Rolim	2	0.015306122449	0.000104657247514	14.0	0.0255102040816	0.00658038489112
116873	Volker Diekert	2	0.0204081632653	0.000261643118786	44.0	0.0255102040816	0.00563804742875
51358	Joseph Sifakis	2	0.015306122449	0.000104657247514	14.0	0.0255102040816	0.00658038489112
67763	Jack H. Lutz	2	0.00510204081633	0.0	2.0	0.015306122449	0.00507614213198
50382	Carl H. Smith	2	0.015306122449	2.61643118786e-05	6.0	0.0255102040816	0.00570602838193
107794	Andreas Jakoby	2	0.0102040816327	0.0	4.0	0.0204081632653	0.00507614213198
38682	Ueli M. Maurer	2	0.00510204081633	0.0	2.0	0.015306122449	0.00507614213198
118587	Volker Stemann	2	0.0163265306122	2.61643118786e-05	10.0	0.0255102040816	0.00574773640891
# Periodo: 1996-1997
116231	Harry Buhrman	3	0.0169491525424	0.000192604006163	18.0	0.0282485875706	0.00857175952739
74887	José D. P. Rolim	3	0.0307595731325	0.000642013353878	66.0	0.0395480225989	0.00797399762908
50194	Luca de Alfaro	2	0.0112994350282	0.0	4.0	0.0225988700565	0.00561797752809
20	Christoph Meinel	2	0.0112994350282	6.42013353878e-05	8.0	0.0225988700565	0.0070122201263
115225	Danny Krizanc	2	0.0169491525424	0.0	6.0	0.0282485875706	0.00561797752809
156718	Alexander E. Andreev	2	0.0197740112994	0.0	28.0	0.0225988700565	0.00455156857168
115771	Andris Ambainis	2	0.0127118644068	0.0	8.0	0.0225988700565	0.00492085622898
61	Thomas Schwentick	2	0.0	0.0	0.0	0.0112994350282	0.00561797752809
116801	Paul Gastin	2	0.0180790960452	6.42013353878e-05	10.0	0.0282485875706	0.00633184671107
116802	Antoine Petit	2	0.0180790960452	6.42013353878e-05	10.0	0.0282485875706	0.00633184671107
105	Stephan Waack	2	0.0075329566855	0.0	6.0	0.0169491525424	0.00492085622898
116873	Volker Diekert	2	0.0180790960452	0.000192604006163	24.0	0.0282485875706	0.00659322083291
67763	Jack H. Lutz	2	0.00564971751412	0.0	2.0	0.0169491525424	0.00561797752809
50382	Carl H. Smith	2	0.0169491525424	3.21006676939e-05	6.0	0.0282485875706	0.0063150988272
36063	Martin Dietzfelbinger	2	0.0	0.0	0.0	0.0112994350282	0.00561797752809
38682	Ueli M. Maurer	2	0.00564971751412	0.0	2.0	0.0169491525424	0.00561797752809
66342	Evangelos Kranakis	2	0.0169491525424	0.0	6.0	0.0282485875706	0.00561797752809
# Periodo: 1998-1999
61	Thomas Schwentick	3	0.026688453159	0.000386361441128	46.0	0.0343137254902	0.00702019815743
26474	Jacobo Torán	3	0.0175070028011	0.000338066260987	50.0	0.0245098039216	0.0065429117736
156609	Martin Sauerhoff	3	0.00980392156863	0.0	4.0	0.0196078431373	0.00487804878049
116231	Harry Buhrman	2	0.0285204991087	0.000579542161692	90.0	0.0343137254902	0.00631549951394
175123	Sven Schuierer	2	0.0147058823529	9.6590360282e-05	14.0	0.0245098039216	0.00632358938317
67126	Kazuhisa Makino	2	0.00980392156863	0.0	4.0	0.0196078431373	0.00487804878049
60	Clemens Lautemann	2	0.0240196078431	9.6590360282e-05	20.0	0.0294117647059	0.0057442850467
62	Heribert Vollmer	2	0.026688453159	0.00048295180141	66.0	0.0343137254902	0.00691333888973
107794	Andreas Jakoby	2	0.0110294117647	0.0	8.0	0.0196078431373	0.00478954629461
156796	Rüdiger Reischuk	2	0.0147058823529	9.6590360282e-05	14.0	0.0245098039216	0.00632358938317
52884	Thomas Eiter	2	0.00980392156863	0.0	4.0	0.0196078431373	0.00487804878049
117481	Giovanni Di Crescenzo	2	0.0245098039216	0.000289771080846	34.0	0.0343137254902	0.00701834704924
156912	Jochen Messner	2	0.0111408199643	0.0	22.0	0.0147058823529	0.00369056749769
116499	Peter Bro Miltersen	2	0.0245098039216	0.000289771080846	34.0	0.0343137254902	0.00701834704924
44837	Andrzej Lingas	2	0.0245098039216	0.000289771080846	34.0	0.0343137254902	0.00701834704924
66362	Moshe Y. Vardi	2	0.0196078431373	0.000144885540423	20.0	0.0294117647059	0.00631337390707
26473	Vikraman Arvind	2	0.0175070028011	0.000289771080846	46.0	0.0245098039216	0.00604166120416
26497	Lance Fortnow	2	0.0196078431373	0.000338066260987	76.0	0.0196078431373	0.0042725430092
157105	D. Sivakumar	2	0.0285204991087	0.000579542161692	82.0	0.0392156862745	0.00720604965409
28662	Toshihide Ibaraki	2	0.00980392156863	0.0	4.0	0.0196078431373	0.00487804878049
# Periodo: 1999-2000
118314	Paolo Penna	3	0.0196078431373	4.8295180141e-05	8.0	0.0294117647059	0.00569429383743
26473	Vikraman Arvind	3	0.0156862745098	0.0	10.0	0.0245098039216	0.00497925760352
26474	Jacobo Torán	3	0.0196078431373	0.000144885540423	20.0	0.0294117647059	0.00631337390707
156609	Martin Sauerhoff	3	0.0241327300151	0.000724427702115	120.0	0.0245098039216	0.00501413180395
36095	Elias Koutsoupias	3	0.0147058823529	0.000144885540423	18.0	0.0245098039216	0.00744279607745
116231	Harry Buhrman	2	0.0147058823529	0.0	6.0	0.0245098039216	0.00487804878049
116232	Ronald de Wolf	2	0.0147058823529	9.6590360282e-05	14.0	0.0245098039216	0.00632358938317
175123	Sven Schuierer	2	0.0147058823529	9.6590360282e-05	14.0	0.0245098039216	0.00632358938317
117784	David Peleg	2	0.0147058823529	9.6590360282e-05	14.0	0.0245098039216	0.00632358938317
60	Clemens Lautemann	2	0.0196078431373	4.8295180141e-05	8.0	0.0294117647059	0.00569429383743
61	Thomas Schwentick	2	0.0196078431373	4.8295180141e-05	8.0	0.0294117647059	0.00569429383743
66134	Vincent Bouchitté	2	0.00490196078431	0.0	2.0	0.0147058823529	0.00487804878049
156796	Rüdiger Reischuk	2	0.0147058823529	9.6590360282e-05	14.0	0.0245098039216	0.00632358938317
67716	Edith Hemaspaandra	2	0.00980392156863	0.0	4.0	0.0196078431373	0.00487804878049
68273	Pascal Koiran	2	0.0147058823529	0.0	6.0	0.0245098039216	0.00487804878049
67763	Jack H. Lutz	2	0.0156862745098	0.000193180720564	30.0	0.0245098039216	0.00613773444117
52924	Martin Strauss	2	0.0130718954248	0.000144885540423	28.0	0.0196078431373	0.00507998312686
118975	Bruno Durand	2	0.0147058823529	9.6590360282e-05	14.0	0.0245098039216	0.00632358938317
65763	Ioan Todinca	2	0.00490196078431	0.0	2.0	0.0147058823529	0.00487804878049
107794	Andreas Jakoby	2	0.0110294117647	0.0	8.0	0.0196078431373	0.00478954629461
# Periodo: 2001-2002
116286	Denis Thérien	4	0.025641025641	0.000475812846947	46.0	0.0358974358974	0.00964788474076
60286	Martin Grohe	3	0.0102564102564	5.28680941052e-05	8.0	0.0205128205128	0.00636824072695
115539	Osamu Watanabe	3	0.0358974358974	0.000422944752842	6.0	0.0461538461538	0.0077680305364
116232	Ronald de Wolf	2	0.0102564102564	5.28680941052e-05	8.0	0.0205128205128	0.00636824072695
15	Klaus Jansen	2	0.0153846153846	0.0	6.0	0.025641025641	0.00510204081633
59791	Benjamin Doerr	2	0.00512820512821	0.0	2.0	0.0153846153846	0.00510204081633
104990	Burkhard Monien	2	0.0153846153846	0.00010573618821	14.0	0.025641025641	0.00661395835579
104	Matthias Krause	2	0.00512820512821	0.0	2.0	0.0153846153846	0.00510204081633
118888	Rainer Schuler	2	0.0279202279202	0.00010573618821	18.0	0.0358974358974	0.00596747103045
116873	Volker Diekert	2	0.0153846153846	0.00010573618821	14.0	0.025641025641	0.00661395835579
156906	Philipp Woelfel	2	0.0	0.0	0.0	0.0102564102564	0.00510204081633
59700	Dietrich Kuske	2	0.0	0.0	0.0	0.0102564102564	0.00510204081633
157156	Shin Aida	2	0.0279202279202	0.00010573618821	18.0	0.0358974358974	0.00596747103045
350722	Firas Swidan	1	0.0102564102564	0.0	4.0	0.0205128205128	0.00510204081633
536579	Matthias John	1	0.00512820512821	0.0	2.0	0.0153846153846	0.00510204081633
65878	N. S. Narayanaswamy	1	0.0102564102564	0.0	4.0	0.0205128205128	0.00510204081633
68108	Holger Petersen	1	0.0	0.0	0.0	0.0102564102564	0.00510204081633
65625	Peter Jonsson	1	0.0102564102564	0.0	4.0	0.0205128205128	0.00510204081633
117784	David Peleg	1	0.0102564102564	0.0	4.0	0.0205128205128	0.00510204081633
# Periodo: 2002-2003
116286	Denis Thérien	3	0.0140845070423	0.000132872707946	18.0	0.0234741784038	0.00712978128914
116231	Harry Buhrman	2	0.0150234741784	4.42909026486e-05	10.0	0.0234741784038	0.00526667623631
116232	Ronald de Wolf	2	0.0105633802817	8.85818052972e-05	18.0	0.018779342723	0.00544415207331
130658	Markus Lohrey	2	0.0093896713615	4.42909026486e-05	8.0	0.018779342723	0.00583259431066
116367	Rina Panigrahy	2	0.0234741784038	1.10727256621e-05	10.0	0.0328638497653	0.00491073926913
58199	Amin Coja-Oghlan	2	0.00469483568075	0.0	2.0	0.0140845070423	0.00467289719626
156901	Andrei A. Krokhin	2	0.0140845070423	8.85818052972e-05	14.0	0.0234741784038	0.00605764405053
65254	Cyril Gavoille	2	0.0140845070423	8.85818052972e-05	14.0	0.0234741784038	0.00605764405053
59700	Dietrich Kuske	2	0.00625978090767	0.0	6.0	0.0140845070423	0.00409304863906
58226	Tomás Feder	2	0.0234741784038	1.10727256621e-05	10.0	0.0328638497653	0.00491073926913
60286	Martin Grohe	2	0.0093896713615	4.42909026486e-05	8.0	0.018779342723	0.00583259431066
26497	Lance Fortnow	2	0.0150234741784	4.42909026486e-05	10.0	0.0234741784038	0.00526667623631
26499	Aduri Pavan	2	0.0150234741784	0.000132872707946	24.0	0.0234741784038	0.00548408087971
53150	Rajeev Motwani	2	0.0234741784038	1.10727256621e-05	10.0	0.0328638497653	0.00491073926913
53151	Liadan O'Callaghan	2	0.0234741784038	1.10727256621e-05	10.0	0.0328638497653	0.00491073926913
65462	Stefan Langerman	2	0.0140845070423	8.85818052972e-05	14.0	0.0234741784038	0.00605764405053
115539	Osamu Watanabe	2	0.0281690140845	0.000398618123837	48.0	0.037558685446	0.00701316976918
115167	Peter Høyer	2	0.0105633802817	8.85818052972e-05	18.0	0.018779342723	0.00544415207331
350722	Firas Swidan	1	0.0093896713615	0.0	4.0	0.018779342723	0.00467289719626
536579	Matthias John	1	0.00469483568075	0.0	2.0	0.0140845070423	0.00467289719626
528393	Christian Jacobi 0002	1	0.00469483568075	0.0	2.0	0.0140845070423	0.00467289719626
# Periodo: 2004-2005
116231	Harry Buhrman	4	0.0340909090909	0.00063371356147	66.0	0.0416666666667	0.00739734593336
160	Jiri Sgall	3	0.030303030303	0.000201636133195	44.0	0.0378787878788	0.00467800076161
36002	Kurt Mehlhorn	3	0.0232007575758	0.00034566194262	70.0	0.030303030303	0.00576944179126
67502	Frank Stephan	2	0.0227272727273	0.00023044129508	44.0	0.030303030303	0.00543389497869
174426	Violetta Lonati	2	0.0113636363636	0.0	6.0	0.0189393939394	0.00377358490566
115771	Andris Ambainis	2	0.0378787878788	0.000720129047125	120.0	0.0454545454545	0.00605653662795
61	Thomas Schwentick	2	0.0121212121212	8.6415485655e-05	24.0	0.0189393939394	0.00483449415011
29280	Marek Chrobak	2	0.026936026936	0.0	18.0	0.0340909090909	0.00393306895147
36020	Telikepalli Kavitha	2	0.0154671717172	0.0	24.0	0.0189393939394	0.00349410293134
116939	Nikolai K. Vereshchagin	2	0.0236013986014	5.761032377e-05	26.0	0.0265151515152	0.00448242213643
115407	Luc Segoufin	2	0.0121212121212	8.6415485655e-05	24.0	0.0189393939394	0.00483449415011
44254	Ralf Küsters	2	0.00757575757576	0.0	4.0	0.0151515151515	0.00377358490566
118017	Guido Schäfer	2	0.0185606060606	0.00017283097131	50.0	0.0227272727273	0.00452946503815
28455	Christoph Ambühl	2	0.030303030303	0.000201636133195	44.0	0.0378787878788	0.00467800076161
117581	Thomas Wilke	2	0.00757575757576	0.0	4.0	0.0151515151515	0.00377358490566
58216	Michael E. Saks	2	0.0265151515152	0.00034566194262	62.0	0.0340909090909	0.00574563654946
115057	Massimiliano Goldwurm	2	0.0113636363636	0.0	6.0	0.0189393939394	0.00377358490566
77265	Ilan Newman	2	0.0236013986014	5.761032377e-05	26.0	0.0265151515152	0.00448242213643
74754	Weizhao Wang	1	0.00757575757576	0.0	4.0	0.0151515151515	0.00377358490566
67586	Klaus Meer	1	0.00378787878788	0.0	2.0	0.0113636363636	0.00377358490566
566614	Sebastian Bala	1	0.0	0.0	0.0	0.00757575757576	0.00377358490566
173064	Eli Gafni	1	0.00757575757576	0.0	4.0	0.0151515151515	0.00377358490566
216748	Oldrich Strazovský	1	0.00757575757576	0.0	4.0	0.0151515151515	0.00377358490566
116236	Amnon Ta-Shma	1	0.00378787878788	0.0	2.0	0.0113636363636	0.00377358490566
57869	Jianer Chen	1	0.0113636363636	0.0	6.0	0.0189393939394	0.00377358490566
209934	Abraham Flaxman	1	0.00378787878788	0.0	2.0	0.0113636363636	0.00377358490566
# Periodo: 2005-2006
116231	Harry Buhrman	3	0.0317398119122	0.000671742051052	86.0	0.0387931034483	0.0072558380859
26497	Lance Fortnow	3	0.0268567639257	0.000410509031199	66.0	0.0301724137931	0.0057662012701
117776	Krishnendu Chatterjee	2	0.00862068965517	0.0	4.0	0.0172413793103	0.00429184549356
118853	Vince Bárány	2	0.00862068965517	0.0	4.0	0.0172413793103	0.00429184549356
51880	Thomas A. Henzinger	2	0.00862068965517	0.0	4.0	0.0172413793103	0.00429184549356
115893	Yossi Azar	2	0.0129310344828	7.46380056725e-05	14.0	0.0215517241379	0.00556367306917
36025	Mihalis Yannakakis	2	0.00431034482759	0.0	2.0	0.0129310344828	0.00429184549356
116939	Nikolai K. Vereshchagin	2	0.0249384236453	0.000111957008509	28.0	0.0258620689655	0.00468658539757
118992	Manuel Bodirsky	2	0.00431034482759	0.0	2.0	0.0129310344828	0.00429184549356
48514	Kousha Etessami	2	0.00431034482759	0.0	2.0	0.0129310344828	0.00429184549356
67891	Wolfgang Merkle	2	0.0215517241379	5.59785042544e-05	10.0	0.0301724137931	0.00506321372524
118244	Georg Schnitger	2	0.00431034482759	0.0	2.0	0.0129310344828	0.00429184549356
26473	Vikraman Arvind	2	0.00862068965517	3.73190028362e-05	8.0	0.0172413793103	0.00535697503211
277879	Dietmar Berwanger	2	0.0172413793103	0.000111957008509	20.0	0.0258620689655	0.00555468523076
59791	Benjamin Doerr	2	0.0	0.0	0.0	0.00862068965517	0.00429184549356
67502	Frank Stephan	2	0.0215517241379	5.59785042544e-05	10.0	0.0301724137931	0.00506321372524
156594	Christian Glaßer	2	0.0129310344828	0.0	6.0	0.0215517241379	0.00429184549356
156601	Nitin Saxena	2	0.00431034482759	0.0	2.0	0.0129310344828	0.00429184549356
59323	Vahab S. Mirrokni	2	0.0172413793103	0.000149276011345	24.0	0.0258620689655	0.00603942329932
115657	Manindra Agrawal	2	0.00431034482759	0.0	2.0	0.0129310344828	0.00429184549356
77265	Ilan Newman	2	0.0268567639257	0.000149276011345	26.0	0.0301724137931	0.00540583400872
74754	Weizhao Wang	1	0.00862068965517	0.0	4.0	0.0172413793103	0.00429184549356
116232	Ronald de Wolf	1	0.020537525355	0.0	34.0	0.0215517241379	0.0037922356239
# Periodo: 2007-2008
115374	Henning Schnoor	2	0.0082304526749	3.40101350202e-05	8.0	0.0164609053498	0.00511547205935
117794	Sambuddha Roy	2	0.0123456790123	6.80202700405e-05	14.0	0.0205761316872	0.00531285173657
61	Thomas Schwentick	2	0.00411522633745	0.0	2.0	0.0123456790123	0.00409836065574
377923	Sasha Rubin	2	0.0146972369195	0.000136040540081	34.0	0.0205761316872	0.00490399006812
66742	Pascal Weil	2	0.00411522633745	0.0	2.0	0.0123456790123	0.00409836065574
74325	Iyad A. Kanj	2	0.0164609053498	0.000102030405061	20.0	0.0246913580247	0.00530426906509
93	Hans L. Bodlaender	2	0.00411522633745	0.0	2.0	0.0123456790123	0.00409836065574
129	Thomas Erlebach	2	0.0329218106996	0.000544162160324	80.0	0.0411522633745	0.00640157160276
115001	Javier Esparza	2	0.0082304526749	0.0	4.0	0.0164609053498	0.00409836065574
115004	Michael Luttenberger	2	0.0082304526749	0.0	4.0	0.0164609053498	0.00409836065574
115537	Susanne Albers	2	0.00411522633745	0.0	2.0	0.0123456790123	0.00409836065574
354787	Lukasz Kaiser	2	0.017146776406	0.000204060810121	40.0	0.0246913580247	0.00576483278232
115003	Stefan Kiefer	2	0.0082304526749	0.0	4.0	0.0164609053498	0.00409836065574
115129	Thomas Thierauf	2	0.0123456790123	6.80202700405e-05	14.0	0.0205761316872	0.00531285173657
278463	Laurent Bienvenu	2	0.0123456790123	0.0	6.0	0.0205761316872	0.00409836065574
115146	Maxime Crochemore	2	0.0205761316872	0.000136040540081	26.0	0.0288065843621	0.00524875610321
156619	Pinyan Lu	2	0.0082304526749	3.40101350202e-05	8.0	0.0164609053498	0.00511547205935
156653	Sylvain Perifel	2	0.0164609053498	0.000102030405061	20.0	0.0246913580247	0.00530426906509
117236	Sören Laue	2	0.00411522633745	0.0	2.0	0.0123456790123	0.00409836065574
156594	Christian Glaßer	2	0.0205761316872	0.000204060810121	34.0	0.0288065843621	0.00589656218099
65538	Ulrich Meyer	1	0.0	0.0	0.0	0.0082304526749	0.00409836065574
739926	Sergiu Bursuc	1	0.0082304526749	0.0	4.0	0.0164609053498	0.00409836065574
67590	Felix A. Fischer	1	0.0082304526749	0.0	4.0	0.0164609053498	0.00409836065574
157191	Christian Hundt	1	0.00411522633745	0.0	2.0	0.0123456790123	0.00409836065574
# Periodo: 2008-2009
115537	Susanne Albers	3	0.00769230769231	2.97000297e-05	8.0	0.0153846153846	0.00478228039265
115146	Maxime Crochemore	3	0.0269230769231	0.0004158004158	70.0	0.0346153846154	0.00659789701711
116232	Ronald de Wolf	2	0.00384615384615	0.0	2.0	0.0115384615385	0.00383141762452
54795	Jean-Eric Pin	2	0.00384615384615	0.0	2.0	0.0115384615385	0.00383141762452
117794	Sambuddha Roy	2	0.0115384615385	5.94000594001e-05	14.0	0.0192307692308	0.00496680392165
61	Thomas Schwentick	2	0.00865384615385	0.0	8.0	0.0153846153846	0.00376190417776
377923	Sasha Rubin	2	0.0137362637363	0.0001188001188	34.0	0.0192307692308	0.00458457039762
118859	Artur Jez	2	0.00384615384615	0.0	2.0	0.0115384615385	0.00383141762452
74325	Iyad A. Kanj	2	0.0153846153846	8.91000891001e-05	20.0	0.0230769230769	0.00495878027183
117965	Roberto Grossi	2	0.026	0.000653400653401	186.0	0.0269230769231	0.00490496766038
74876	Julián Mestre	2	0.0153846153846	0.0	8.0	0.0230769230769	0.00383141762452
129	Thomas Erlebach	2	0.0325	0.0010692010692	240.0	0.0384615384615	0.00595283814339
103569	Erik D. Demaine	2	0.0192307692308	0.0001782001782	34.0	0.0269230769231	0.00551249480845
66742	Pascal Weil	2	0.00512820512821	0.0	6.0	0.0115384615385	0.00335598624046
116365	Alexander Okhotin	2	0.00384615384615	0.0	2.0	0.0115384615385	0.00383141762452
36039	Fedor V. Fomin	2	0.0269230769231	0.000297000297	54.0	0.0346153846154	0.00547935627115
119003	Rajeev Raman	2	0.0342105263158	0.001188001188	270.0	0.0346153846154	0.00561076051911
118031	Wouter Gelade	2	0.0115384615385	5.94000594001e-05	14.0	0.0192307692308	0.00496680392165
28453	Dániel Marx	2	0.0153846153846	0.0	18.0	0.0192307692308	0.00351161026143
60286	Martin Grohe	2	0.0230769230769	0.0002673002673	48.0	0.0307692307692	0.00575026180309
278463	Laurent Bienvenu	2	0.0153846153846	8.91000891001e-05	20.0	0.0230769230769	0.00495878027183
29123	Alberto Marchetti-Spaccamela	2	0.0269230769231	0.000297000297	54.0	0.0346153846154	0.00547935627115
354787	Lukasz Kaiser	2	0.0160256410256	0.0001782001782	40.0	0.0230769230769	0.00538934679666
65538	Ulrich Meyer	1	0.0	0.0	0.0	0.00769230769231	0.00383141762452
157193	Pilar Albert	1	0.0115384615385	0.0	6.0	0.0192307692308	0.00383141762452
173826	Cyril Nicaud	1	0.00769230769231	0.0	4.0	0.0153846153846	0.00383141762452
# Periodo: 2010-2011
117784	David Peleg	3	0.0152671755725	0.000146237313913	28.0	0.0229007633588	0.00605881546946
61	Thomas Schwentick	3	0.00763358778626	2.92474627826e-05	8.0	0.0152671755725	0.00474591324138
115407	Luc Segoufin	3	0.0114503816794	8.77423883478e-05	18.0	0.0190839694656	0.00580141899573
12689	Adrian Dumitrescu	3	0.0152671755725	8.77423883478e-05	20.0	0.0229007633588	0.00492107091615
36039	Fedor V. Fomin	3	0.0267175572519	0.000214481393739	38.0	0.0343511450382	0.00545618678796
45	Gerhard J. Woeginger	2	0.0229007633588	0.000233979702261	44.0	0.030534351145	0.0054752173037
93	Hans L. Bodlaender	2	0.00763358778626	0.0	4.0	0.0152671755725	0.00380228136882
74854	Tak Wah Lam	2	0.0152671755725	2.92474627826e-05	8.0	0.0229007633588	0.00443851801016
117864	Mikolaj Bojanczyk	2	0.0	0.0	0.0	0.00763358778626	0.00380228136882
56964	Csaba D. Tóth	2	0.012213740458	0.0	10.0	0.0190839694656	0.00388117037536
176283	David Richerby	2	0.0114503816794	0.0	6.0	0.0190839694656	0.00380228136882
65692	Dominik Scheder	2	0.00763358778626	0.0	4.0	0.0152671755725	0.00380228136882
36038	Frederic Dorn	2	0.0187022900763	0.0	20.0	0.0229007633588	0.00343741859983
67763	Jack H. Lutz	2	0.024427480916	0.000350969553391	76.0	0.030534351145	0.00523109383489
153807	Bart M. P. Jansen	2	0.00763358778626	0.0	4.0	0.0152671755725	0.00380228136882
65300	George B. Mertzios	2	0.00763358778626	0.0	4.0	0.0152671755725	0.00380228136882
149799	Matthew J. Patitz	2	0.024427480916	0.000146237313913	20.0	0.030534351145	0.00496792530112
149800	Scott M. Summers	2	0.024427480916	0.000146237313913	20.0	0.030534351145	0.00496792530112
175427	Dominik D. Freydenberger	2	0.00763358778626	0.0	4.0	0.0152671755725	0.00380228136882
119131	Lap-Kei Lee	2	0.0152671755725	2.92474627826e-05	8.0	0.0229007633588	0.00443851801016
174443	Gaétan Richard	2	0.0136314067612	0.000175484776696	46.0	0.0190839694656	0.00442984237144
174451	Jean-Yves Marion	2	0.00508905852417	0.0	6.0	0.0114503816794	0.00333046543254
174977	Pierre Guillon	2	0.0136314067612	0.000175484776696	46.0	0.0190839694656	0.00442984237144
26506	Raghav Kulkarni	2	0.0238549618321	0.000614196718435	152.0	0.030534351145	0.00562910546363
26512	Samir Datta	2	0.0254452926209	0.000701939106782	174.0	0.0267175572519	0.0050465777488
77218	Daniel Lokshtanov	2	0.0233778625954	3.89966170435e-05	16.0	0.030534351145	0.00460614092378
# Periodo: 2011-2012
115407	Luc Segoufin	3	0.0129032258065	0.000163249314353	34.0	0.0201612903226	0.00585927079403
58371	Petr Hlinený	2	0.0201612903226	0.0	10.0	0.0282258064516	0.00401606425703
45	Gerhard J. Woeginger	2	0.00806451612903	0.0	4.0	0.0161290322581	0.00401606425703
156753	Youming Qiao	2	0.0120967741935	6.52997257412e-05	14.0	0.0201612903226	0.00520616796751
93	Hans L. Bodlaender	2	0.00806451612903	0.0	4.0	0.0161290322581	0.00401606425703
29281	Christoph Dürr	2	0.00806451612903	3.26498628706e-05	8.0	0.0161290322581	0.00501275173687
117864	Mikolaj Bojanczyk	2	0.00716845878136	0.0	18.0	0.0120967741935	0.00327492648952
516720	Justin Ward	2	0.00403225806452	0.0	2.0	0.0120967741935	0.00401606425703
507246	Robert Ganian	2	0.0201612903226	0.0	10.0	0.0282258064516	0.00401606425703
153807	Bart M. P. Jansen	2	0.00806451612903	0.0	4.0	0.0161290322581	0.00401606425703
709848	George Giakkoupis	2	0.0120967741935	0.0	6.0	0.0201612903226	0.00401606425703
56543	Ken-ichi Kawarabayashi	2	0.00403225806452	0.0	2.0	0.0120967741935	0.00401606425703
278287	Jan Obdrzálek	2	0.0201612903226	0.0	10.0	0.0282258064516	0.00401606425703
67891	Wolfgang Merkle	2	0.014400921659	0.000130599451482	34.0	0.0201612903226	0.00423063825606
175427	Dominik D. Freydenberger	2	0.00806451612903	0.0	4.0	0.0161290322581	0.00401606425703
821302	Szymon Torunczyk	2	0.010752688172	9.79495886117e-05	28.0	0.0161290322581	0.00452002146303
118095	Atri Rudra	2	0.0161290322581	0.000130599451482	24.0	0.0241935483871	0.0056513479066
829806	Alex Levin	2	0.0120967741935	6.52997257412e-05	14.0	0.0201612903226	0.00520616796751
26481	Raghunath Tewari	2	0.0161290322581	1.08832876235e-05	8.0	0.0241935483871	0.00431882741609
67954	André Nies	2	0.0168010752688	6.52997257412e-05	12.0	0.0241935483871	0.0047631504533
26506	Raghav Kulkarni	2	0.0161290322581	1.08832876235e-05	8.0	0.0241935483871	0.00431882741609
26512	Samir Datta	2	0.0161290322581	1.08832876235e-05	8.0	0.0241935483871	0.00431882741609
455576	Pawel Parys	2	0.0	0.0	0.0	0.00806451612903	0.00401606425703
116135	Martin E. Dyer	2	0.0161290322581	9.79495886117e-05	20.0	0.0241935483871	0.00519775764195
