# Periodo: 1984-1985
68160	Klaus Ambos-Spies	2	0.0	0.0	0.0	0.021978021978	0.0108695652174
30070	William F. McColl	2	0.0	0.0	0.0	0.021978021978	0.0108695652174
118290	Ludek Kucera	1	0.0	0.0	0.0	0.021978021978	0.0108695652174
115742	Louis E. Rosier	1	0.010989010989	0.0	2.0	0.032967032967	0.0108695652174
115747	Luc Boasson	1	0.010989010989	0.0	2.0	0.032967032967	0.0108695652174
38440	Gérard Boudol	1	0.021978021978	0.0	4.0	0.043956043956	0.0108695652174
47662	Nicola Santoro	1	0.032967032967	0.0	6.0	0.0549450549451	0.0108695652174
176221	Klaus Drosten	1	0.0	0.0	0.0	0.021978021978	0.0108695652174
74804	Christos Levcopoulos	1	0.010989010989	0.0	2.0	0.032967032967	0.0108695652174
# Periodo: 1986-1987
122906	Christine Choppy	2	0.0538461538462	0.000298151460942	14.0	0.0692307692308	0.00897765429468
116269	Bala Ravikumar	2	0.0230769230769	0.000238521168754	14.0	0.0384615384615	0.00989569353527
173670	Ursula Schmidt	2	0.0	0.0	0.0	0.0153846153846	0.00763358778626
100466	José L. Balcázar	2	0.00769230769231	0.0	2.0	0.0230769230769	0.00763358778626
147572	Harald Ganzinger	2	0.0153846153846	0.0	4.0	0.0307692307692	0.00763358778626
78520	Ronald V. Book	2	0.00769230769231	0.0	2.0	0.0230769230769	0.00763358778626
36045	Friedhelm Meyer auf der Heide	2	0.0307692307692	0.0	8.0	0.0461538461538	0.00763358778626
50977	Michel Bidoit	2	0.0538461538462	0.000298151460942	14.0	0.0692307692308	0.00897765429468
36002	Kurt Mehlhorn	2	0.0153846153846	0.000119260584377	8.0	0.0307692307692	0.0095280548281
84968	Thomas Lengauer	2	0.00769230769231	0.0	2.0	0.0230769230769	0.00763358778626
66539	Jan van Leeuwen	2	0.0230769230769	0.000238521168754	14.0	0.0384615384615	0.00989569353527
116739	Lane A. Hemachandra	1	0.00769230769231	0.0	2.0	0.0230769230769	0.00763358778626
38916	Roberto Tamassia	1	0.00769230769231	0.0	2.0	0.0230769230769	0.00763358778626
# Periodo: 1988-1989
36045	Friedhelm Meyer auf der Heide	4	0.02	0.000178970917226	14.0	0.0333333333333	0.00858500545398
47662	Nicola Santoro	3	0.03	0.000984340044743	72.0	0.04	0.0101837084014
104565	Mark H. Overmars	3	0.0266666666667	0.000805369127517	66.0	0.0333333333333	0.00885794468181
116286	Denis Thérien	2	0.0266666666667	0.000357941834452	24.0	0.04	0.00931911012412
116873	Volker Diekert	2	0.00666666666667	0.0	2.0	0.02	0.00662251655629
30967	Jean-Daniel Boissonnat	2	0.0213333333333	0.000268456375839	24.0	0.0333333333333	0.00848437715086
57055	François Bergeron	2	0.02	0.000178970917226	14.0	0.0333333333333	0.00858500545398
44838	Jörg-Rüdiger Sack	2	0.02	0.000178970917226	14.0	0.0333333333333	0.00858500545398
115005	Franco P. Preparata	2	0.0213333333333	0.000268456375839	24.0	0.0333333333333	0.00848437715086
118244	Georg Schnitger	2	0.0133333333333	8.9485458613e-05	8.0	0.0266666666667	0.00826606081114
714242	M. Jäger	1	0.0	0.0	0.0	0.0133333333333	0.00662251655629
116739	Lane A. Hemachandra	1	0.00666666666667	0.0	2.0	0.02	0.00662251655629
38916	Roberto Tamassia	1	0.0133333333333	0.0	16.0	0.02	0.00486314370087
54794	Irène Guessarian	1	0.00666666666667	0.0	2.0	0.02	0.00662251655629
54795	Jean-Eric Pin	1	0.0177777777778	0.0	12.0	0.0266666666667	0.00594836816433
# Periodo: 1990-1991
42	Ulrich Hertrampf	3	0.0537491705375	0.00214684413912	106.0	0.0656934306569	0.0121278135686
175132	Deborah Joseph	2	0.014598540146	0.000107342206956	8.0	0.029197080292	0.00904474769914
137855	Anne Condon	2	0.014598540146	0.0	4.0	0.029197080292	0.00724637681159
116873	Volker Diekert	2	0.0	0.0	0.0	0.014598540146	0.00724637681159
100512	Jörg Desel	2	0.021897810219	0.000214684413912	14.0	0.036496350365	0.00939373785182
50911	Thierry Jéron	2	0.0	0.0	0.0	0.014598540146	0.00724637681159
116989	Richard Beigel	2	0.0422314911366	0.000214684413912	28.0	0.043795620438	0.00795014763834
38702	Richard J. Lipton	2	0.014598540146	0.0	4.0	0.029197080292	0.00724637681159
523667	Guy Vidal-Naquet	2	0.029197080292	0.000322026620867	20.0	0.043795620438	0.00937856268806
56766	Walter Vogler	2	0.0	0.0	0.0	0.014598540146	0.00724637681159
116193	Steven Homer	2	0.0454800673779	0.00150279089738	98.0	0.0510948905109	0.00969392671077
78337	Françoise Baude	1	0.0166840458811	0.0	14.0	0.021897810219	0.0046631516152
115201	Svante Carlsson	1	0.021897810219	0.0	6.0	0.036496350365	0.00724637681159
# Periodo: 1992-1993
20	Christoph Meinel	2	0.0161290322581	9.79495886117e-05	20.0	0.0241935483871	0.00519775763478
104990	Burkhard Monien	2	0.0201612903226	6.52997257412e-05	10.0	0.0282258064516	0.00501275173687
108580	Ralf Klasing	2	0.0201612903226	6.52997257412e-05	10.0	0.0282258064516	0.00501275173687
68144	Stephen A. Fenner	2	0.0201612903226	0.000195899177223	34.0	0.0282258064516	0.00577815723202
63	Klaus W. Wagner	2	0.00907258064516	0.0	8.0	0.0161290322581	0.00394320076445
113	Artur Czumaj	2	0.0246975806452	0.0	16.0	0.0322580645161	0.00418739639159
156796	Rüdiger Reischuk	2	0.00806451612903	3.26498628706e-05	8.0	0.0161290322581	0.00501275173687
67691	Ludwig Staiger	2	0.00403225806452	0.0	2.0	0.0120967741935	0.00401606425703
115354	Oded Maler	2	0.00403225806452	0.0	2.0	0.0120967741935	0.00401606425703
36002	Kurt Mehlhorn	2	0.0201612903226	0.000195899177223	34.0	0.0282258064516	0.00577815723202
81575	Wojciech Rytter	2	0.0282258064516	0.000195899177223	38.0	0.0362903225806	0.00502747653869
76971	Michel Billaud	2	0.0	0.0	0.0	0.00806451612903	0.00401606425703
67763	Jack H. Lutz	2	0.0120967741935	6.52997257412e-05	14.0	0.0201612903226	0.00520616796614
36045	Friedhelm Meyer auf der Heide	2	0.00806451612903	3.26498628706e-05	8.0	0.0161290322581	0.00501275173687
118542	Sophie Tison	2	0.0120967741935	6.52997257412e-05	14.0	0.0201612903226	0.00520616796614
114967	Torben Hagerup	2	0.0	0.0	0.0	0.00806451612903	0.00401606425703
115005	Franco P. Preparata	2	0.010752688172	9.79495886117e-05	28.0	0.0161290322581	0.00418231895564
116035	Johannes Köbler	2	0.00806451612903	0.0	4.0	0.0161290322581	0.00401606425703
56672	Ton Kloks	2	0.00806451612903	3.26498628706e-05	8.0	0.0161290322581	0.00501275173687
172912	Albrecht Hoene	2	0.0120967741935	6.52997257412e-05	14.0	0.0201612903226	0.00520616796614
81274	Jeffrey Scott Vitter	2	0.0129032258065	0.000130599451482	30.0	0.0201612903226	0.00505315333647
44444	Alfredo De Santis	2	0.0120967741935	6.52997257412e-05	14.0	0.0201612903226	0.00520616796614
78267	Karel Culik II	2	0.00806451612903	3.26498628706e-05	8.0	0.0161290322581	0.00501275173687
67840	Leen Torenvliet	1	0.00907258064516	0.0	8.0	0.0161290322581	0.00394320076445
# Periodo: 1994-1995
67763	Jack H. Lutz	3	0.0186046511628	0.00021734405564	28.0	0.0279069767442	0.00737716883551
118609	Kenneth W. Regan	3	0.0279069767442	8.6937622256e-05	12.0	0.0372093023256	0.00546391347831
74756	Leszek Gasieniec	2	0.0186046511628	0.000130406433384	20.0	0.0279069767442	0.00599185949514
66651	Guy Louchard	2	0.0046511627907	0.0	2.0	0.0139534883721	0.00462962962963
42	Ulrich Hertrampf	2	0.0	0.0	0.0	0.0093023255814	0.00462962962963
68146	Martin Kummer	2	0.0104651162791	8.6937622256e-05	18.0	0.0186046511628	0.00539374325782
67140	Arvind Gupta	2	0.0139534883721	8.6937622256e-05	14.0	0.0232558139535	0.00600155473866
18029	Rolf Niedermeier	2	0.0166112956811	0.0	14.0	0.0232558139535	0.00451883135819
116	Krzysztof Lorys	2	0.028488372093	0.00043468811128	66.0	0.0372093023256	0.0059233763465
121	Peter Rossmanith	2	0.0166112956811	0.0	14.0	0.0232558139535	0.00451883135819
173223	Dora Giammarresi	2	0.0186046511628	0.000130406433384	20.0	0.0279069767442	0.00599185949514
116338	Ioan I. Macarie	2	0.0	0.0	0.0	0.0093023255814	0.00462962962963
157371	Gerhard Buntrock	2	0.018992248062	0.000260812866768	58.0	0.0186046511628	0.00379894086972
36045	Friedhelm Meyer auf der Heide	2	0.0139534883721	8.6937622256e-05	14.0	0.0232558139535	0.00600155473866
65787	Dieter Kratsch	2	0.0139534883721	0.0	6.0	0.0232558139535	0.00462962962963
38702	Richard J. Lipton	2	0.0239202657807	0.0	14.0	0.0325581395349	0.00466475737063
157009	Klaus Reinhardt	2	0.0232558139535	0.000260812866768	34.0	0.0325581395349	0.00666093122758
147295	Wolfgang Thomas	2	0.0148837209302	0.0	10.0	0.0232558139535	0.00472568429963
56672	Ton Kloks	2	0.0139534883721	0.0	6.0	0.0232558139535	0.00462962962963
119156	Clelia de Felice	2	0.0093023255814	0.0	4.0	0.0186046511628	0.00462962962963
26497	Lance Fortnow	2	0.0104651162791	8.6937622256e-05	18.0	0.0186046511628	0.00539374325782
# Periodo: 1996-1997
116231	Harry Buhrman	3	0.0169491525424	0.000192604006163	18.0	0.0282485875706	0.00857175952739
74887	José D. P. Rolim	3	0.0307595731325	0.000642013353878	66.0	0.0395480225989	0.00797399762908
50194	Luca de Alfaro	2	0.0112994350282	0.0	4.0	0.0225988700565	0.00561797752809
20	Christoph Meinel	2	0.0112994350282	6.42013353878e-05	8.0	0.0225988700565	0.0070122201263
115225	Danny Krizanc	2	0.0169491525424	0.0	6.0	0.0282485875706	0.00561797752809
156718	Alexander E. Andreev	2	0.0197740112994	0.0	28.0	0.0225988700565	0.00455156857168
115771	Andris Ambainis	2	0.0127118644068	0.0	8.0	0.0225988700565	0.00492085622898
61	Thomas Schwentick	2	0.0	0.0	0.0	0.0112994350282	0.00561797752809
116801	Paul Gastin	2	0.0180790960452	6.42013353878e-05	10.0	0.0282485875706	0.00633184671107
116802	Antoine Petit	2	0.0180790960452	6.42013353878e-05	10.0	0.0282485875706	0.00633184671107
105	Stephan Waack	2	0.0075329566855	0.0	6.0	0.0169491525424	0.00492085622898
116873	Volker Diekert	2	0.0180790960452	0.000192604006163	24.0	0.0282485875706	0.00659322083291
67763	Jack H. Lutz	2	0.00564971751412	0.0	2.0	0.0169491525424	0.00561797752809
50382	Carl H. Smith	2	0.0169491525424	3.21006676939e-05	6.0	0.0282485875706	0.0063150988272
36063	Martin Dietzfelbinger	2	0.0	0.0	0.0	0.0112994350282	0.00561797752809
38682	Ueli M. Maurer	2	0.00564971751412	0.0	2.0	0.0169491525424	0.00561797752809
66342	Evangelos Kranakis	2	0.0169491525424	0.0	6.0	0.0282485875706	0.00561797752809
# Periodo: 1998-1999
61	Thomas Schwentick	3	0.026688453159	0.000386361441128	46.0	0.0343137254902	0.00702019815743
26474	Jacobo Torán	3	0.0175070028011	0.000338066260987	50.0	0.0245098039216	0.0065429117736
156609	Martin Sauerhoff	3	0.00980392156863	0.0	4.0	0.0196078431373	0.00487804878049
116231	Harry Buhrman	2	0.0285204991087	0.000579542161692	90.0	0.0343137254902	0.00631549951394
175123	Sven Schuierer	2	0.0147058823529	9.6590360282e-05	14.0	0.0245098039216	0.00632358938317
67126	Kazuhisa Makino	2	0.00980392156863	0.0	4.0	0.0196078431373	0.00487804878049
60	Clemens Lautemann	2	0.0240196078431	9.6590360282e-05	20.0	0.0294117647059	0.0057442850467
62	Heribert Vollmer	2	0.026688453159	0.00048295180141	66.0	0.0343137254902	0.00691333888973
107794	Andreas Jakoby	2	0.0110294117647	0.0	8.0	0.0196078431373	0.00478954629461
156796	Rüdiger Reischuk	2	0.0147058823529	9.6590360282e-05	14.0	0.0245098039216	0.00632358938317
52884	Thomas Eiter	2	0.00980392156863	0.0	4.0	0.0196078431373	0.00487804878049
117481	Giovanni Di Crescenzo	2	0.0245098039216	0.000289771080846	34.0	0.0343137254902	0.00701834704924
156912	Jochen Messner	2	0.0111408199643	0.0	22.0	0.0147058823529	0.00369056749769
116499	Peter Bro Miltersen	2	0.0245098039216	0.000289771080846	34.0	0.0343137254902	0.00701834704924
44837	Andrzej Lingas	2	0.0245098039216	0.000289771080846	34.0	0.0343137254902	0.00701834704924
66362	Moshe Y. Vardi	2	0.0196078431373	0.000144885540423	20.0	0.0294117647059	0.00631337390707
26473	Vikraman Arvind	2	0.0175070028011	0.000289771080846	46.0	0.0245098039216	0.00604166120416
26497	Lance Fortnow	2	0.0196078431373	0.000338066260987	76.0	0.0196078431373	0.0042725430092
157105	D. Sivakumar	2	0.0285204991087	0.000579542161692	82.0	0.0392156862745	0.00720604965409
28662	Toshihide Ibaraki	2	0.00980392156863	0.0	4.0	0.0196078431373	0.00487804878049
# Periodo: 2000-2001
118314	Paolo Penna	3	0.0238095238095	6.83526999316e-05	10.0	0.0333333333333	0.00559113174397
116286	Denis Thérien	3	0.0190476190476	0.000227842333105	28.0	0.0285714285714	0.00755198326333
61868	Juraj Hromkovic	3	0.0380952380952	0.000729095465938	80.0	0.047619047619	0.00740276526576
15	Klaus Jansen	2	0.0190476190476	0.000136705399863	20.0	0.0285714285714	0.00613384668749
117784	David Peleg	2	0.0142857142857	9.11369332422e-05	14.0	0.0238095238095	0.00614377167568
116783	Massimo Santini	2	0.0142857142857	2.27842333105e-05	6.0	0.0238095238095	0.00532742934237
115771	Andris Ambainis	2	0.0142857142857	9.11369332422e-05	14.0	0.0238095238095	0.00614377167568
100516	Anna Ingólfsdóttir	2	0.0142857142857	2.27842333105e-05	6.0	0.0238095238095	0.00532742934237
68273	Pascal Koiran	2	0.0142857142857	0.0	6.0	0.0238095238095	0.00473933649289
67763	Jack H. Lutz	2	0.0152380952381	0.000182273866484	30.0	0.0238095238095	0.00596319990891
52924	Martin Strauss	2	0.0126984126984	0.000136705399863	28.0	0.0190476190476	0.00493553279599
100557	Luca Aceto	2	0.0142857142857	2.27842333105e-05	6.0	0.0238095238095	0.00532742934237
116030	Marcin Jurdzinski	2	0.0047619047619	0.0	2.0	0.0142857142857	0.00473933649289
116035	Johannes Köbler	2	0.0142857142857	0.0	6.0	0.0238095238095	0.00473933649289
26473	Vikraman Arvind	2	0.0142857142857	0.0	6.0	0.0238095238095	0.00473933649289
115057	Massimiliano Goldwurm	2	0.0142857142857	2.27842333105e-05	6.0	0.0238095238095	0.00532742934237
118258	Andrea E. F. Clementi	2	0.0238095238095	6.83526999316e-05	10.0	0.0333333333333	0.00559113174397
117686	Jarkko Kari	2	0.0047619047619	0.0	2.0	0.0142857142857	0.00473933649289
156609	Martin Sauerhoff	2	0.0253968253968	0.0	24.0	0.0285714285714	0.00440640789628
36095	Elias Koutsoupias	2	0.00952380952381	4.55684666211e-05	8.0	0.0190476190476	0.00591552219186
72706	B. Sundar Rajan	1	0.0142857142857	0.0	6.0	0.0238095238095	0.00473933649289
# Periodo: 2002-2003
116286	Denis Thérien	3	0.0140845070423	0.000132872707946	18.0	0.0234741784038	0.00712978128914
116231	Harry Buhrman	2	0.0150234741784	4.42909026486e-05	10.0	0.0234741784038	0.00526667623631
116232	Ronald de Wolf	2	0.0105633802817	8.85818052972e-05	18.0	0.018779342723	0.00544415207331
130658	Markus Lohrey	2	0.0093896713615	4.42909026486e-05	8.0	0.018779342723	0.00583259431066
116367	Rina Panigrahy	2	0.0234741784038	1.10727256621e-05	10.0	0.0328638497653	0.00491073926913
58199	Amin Coja-Oghlan	2	0.00469483568075	0.0	2.0	0.0140845070423	0.00467289719626
156901	Andrei A. Krokhin	2	0.0140845070423	8.85818052972e-05	14.0	0.0234741784038	0.00605764405053
65254	Cyril Gavoille	2	0.0140845070423	8.85818052972e-05	14.0	0.0234741784038	0.00605764405053
59700	Dietrich Kuske	2	0.00625978090767	0.0	6.0	0.0140845070423	0.00409304863906
58226	Tomás Feder	2	0.0234741784038	1.10727256621e-05	10.0	0.0328638497653	0.00491073926913
60286	Martin Grohe	2	0.0093896713615	4.42909026486e-05	8.0	0.018779342723	0.00583259431066
26497	Lance Fortnow	2	0.0150234741784	4.42909026486e-05	10.0	0.0234741784038	0.00526667623631
26499	Aduri Pavan	2	0.0150234741784	0.000132872707946	24.0	0.0234741784038	0.00548408087971
53150	Rajeev Motwani	2	0.0234741784038	1.10727256621e-05	10.0	0.0328638497653	0.00491073926913
53151	Liadan O'Callaghan	2	0.0234741784038	1.10727256621e-05	10.0	0.0328638497653	0.00491073926913
65462	Stefan Langerman	2	0.0140845070423	8.85818052972e-05	14.0	0.0234741784038	0.00605764405053
115539	Osamu Watanabe	2	0.0281690140845	0.000398618123837	48.0	0.037558685446	0.00701316976918
115167	Peter Høyer	2	0.0105633802817	8.85818052972e-05	18.0	0.018779342723	0.00544415207331
350722	Firas Swidan	1	0.0093896713615	0.0	4.0	0.018779342723	0.00467289719626
536579	Matthias John	1	0.00469483568075	0.0	2.0	0.0140845070423	0.00467289719626
528393	Christian Jacobi 0002	1	0.00469483568075	0.0	2.0	0.0140845070423	0.00467289719626
# Periodo: 2004-2005
116231	Harry Buhrman	4	0.0340909090909	0.00063371356147	66.0	0.0416666666667	0.00739734593336
160	Jiri Sgall	3	0.030303030303	0.000201636133195	44.0	0.0378787878788	0.00467800076161
36002	Kurt Mehlhorn	3	0.0232007575758	0.00034566194262	70.0	0.030303030303	0.00576944179126
67502	Frank Stephan	2	0.0227272727273	0.00023044129508	44.0	0.030303030303	0.00543389497869
174426	Violetta Lonati	2	0.0113636363636	0.0	6.0	0.0189393939394	0.00377358490566
115771	Andris Ambainis	2	0.0378787878788	0.000720129047125	120.0	0.0454545454545	0.00605653662795
61	Thomas Schwentick	2	0.0121212121212	8.6415485655e-05	24.0	0.0189393939394	0.00483449415011
29280	Marek Chrobak	2	0.026936026936	0.0	18.0	0.0340909090909	0.00393306895147
36020	Telikepalli Kavitha	2	0.0154671717172	0.0	24.0	0.0189393939394	0.00349410293134
116939	Nikolai K. Vereshchagin	2	0.0236013986014	5.761032377e-05	26.0	0.0265151515152	0.00448242213643
115407	Luc Segoufin	2	0.0121212121212	8.6415485655e-05	24.0	0.0189393939394	0.00483449415011
44254	Ralf Küsters	2	0.00757575757576	0.0	4.0	0.0151515151515	0.00377358490566
118017	Guido Schäfer	2	0.0185606060606	0.00017283097131	50.0	0.0227272727273	0.00452946503815
28455	Christoph Ambühl	2	0.030303030303	0.000201636133195	44.0	0.0378787878788	0.00467800076161
117581	Thomas Wilke	2	0.00757575757576	0.0	4.0	0.0151515151515	0.00377358490566
58216	Michael E. Saks	2	0.0265151515152	0.00034566194262	62.0	0.0340909090909	0.00574563654946
115057	Massimiliano Goldwurm	2	0.0113636363636	0.0	6.0	0.0189393939394	0.00377358490566
77265	Ilan Newman	2	0.0236013986014	5.761032377e-05	26.0	0.0265151515152	0.00448242213643
74754	Weizhao Wang	1	0.00757575757576	0.0	4.0	0.0151515151515	0.00377358490566
67586	Klaus Meer	1	0.00378787878788	0.0	2.0	0.0113636363636	0.00377358490566
566614	Sebastian Bala	1	0.0	0.0	0.0	0.00757575757576	0.00377358490566
173064	Eli Gafni	1	0.00757575757576	0.0	4.0	0.0151515151515	0.00377358490566
216748	Oldrich Strazovský	1	0.00757575757576	0.0	4.0	0.0151515151515	0.00377358490566
116236	Amnon Ta-Shma	1	0.00378787878788	0.0	2.0	0.0113636363636	0.00377358490566
57869	Jianer Chen	1	0.0113636363636	0.0	6.0	0.0189393939394	0.00377358490566
209934	Abraham Flaxman	1	0.00378787878788	0.0	2.0	0.0113636363636	0.00377358490566
# Periodo: 2006-2007
67617	Troy Lee	2	0.00961538461538	0.0	8.0	0.017094017094	0.00417811421189
118853	Vince Bárány	2	0.00854700854701	0.0	4.0	0.017094017094	0.00425531914894
117776	Krishnendu Chatterjee	2	0.00854700854701	0.0	4.0	0.017094017094	0.00425531914894
156945	Ilka Schnoor	2	0.0128205128205	0.0	6.0	0.0213675213675	0.00425531914894
115374	Henning Schnoor	2	0.0128205128205	0.0	6.0	0.0213675213675	0.00425531914894
51880	Thomas A. Henzinger	2	0.00854700854701	0.0	4.0	0.017094017094	0.00425531914894
277879	Dietmar Berwanger	2	0.0128205128205	0.0	6.0	0.0213675213675	0.00425531914894
26497	Lance Fortnow	2	0.0128205128205	7.33648802318e-05	14.0	0.0213675213675	0.00551632291573
59791	Benjamin Doerr	2	0.0	0.0	0.0	0.00854700854701	0.00425531914894
26513	Nutan Limaye	2	0.0128205128205	1.8341220058e-05	6.0	0.0213675213675	0.00478335145209
26514	Meena Mahajan	2	0.0128205128205	1.8341220058e-05	6.0	0.0213675213675	0.00478335145209
156594	Christian Glaßer	2	0.0213675213675	7.33648802318e-05	10.0	0.0299145299145	0.00531138375524
115657	Manindra Agrawal	2	0.0128205128205	7.33648802318e-05	14.0	0.0213675213675	0.00551632291573
156643	Alan L. Selman	2	0.0213675213675	7.33648802318e-05	10.0	0.0299145299145	0.00531138375524
67590	Felix A. Fischer	1	0.00854700854701	0.0	4.0	0.017094017094	0.00425531914894
118791	Olivier Serre	1	0.00854700854701	0.0	4.0	0.017094017094	0.00425531914894
117256	Reuven Cohen	1	0.0042735042735	0.0	2.0	0.0128205128205	0.00425531914894
829783	Tzur Sayag	1	0.00854700854701	0.0	4.0	0.017094017094	0.00425531914894
156684	Oleg Verbitsky	1	0.0	0.0	0.0	0.00854700854701	0.00425531914894
115728	Karol Suchan	1	0.0128205128205	0.0	6.0	0.0213675213675	0.00425531914894
116398	Dan Vilenchik	1	0.00854700854701	0.0	4.0	0.017094017094	0.00425531914894
22	Helmut Seidl	1	0.00854700854701	0.0	4.0	0.017094017094	0.00425531914894
117784	David Peleg	1	0.0042735042735	0.0	2.0	0.0128205128205	0.00425531914894
# Periodo: 2008-2009
115537	Susanne Albers	3	0.00769230769231	2.97000297e-05	8.0	0.0153846153846	0.00478228039265
115146	Maxime Crochemore	3	0.0269230769231	0.0004158004158	70.0	0.0346153846154	0.00659789701711
116232	Ronald de Wolf	2	0.00384615384615	0.0	2.0	0.0115384615385	0.00383141762452
54795	Jean-Eric Pin	2	0.00384615384615	0.0	2.0	0.0115384615385	0.00383141762452
117794	Sambuddha Roy	2	0.0115384615385	5.94000594001e-05	14.0	0.0192307692308	0.00496680392165
61	Thomas Schwentick	2	0.00865384615385	0.0	8.0	0.0153846153846	0.00376190417776
377923	Sasha Rubin	2	0.0137362637363	0.0001188001188	34.0	0.0192307692308	0.00458457039762
118859	Artur Jez	2	0.00384615384615	0.0	2.0	0.0115384615385	0.00383141762452
74325	Iyad A. Kanj	2	0.0153846153846	8.91000891001e-05	20.0	0.0230769230769	0.00495878027183
117965	Roberto Grossi	2	0.026	0.000653400653401	186.0	0.0269230769231	0.00490496766038
74876	Julián Mestre	2	0.0153846153846	0.0	8.0	0.0230769230769	0.00383141762452
129	Thomas Erlebach	2	0.0325	0.0010692010692	240.0	0.0384615384615	0.00595283814339
103569	Erik D. Demaine	2	0.0192307692308	0.0001782001782	34.0	0.0269230769231	0.00551249480845
66742	Pascal Weil	2	0.00512820512821	0.0	6.0	0.0115384615385	0.00335598624046
116365	Alexander Okhotin	2	0.00384615384615	0.0	2.0	0.0115384615385	0.00383141762452
36039	Fedor V. Fomin	2	0.0269230769231	0.000297000297	54.0	0.0346153846154	0.00547935627115
119003	Rajeev Raman	2	0.0342105263158	0.001188001188	270.0	0.0346153846154	0.00561076051911
118031	Wouter Gelade	2	0.0115384615385	5.94000594001e-05	14.0	0.0192307692308	0.00496680392165
28453	Dániel Marx	2	0.0153846153846	0.0	18.0	0.0192307692308	0.00351161026143
60286	Martin Grohe	2	0.0230769230769	0.0002673002673	48.0	0.0307692307692	0.00575026180309
278463	Laurent Bienvenu	2	0.0153846153846	8.91000891001e-05	20.0	0.0230769230769	0.00495878027183
29123	Alberto Marchetti-Spaccamela	2	0.0269230769231	0.000297000297	54.0	0.0346153846154	0.00547935627115
354787	Lukasz Kaiser	2	0.0160256410256	0.0001782001782	40.0	0.0230769230769	0.00538934679666
65538	Ulrich Meyer	1	0.0	0.0	0.0	0.00769230769231	0.00383141762452
157193	Pilar Albert	1	0.0115384615385	0.0	6.0	0.0192307692308	0.00383141762452
173826	Cyril Nicaud	1	0.00769230769231	0.0	4.0	0.0153846153846	0.00383141762452
# Periodo: 2010-2011
117784	David Peleg	3	0.0152671755725	0.000146237313913	28.0	0.0229007633588	0.00605881546946
61	Thomas Schwentick	3	0.00763358778626	2.92474627826e-05	8.0	0.0152671755725	0.00474591324138
115407	Luc Segoufin	3	0.0114503816794	8.77423883478e-05	18.0	0.0190839694656	0.00580141899573
12689	Adrian Dumitrescu	3	0.0152671755725	8.77423883478e-05	20.0	0.0229007633588	0.00492107091615
36039	Fedor V. Fomin	3	0.0267175572519	0.000214481393739	38.0	0.0343511450382	0.00545618678796
45	Gerhard J. Woeginger	2	0.0229007633588	0.000233979702261	44.0	0.030534351145	0.0054752173037
93	Hans L. Bodlaender	2	0.00763358778626	0.0	4.0	0.0152671755725	0.00380228136882
74854	Tak Wah Lam	2	0.0152671755725	2.92474627826e-05	8.0	0.0229007633588	0.00443851801016
117864	Mikolaj Bojanczyk	2	0.0	0.0	0.0	0.00763358778626	0.00380228136882
56964	Csaba D. Tóth	2	0.012213740458	0.0	10.0	0.0190839694656	0.00388117037536
176283	David Richerby	2	0.0114503816794	0.0	6.0	0.0190839694656	0.00380228136882
65692	Dominik Scheder	2	0.00763358778626	0.0	4.0	0.0152671755725	0.00380228136882
36038	Frederic Dorn	2	0.0187022900763	0.0	20.0	0.0229007633588	0.00343741859983
67763	Jack H. Lutz	2	0.024427480916	0.000350969553391	76.0	0.030534351145	0.00523109383489
153807	Bart M. P. Jansen	2	0.00763358778626	0.0	4.0	0.0152671755725	0.00380228136882
65300	George B. Mertzios	2	0.00763358778626	0.0	4.0	0.0152671755725	0.00380228136882
149799	Matthew J. Patitz	2	0.024427480916	0.000146237313913	20.0	0.030534351145	0.00496792530112
149800	Scott M. Summers	2	0.024427480916	0.000146237313913	20.0	0.030534351145	0.00496792530112
175427	Dominik D. Freydenberger	2	0.00763358778626	0.0	4.0	0.0152671755725	0.00380228136882
119131	Lap-Kei Lee	2	0.0152671755725	2.92474627826e-05	8.0	0.0229007633588	0.00443851801016
174443	Gaétan Richard	2	0.0136314067612	0.000175484776696	46.0	0.0190839694656	0.00442984237144
174451	Jean-Yves Marion	2	0.00508905852417	0.0	6.0	0.0114503816794	0.00333046543254
174977	Pierre Guillon	2	0.0136314067612	0.000175484776696	46.0	0.0190839694656	0.00442984237144
26506	Raghav Kulkarni	2	0.0238549618321	0.000614196718435	152.0	0.030534351145	0.00562910546363
26512	Samir Datta	2	0.0254452926209	0.000701939106782	174.0	0.0267175572519	0.0050465777488
77218	Daniel Lokshtanov	2	0.0233778625954	3.89966170435e-05	16.0	0.030534351145	0.00460614092378
# Periodo: 2012-2013
516720	Justin Ward	2	0.00793650793651	0.0	2.0	0.0238095238095	0.00787401574803
56543	Ken-ichi Kawarabayashi	2	0.00793650793651	0.0	2.0	0.0238095238095	0.00787401574803
58795	Yusuke Kobayashi	2	0.00793650793651	0.0	2.0	0.0238095238095	0.00787401574803
58371	Petr Hlinený	1	0.0396825396825	0.0	10.0	0.0555555555556	0.00787401574803
173076	Mathieu Hoyrup	1	0.0	0.0	0.0	0.015873015873	0.00787401574803
507246	Robert Ganian	1	0.0396825396825	0.0	10.0	0.0555555555556	0.00787401574803
519197	Stefan Mengel	1	0.015873015873	0.0	4.0	0.031746031746	0.00787401574803
61474	Sanjay Jain	1	0.00793650793651	0.0	2.0	0.0238095238095	0.00787401574803
156708	Maurice J. Jansen	1	0.00793650793651	0.0	2.0	0.0238095238095	0.00787401574803
27689	Gerth Stølting Brodal	1	0.00793650793651	0.0	2.0	0.0238095238095	0.00787401574803
45	Gerhard J. Woeginger	1	0.00793650793651	0.0	2.0	0.0238095238095	0.00787401574803
118320	Marc Thurley	1	0.0	0.0	0.0	0.015873015873	0.00787401574803
