# Periodo: 1985-1986
101836	David Heckerman	5	0.0240963855422	0.00029385836027	8.0	0.0481927710843	0.0148592283629
43654	Benjamin N. Grosof	3	0.0	0.0	0.0	0.0240963855422	0.0119047619048
235692	Ross D. Shachter	3	0.0160642570281	0.0	6.0	0.0361445783133	0.0104275286757
188091	Karl G. Kempf	3	0.0602409638554	0.00117543344108	26.0	0.0843373493976	0.0152463880998
619146	Steven W. Norton	2	0.0120481927711	0.0	2.0	0.0361445783133	0.0119047619048
110995	Bruce M. Perrin	2	0.0502008032129	0.0	12.0	0.0722891566265	0.0123300585892
110996	David S. Vaughan	2	0.0502008032129	0.0	12.0	0.0722891566265	0.0123300585892
110997	Robert M. Yadrick	2	0.0502008032129	0.0	12.0	0.0722891566265	0.0123300585892
# Periodo: 1987-1988
102069	Judea Pearl	4	0.0533333333333	0.00216216216216	32.0	0.08	0.0238519605787
235692	Ross D. Shachter	3	0.0533333333333	0.00108108108108	20.0	0.08	0.0170294962682
34740	John Yen	3	0.0	0.0	0.0	0.0266666666667	0.0131578947368
101692	Gregory F. Cooper	3	0.0266666666667	0.00036036036036	8.0	0.0533333333333	0.0164233576642
388668	Henry E. Kyburg Jr.	3	0.0	0.0	0.0	0.0266666666667	0.0131578947368
60427	Mary McLeish	2	0.04	0.0	6.0	0.0666666666667	0.0131578947368
365326	Romas Aleliunas	2	0.0266666666667	0.0	4.0	0.0533333333333	0.0131578947368
# Periodo: 1988-1989
102069	Judea Pearl	4	0.03125	0.000438596491228	14.0	0.0520833333333	0.0133642868411
235692	Ross D. Shachter	3	0.0104166666667	0.0	2.0	0.03125	0.0103092783505
571793	Jack S. Breese	3	0.0208333333333	0.000219298245614	8.0	0.0416666666667	0.0128677853864
207843	Max Henrion	3	0.0208333333333	0.000219298245614	8.0	0.0416666666667	0.0128677853864
843800	John Mark Agosta	2	0.0234375	0.0	8.0	0.0416666666667	0.00903002483257
207390	R. Martin Chavez	2	0.0104166666667	0.0	2.0	0.03125	0.0103092783505
102948	Tod S. Levitt	2	0.03125	0.000109649122807	6.0	0.0520833333333	0.0115885318685
1016871	Thomas Verma	2	0.0234375	0.0	8.0	0.0416666666667	0.0101222370134
388668	Henry E. Kyburg Jr.	2	0.0	0.0	0.0	0.0208333333333	0.0103092783505
# Periodo: 1990-1991
101836	David Heckerman	6	0.0455568053993	0.00287464066992	164.0	0.0551181102362	0.0132059765545
66065	Eric Horvitz	4	0.0425196850394	0.00249968753906	154.0	0.0472440944882	0.0115279165808
35214	Philippe Smets	4	0.0157480314961	0.000124984376953	8.0	0.0314960629921	0.00975136861314
16950	Didier Dubois	3	0.0236220472441	6.24921884764e-05	6.0	0.0393700787402	0.00878193430657
537791	Kuo-Chu Chang	3	0.00787401574803	0.0	2.0	0.0236220472441	0.0078125
453920	Robert M. Fung	3	0.00787401574803	0.0	2.0	0.0236220472441	0.0078125
101692	Gregory F. Cooper	3	0.0335681723995	0.000999875015623	90.0	0.0393700787402	0.00935506599447
14243	David Poole	3	0.0157480314961	0.000124984376953	8.0	0.0314960629921	0.00975136861314
32705	Henri Prade	3	0.0236220472441	6.24921884764e-05	6.0	0.0393700787402	0.00878193430657
206822	Eugene Charniak	3	0.0236220472441	0.000374953130859	18.0	0.0393700787402	0.0119201030928
215083	Prakash P. Shenoy	2	0.0	0.0	0.0	0.0157480314961	0.0078125
35377	Solomon Eyal Shimony	2	0.0141732283465	0.0	10.0	0.0236220472441	0.00644329896907
# Periodo: 1991-1992
66065	Eric Horvitz	4	0.0345158197507	0.000997641937239	64.0	0.0469798657718	0.0113564790688
235692	Ross D. Shachter	3	0.0134228187919	9.06947215672e-05	8.0	0.0268456375839	0.00832116788321
16950	Didier Dubois	3	0.0418172431595	0.000589515690187	26.0	0.0469798657718	0.00816167866154
388668	Henry E. Kyburg Jr.	3	0.0134228187919	9.06947215672e-05	8.0	0.0268456375839	0.00832116788321
54119	Bruce Abramson	3	0.0134228187919	9.06947215672e-05	8.0	0.0268456375839	0.00832116788321
35214	Philippe Smets	3	0.0120805369128	0.0	10.0	0.0201342281879	0.0049330013044
14243	David Poole	3	0.0201342281879	0.000181389443134	14.0	0.0335570469799	0.00864223882367
54708	Kathryn B. Laskey	3	0.0	0.0	0.0	0.0134228187919	0.00666666666667
32705	Henri Prade	3	0.0418172431595	0.000589515690187	26.0	0.0469798657718	0.00816167866154
215083	Prakash P. Shenoy	2	0.0	0.0	0.0	0.0134228187919	0.00666666666667
200748	Frank Klawonn	2	0.0201342281879	0.000181389443134	14.0	0.0335570469799	0.00864223882367
347242	Bruce D'Ambrosio	2	0.0134228187919	0.0	4.0	0.0268456375839	0.00666666666667
71281	Hong Xu	2	0.0	0.0	0.0	0.0134228187919	0.00666666666667
34930	Serafín Moral	2	0.0134228187919	0.0	4.0	0.0268456375839	0.00666666666667
118909	Dan Geiger	2	0.0172579098754	0.0	28.0	0.0201342281879	0.00470104901267
# Periodo: 1993-1994
235692	Ross D. Shachter	7	0.0536723163842	0.00763995891115	930.0	0.0508474576271	0.0121232464533
101836	David Heckerman	7	0.0536723163842	0.00674114021572	880.0	0.0395480225989	0.00935068704483
118909	Dan Geiger	5	0.0453232893911	0.0047508988187	686.0	0.0395480225989	0.0092798803894
102069	Judea Pearl	5	0.0351646210793	0.00224704673857	412.0	0.0338983050847	0.00832080390469
34845	Jérôme Lang	4	0.0225988700565	0.000321006676939	28.0	0.0338983050847	0.00895207004758
156916	Fahiem Bacchus	4	0.0225988700565	0.000192604006163	20.0	0.0338983050847	0.00727102051095
35214	Philippe Smets	4	0.0112994350282	0.0	4.0	0.0225988700565	0.00561797752809
14243	David Poole	4	0.0112994350282	0.0	4.0	0.0225988700565	0.00561797752809
207843	Max Henrion	4	0.0416024653313	0.00147663071392	122.0	0.0508474576271	0.0103631094625
16950	Didier Dubois	3	0.0225988700565	6.42013353878e-05	8.0	0.0338983050847	0.00655803503749
101959	Nevin Lianwen Zhang	3	0.0112994350282	0.0	4.0	0.0225988700565	0.00561797752809
205916	Gregory M. Provan	3	0.0326876513317	0.000192604006163	28.0	0.0395480225989	0.00749275308901
347242	Bruce D'Ambrosio	3	0.00564971751412	0.0	2.0	0.0169491525424	0.00561797752809
55448	Marek J. Druzdzel	3	0.0269192422732	0.000513610683102	82.0	0.0225988700565	0.00505994691623
184993	Adnan Darwiche	3	0.00564971751412	0.0	2.0	0.0169491525424	0.00561797752809
711016	William B. Poland	3	0.040790960452	0.00308166409861	478.0	0.0338983050847	0.00680327447134
32705	Henri Prade	3	0.0225988700565	6.42013353878e-05	8.0	0.0338983050847	0.00655803503749
# Periodo: 1994-1995
102069	Judea Pearl	8	0.0618757062147	0.0221494607088	4226.0	0.0564971751412	0.0122364064766
101836	David Heckerman	8	0.0684465776711	0.0241397021058	4720.0	0.0338983050847	0.00728746548959
235692	Ross D. Shachter	6	0.0661065237336	0.0267719568567	4986.0	0.045197740113	0.00976807381322
118909	Dan Geiger	6	0.0666764075589	0.0225346687211	4452.0	0.0395480225989	0.00853026320872
34845	Jérôme Lang	4	0.0282485875706	0.000321006676939	26.0	0.0395480225989	0.00819122427337
1599	Peter Haddawy	4	0.0225988700565	0.000256805341551	24.0	0.0338983050847	0.00790553724013
43674	Michael P. Wellman	4	0.0338983050847	0.000834617360041	64.0	0.045197740113	0.011251786291
1021769	Sampath Srinivas	4	0.0101694915254	0.0	10.0	0.0169491525424	0.00463338352832
35214	Philippe Smets	4	0.0169491525424	0.000128402670776	14.0	0.0282485875706	0.00728278552556
731153	Denise Draper	3	0.015065913371	0.0	12.0	0.0225988700565	0.00504608760008
16950	Didier Dubois	3	0.0225988700565	6.42013353878e-05	8.0	0.0338983050847	0.00655803503749
101959	Nevin Lianwen Zhang	3	0.0112994350282	0.0	4.0	0.0225988700565	0.00561797752809
205916	Gregory M. Provan	3	0.0398683674064	0.000192604006163	388.0	0.0395480225989	0.00719187367407
66065	Eric Horvitz	3	0.0169491525424	0.000192604006163	18.0	0.0282485875706	0.00857175952739
513644	Steve Hanks	3	0.0225988700565	0.000256805341551	24.0	0.0338983050847	0.00790553724013
184993	Adnan Darwiche	3	0.00564971751412	0.0	2.0	0.0169491525424	0.00561797752809
103140	Christopher Meek	3	0.0112994350282	0.0	4.0	0.0225988700565	0.00561797752809
# Periodo: 1996-1997
296658	Nir Friedman	6	0.0501567398119	0.00480519480519	584.0	0.0454545454545	0.0103163274012
101836	David Heckerman	6	0.0236742424242	0.000324675324675	30.0	0.0340909090909	0.00804429911843
157352	Rina Dechter	5	0.0170454545455	0.000194805194805	18.0	0.0284090909091	0.00862018754732
101959	Nevin Lianwen Zhang	4	0.0309343434343	0.000974025974026	90.0	0.0397727272727	0.010131056068
102994	Daphne Koller	4	0.0469208211144	0.00409090909091	482.0	0.0511363636364	0.011588367407
38500	Joseph Y. Halpern	4	0.040404040404	0.00331168831169	472.0	0.0284090909091	0.00653717991121
153228	Craig Boutilier	4	0.0415584415584	0.000974025974026	168.0	0.0340909090909	0.00737576261165
103140	Christopher Meek	4	0.0202922077922	6.49350649351e-05	14.0	0.0284090909091	0.00640713372221
66065	Eric Horvitz	3	0.0170454545455	0.000194805194805	18.0	0.0284090909091	0.00862018754732
66069	David Maxwell Chickering	3	0.0157828282828	0.0	18.0	0.0227272727273	0.00499047124635
35377	Solomon Eyal Shimony	3	0.0227272727273	0.000227272727273	20.0	0.0340909090909	0.00803293570918
16950	Didier Dubois	3	0.0170454545455	3.24675324675e-05	6.0	0.0284090909091	0.00635077735164
1599	Peter Haddawy	3	0.0113636363636	6.49350649351e-05	8.0	0.0227272727273	0.00705183718916
205916	Gregory M. Provan	3	0.0348011363636	0.00038961038961	42.0	0.0454545454545	0.00738132525867
43674	Michael P. Wellman	3	0.0113636363636	6.49350649351e-05	8.0	0.0227272727273	0.00705183718916
34681	Yang Xiang	3	0.0227272727273	0.000324675324675	28.0	0.0340909090909	0.00900264671451
206668	Moisés Goldszmidt	3	0.040404040404	0.0	72.0	0.0284090909091	0.00582260050801
# Periodo: 1997-1998
101836	David Heckerman	8	0.0568271507498	0.00288520564764	240.0	0.0662983425414	0.0126528062922
101959	Nevin Lianwen Zhang	6	0.0353591160221	0.00135052179251	124.0	0.0441988950276	0.0114916610609
66065	Eric Horvitz	4	0.0441988950276	0.00128913443831	144.0	0.0441988950276	0.0085486643243
102994	Daphne Koller	4	0.0276243093923	0.000552486187845	46.0	0.0386740331492	0.010390029258
38500	Joseph Y. Halpern	4	0.0225598526703	0.00073664825046	106.0	0.0220994475138	0.00461797770923
153228	Craig Boutilier	4	0.0406830738322	0.0012277470841	114.0	0.0497237569061	0.00951620136748
296658	Nir Friedman	4	0.0165745856354	0.00012277470841	14.0	0.0276243093923	0.00712272430522
103140	Christopher Meek	4	0.0345904395868	0.0	46.0	0.0276243093923	0.00497073840698
278056	Michael J. Kearns	3	0.0165745856354	0.00012277470841	14.0	0.0276243093923	0.00712272430522
16950	Didier Dubois	3	0.0165745856354	3.06936771025e-05	6.0	0.0276243093923	0.00617630544638
43674	Michael P. Wellman	3	0.0110497237569	6.1387354205e-05	8.0	0.0220994475138	0.00685810539825
354715	Adam J. Grove	3	0.0193370165746	0.00061387354205	96.0	0.0276243093923	0.00629960117323
32705	Henri Prade	3	0.0165745856354	3.06936771025e-05	6.0	0.0276243093923	0.00617630544638
1554	Chao-Lin Liu	2	0.0073664825046	0.0	6.0	0.0165745856354	0.00481270554263
66069	David Maxwell Chickering	2	0.0345904395868	0.0	46.0	0.0276243093923	0.00497073840698
358449	Bo Thiesson	2	0.0345904395868	0.0	46.0	0.0276243093923	0.00497073840698
1599	Peter Haddawy	2	0.00552486187845	0.0	2.0	0.0165745856354	0.00549450549451
604759	Jonathan J. Oliver	2	0.0276243093923	0.00024554941682	26.0	0.0386740331492	0.00703679388759
# Periodo: 1999-2000
102994	Daphne Koller	7	0.0552359033372	0.00786669527283	1960.0	0.0464135021097	0.00974568559464
296658	Nir Friedman	7	0.0692196763339	0.0166273331903	4080.0	0.0506329113924	0.0100304154293
102463	Finn Verner Jensen	5	0.0266775554648	0.0012515197025	322.0	0.0295358649789	0.0062553853929
118909	Dan Geiger	5	0.0552359033372	0.00740184509762	2022.0	0.0337552742616	0.00591060971986
153228	Craig Boutilier	5	0.0530908197124	0.0102624615605	2854.0	0.0464135021097	0.00919178851962
89810	Leslie Pack Kaelbling	5	0.0210970464135	0.000154950058404	26.0	0.0295358649789	0.00571901780058
55448	Marek J. Druzdzel	4	0.0210970464135	0.00032181935207	46.0	0.0295358649789	0.00794531649138
55449	Linda C. van der Gaag	4	0.0330801687764	0.00191303725953	400.0	0.0379746835443	0.00634610542641
375217	Satinder P. Singh	4	0.0126582278481	7.15154115712e-05	14.0	0.0210970464135	0.00544678917458
101836	David Heckerman	4	0.0430579089006	0.00164485446614	254.0	0.0295358649789	0.00473971516631
358919	Kee-Eung Kim	3	0.0175808720113	1.19192352619e-05	12.0	0.0253164556962	0.00465434010852
66065	Eric Horvitz	3	0.0262901655307	0.000715154115712	130.0	0.0337552742616	0.00714544922765
66069	David Maxwell Chickering	3	0.034609838167	0.0	316.0	0.0253164556962	0.00402199831879
16950	Didier Dubois	3	0.0253164556962	0.000119192352619	12.0	0.0337552742616	0.00566965571337
176256	Sanjoy Dasgupta	3	0.0042194092827	0.0	2.0	0.0126582278481	0.00420168067227
32705	Henri Prade	3	0.0253164556962	0.000119192352619	12.0	0.0337552742616	0.00566965571337
5771	Kevin P. Murphy	3	0.022972339428	0.000429092469427	80.0	0.0295358649789	0.00591020197648
43674	Michael P. Wellman	3	0.0170886075949	0.000286061646285	94.0	0.0168776371308	0.00389824045526
47279	Yishay Mansour	3	0.00949367088608	0.0	8.0	0.0168776371308	0.00412544953947
103140	Christopher Meek	3	0.0433996383363	0.00180576414217	246.0	0.0337552742616	0.00550996994685
173827	David M. Pennock	3	0.0244122965642	0.000500607880998	114.0	0.0253164556962	0.00518398667467
228621	Nicolas Meuleau	3	0.0175808720113	1.19192352619e-05	12.0	0.0253164556962	0.00465434010852
102168	Silja Renooij	3	0.0258438818565	0.000160909676035	64.0	0.0337552742616	0.00554683707176
# Periodo: 2000-2001
296658	Nir Friedman	6	0.0503105590062	0.0134042149231	3836.0	0.0478260869565	0.0102569046069
102994	Daphne Koller	5	0.0417391304348	0.00727169166508	2278.0	0.0347826086957	0.00785417573263
153228	Craig Boutilier	5	0.0185507246377	0.000455667362825	106.0	0.0260869565217	0.00569005502022
66069	David Maxwell Chickering	4	0.0547066272689	0.0117524207329	3554.0	0.0521739130435	0.00779337451762
55448	Marek J. Druzdzel	4	0.0173913043478	0.000189861401177	28.0	0.0260869565217	0.00689813189813
55449	Linda C. van der Gaag	4	0.0350724637681	0.00151889120942	246.0	0.0391304347826	0.00733455702425
184993	Adnan Darwiche	4	0.00869565217391	3.79722802354e-05	8.0	0.0173913043478	0.00540335576832
102069	Judea Pearl	4	0.00978260869565	7.59445604709e-05	18.0	0.0173913043478	0.00504350018913
66065	Eric Horvitz	3	0.0485757121439	0.00953104233909	2904.0	0.0478260869565	0.0074666372542
38500	Joseph Y. Halpern	3	0.00978260869565	7.59445604709e-05	18.0	0.0173913043478	0.00504350018913
153225	Pascal Poupart	3	0.016368286445	0.0	34.0	0.0173913043478	0.00357596113442
358542	Nando de Freitas	3	0.0223602484472	0.000151889120942	12.0	0.0304347826087	0.00591871576035
241359	Jin Tian	3	0.00652173913043	0.0	12.0	0.0130434782609	0.00361450846888
103140	Christopher Meek	3	0.056347826087	0.0123220049364	3808.0	0.0391304347826	0.00634780183988
278056	Michael J. Kearns	3	0.0130434782609	1.89861401177e-05	6.0	0.0217391304348	0.00486618004866
173827	David M. Pennock	3	0.040248447205	0.00372128346307	1032.0	0.0347826086957	0.00603191112504
53680	Steve Lawrence	3	0.0399629972248	0.0018226694513	278.0	0.0347826086957	0.00581496733924
375217	Satinder P. Singh	3	0.0130434782609	1.89861401177e-05	6.0	0.0217391304348	0.00486618004866
182297	Tommi Jaakkola	2	0.00869565217391	3.79722802354e-05	8.0	0.0173913043478	0.00540335576832
53681	C. Lee Giles	2	0.0394040741867	0.000607556483767	286.0	0.0260869565217	0.00427173695276
215083	Prakash P. Shenoy	2	0.00434782608696	0.0	2.0	0.0130434782609	0.004329004329
16950	Didier Dubois	2	0.0130434782609	0.0	6.0	0.0217391304348	0.004329004329
53306	Thomas Lukasiewicz	2	0.0	0.0	0.0	0.00869565217391	0.004329004329
# Periodo: 2002-2003
102994	Daphne Koller	6	0.0585424133811	0.00422887496454	872.0	0.0645161290323	0.0109209010741
103140	Christopher Meek	6	0.034155597723	0.0018694721642	536.0	0.0286738351254	0.00561441342769
182297	Tommi Jaakkola	4	0.0143369175627	0.000128929114773	28.0	0.0215053763441	0.00569095881596
118909	Dan Geiger	4	0.0263929618768	0.00121193367886	432.0	0.0250896057348	0.00545574714533
157352	Rina Dechter	4	0.0143369175627	9.02503803409e-05	20.0	0.0215053763441	0.00507796293045
128387	Sebastian Thrun	4	0.0439068100358	0.00176632887239	490.0	0.0322580645161	0.00561507171592
101836	David Heckerman	4	0.0322580645161	0.00135375570511	384.0	0.0286738351254	0.00568212559177
66069	David Maxwell Chickering	3	0.0247083047358	0.0	94.0	0.0143369175627	0.00266154002939
215083	Prakash P. Shenoy	3	0.010752688172	5.15716459091e-05	14.0	0.0179211469534	0.00462977079839
53306	Thomas Lukasiewicz	3	0.00716845878136	2.57858229545e-05	8.0	0.0143369175627	0.00445776850886
38500	Joseph Y. Halpern	3	0.00716845878136	2.57858229545e-05	8.0	0.0143369175627	0.00445776850886
140389	Michael I. Jordan	3	0.0207373271889	0.000386787344318	108.0	0.0215053763441	0.00497768353862
184993	Adnan Darwiche	3	0.010752688172	7.73574688636e-05	18.0	0.0179211469534	0.00544918998527
89765	Stuart J. Russell	3	0.0263929618768	0.000670431396818	146.0	0.0322580645161	0.00678950369675
102069	Judea Pearl	3	0.010752688172	7.73574688636e-05	18.0	0.0179211469534	0.00544918998527
103137	Geoffrey J. Gordon	3	0.0303970223325	0.000528609370568	246.0	0.0215053763441	0.00425245433585
19717	Tom Heskes	3	0.0143369175627	0.000128929114773	28.0	0.0215053763441	0.00569095881596
134433	Christian R. Shelton	3	0.0343618513324	0.0	92.0	0.0143369175627	0.00249636766218
358406	Omid Madani	2	0.00716845878136	0.0	4.0	0.0143369175627	0.00357142857143
66065	Eric Horvitz	2	0.0263929618768	0.00116036203295	424.0	0.0286738351254	0.00518896523955
358949	Ronen I. Brafman	2	0.0232258064516	0.000438358990227	232.0	0.0179211469534	0.00385456496161
401958	Sylvie Thiébaux	2	0.0143369175627	0.000103143291818	24.0	0.0215053763441	0.00502566295979
329794	Phan Hong Giang	2	0.00645161290323	0.0	10.0	0.010752688172	0.00264267927021
359007	Tomás Kocka	2	0.010752688172	5.15716459091e-05	14.0	0.0179211469534	0.00462977079839
39008	Riccardo Pucella	2	0.00477897252091	0.0	6.0	0.010752688172	0.00312825860271
254055	Andrew McCallum	2	0.00716845878136	0.0	4.0	0.0143369175627	0.00357142857143
18549	Marco Zaffalon	2	0.00716845878136	2.57858229545e-05	8.0	0.0143369175627	0.00445776850886
153228	Craig Boutilier	2	0.0229390681004	0.000412573167273	100.0	0.0286738351254	0.0050614192434
# Periodo: 2003-2004
157352	Rina Dechter	6	0.0167785234899	0.000203376042302	46.0	0.0234899328859	0.00632436563528
55449	Linda C. van der Gaag	4	0.0167785234899	0.000180778704269	42.0	0.0234899328859	0.00570211486272
184993	Adnan Darwiche	4	0.010067114094	6.77920141007e-05	18.0	0.0167785234899	0.00510292038755
52969	Padhraic Smyth	4	0.0302013422819	0.000677920141007	138.0	0.0369127516779	0.00775831030843
66069	David Maxwell Chickering	3	0.0126484254001	0.0	26.0	0.0167785234899	0.00320828380731
800297	Zhengzhu Feng	3	0.0172579098754	0.000180778704269	50.0	0.0234899328859	0.00488975318987
102994	Daphne Koller	3	0.0377516778523	0.00153661898628	396.0	0.0402684563758	0.00678429968651
153228	Craig Boutilier	3	0.0247101891397	0.000542336112806	138.0	0.0302013422819	0.00566379574104
55448	Marek J. Druzdzel	3	0.0165203923593	0.000271168056403	94.0	0.0167785234899	0.00325638627886
296658	Nir Friedman	3	0.0279642058166	0.000587530788873	206.0	0.0268456375839	0.00463389867399
103140	Christopher Meek	3	0.0126484254001	0.0	26.0	0.0167785234899	0.00320828380731
215083	Prakash P. Shenoy	3	0.0139821029083	0.000180778704269	50.0	0.0201342281879	0.0052077853746
128387	Sebastian Thrun	3	0.0302013422819	0.000824802838226	254.0	0.0302013422819	0.00522461924091
101836	David Heckerman	3	0.0182699478001	0.000271168056403	78.0	0.0234899328859	0.00466821657427
98266	Brendan J. Frey	3	0.010067114094	4.51946760672e-05	14.0	0.0167785234899	0.00433557131622
189952	Carlos Guestrin	2	0.0107382550336	6.77920141007e-05	24.0	0.0167785234899	0.0042847523404
358406	Omid Madani	2	0.00671140939597	0.0	4.0	0.0134228187919	0.00334448160535
358431	Thomas S. Richardson	2	0.00335570469799	0.0	2.0	0.010067114094	0.00334448160535
358747	Hei Chan	2	0.00604026845638	0.0	10.0	0.010067114094	0.00275833534462
401958	Sylvie Thiébaux	2	0.00671140939597	0.0	4.0	0.0134228187919	0.00334448160535
53306	Thomas Lukasiewicz	2	0.00671140939597	2.25973380336e-05	8.0	0.0134228187919	0.00417449893807
102837	Milos Hauskrecht	2	0.0107382550336	6.77920141007e-05	24.0	0.0167785234899	0.0042847523404
329794	Phan Hong Giang	2	0.0104865771812	9.03893521343e-05	38.0	0.0134228187919	0.0034653711935
140389	Michael I. Jordan	2	0.0089485458613	0.0	12.0	0.0134228187919	0.00300402539403
38500	Joseph Y. Halpern	2	0.00671140939597	2.25973380336e-05	8.0	0.0134228187919	0.00417449893807
517733	Bozhena Bidyuk	2	0.00932140193885	0.0	18.0	0.010067114094	0.00243065050284
254054	Fuchun Peng	2	0.0205536912752	0.000271168056403	70.0	0.0268456375839	0.00511338525164
254055	Andrew McCallum	2	0.0137024608501	0.0	24.0	0.0167785234899	0.00309678153204
52841	Rong Jin	2	0.00671140939597	0.0	4.0	0.0134228187919	0.00334448160535
# Periodo: 2005-2006
102994	Daphne Koller	6	0.03367003367	0.000887250887251	176.0	0.040404040404	0.00875658228965
55449	Linda C. van der Gaag	4	0.013468013468	0.0001365001365	32.0	0.020202020202	0.00608305034894
184993	Adnan Darwiche	4	0.013468013468	9.10000910001e-05	24.0	0.020202020202	0.00472209942531
157352	Rina Dechter	4	0.016835016835	9.10000910001e-05	26.0	0.023569023569	0.00429763921994
103142	Peter Spirtes	4	0.020202020202	0.00020475020475	44.0	0.026936026936	0.00539703050719
128930	Zoubin Ghahramani	4	0.0227272727273	0.000568750568751	148.0	0.026936026936	0.00618908152451
125064	Jeff A. Bilmes	3	0.016835016835	0.00015925015925	38.0	0.023569023569	0.00533464549589
153228	Craig Boutilier	3	0.00673400673401	2.275002275e-05	8.0	0.013468013468	0.00418850732376
358542	Nando de Freitas	3	0.020202020202	0.00025025025025	56.0	0.026936026936	0.00580780952446
241359	Jin Tian	3	0.003367003367	0.0	2.0	0.010101010101	0.00335570469799
1021780	Zhihong Cai	3	0.00673400673401	0.0	4.0	0.013468013468	0.00335570469799
358748	Manabu Kuroki	3	0.00673400673401	0.0	4.0	0.013468013468	0.00335570469799
206241	Max Welling	3	0.020202020202	0.00025025025025	56.0	0.026936026936	0.00580780952446
358324	Jiji Zhang	3	0.0151515151515	2.275002275e-05	16.0	0.020202020202	0.00388179512526
275483	Itai Ashlagi	2	0.00673400673401	0.0	4.0	0.013468013468	0.00335570469799
275484	Dov Monderer	2	0.00673400673401	0.0	4.0	0.013468013468	0.00335570469799
358747	Hei Chan	2	0.00897867564534	0.0	12.0	0.013468013468	0.00301410601616
215083	Prakash P. Shenoy	2	0.003367003367	0.0	2.0	0.010101010101	0.00335570469799
38959	Prakash Panangaden	2	0.010101010101	0.0	6.0	0.016835016835	0.00335570469799
54708	Kathryn B. Laskey	2	0.010101010101	4.55000455e-05	14.0	0.016835016835	0.00435012021326
102069	Judea Pearl	2	0.00673400673401	2.275002275e-05	8.0	0.013468013468	0.00418850732376
140389	Michael I. Jordan	2	0.010101010101	4.55000455e-05	14.0	0.016835016835	0.00435012021326
517733	Bozhena Bidyuk	2	0.0140291806958	0.0	12.0	0.020202020202	0.00347558727351
254055	Andrew McCallum	2	0.010101010101	4.55000455e-05	14.0	0.016835016835	0.00435012021326
358544	Thomas L. Griffiths	2	0.020979020979	0.0004095004095	122.0	0.023569023569	0.00476549771639
613013	Norm Ferns	2	0.010101010101	0.0	6.0	0.016835016835	0.00335570469799
358550	Changsung Kang	2	0.003367003367	0.0	2.0	0.010101010101	0.00335570469799
184992	Arthur Choi	2	0.00897867564534	0.0	12.0	0.013468013468	0.00301410601616
89765	Stuart J. Russell	2	0.010101010101	4.55000455e-05	14.0	0.016835016835	0.00435012021326
# Periodo: 2006-2007
157352	Rina Dechter	4	0.016	0.000160642570281	28.0	0.024	0.00634847995406
128930	Zoubin Ghahramani	4	0.027	0.000803212851406	148.0	0.032	0.00734799002366
102994	Daphne Koller	3	0.0294545454545	0.000771084337349	134.0	0.036	0.00741764001761
125064	Jeff A. Bilmes	3	0.028	0.000481927710843	74.0	0.036	0.00711479816123
184993	Adnan Darwiche	3	0.012	6.42570281124e-05	14.0	0.02	0.00516468455598
102069	Judea Pearl	3	0.008	3.21285140562e-05	8.0	0.016	0.00497280949196
241359	Jin Tian	3	0.004	0.0	2.0	0.012	0.00398406374502
296658	Nir Friedman	3	0.0249230769231	0.000449799196787	98.0	0.028	0.00561514392792
508924	Vanessa Didelez	3	0.012	6.42570281124e-05	14.0	0.02	0.00516468455598
17986	Alexander G. Gray	2	0.012	6.42570281124e-05	14.0	0.02	0.00516468455598
517733	Bozhena Bidyuk	2	0.0106666666667	0.0	12.0	0.016	0.0038696565091
254055	Andrew McCallum	2	0.012	6.42570281124e-05	14.0	0.02	0.00516468455598
153228	Craig Boutilier	2	0.008	3.21285140562e-05	8.0	0.016	0.00497280949196
358550	Changsung Kang	2	0.004	0.0	2.0	0.012	0.00398406374502
89752	Shlomo Zilberstein	2	0.012	6.42570281124e-05	14.0	0.02	0.00516468455598
184992	Arthur Choi	2	0.009	0.0	8.0	0.016	0.00391178083823
89765	Stuart J. Russell	2	0.016	0.00025702811245	62.0	0.02	0.00431818749856
84647	Guy Lebanon	2	0.012	0.0	6.0	0.02	0.00398406374502
121373	Eytan Domany	2	0.012	1.60642570281e-05	6.0	0.02	0.00447843661849
139983	José M. Peña	2	0.012	0.0	6.0	0.02	0.00398406374502
103142	Peter Spirtes	2	0.016	0.000128514056225	24.0	0.024	0.00560631724599
358528	Amir Globerson	2	0.008	3.21285140562e-05	8.0	0.016	0.00497280949196
173827	David M. Pennock	2	0.02	0.000128514056225	26.0	0.028	0.00510237644439
296916	Or Zuk	2	0.012	1.60642570281e-05	6.0	0.02	0.00447843661849
182086	Tomi Silander	2	0.008	0.0	4.0	0.016	0.00398406374502
# Periodo: 2008-2009
102994	Daphne Koller	4	0.0254777070064	0.000406992124702	92.0	0.031847133758	0.00621995795564
65417	Michael L. Littman	4	0.0354472445306	0.00128202519281	306.0	0.0414012738854	0.00658259474118
358997	Kuzman Ganchev	3	0.0191082802548	0.000183146456116	48.0	0.0254777070064	0.00476450263684
358528	Amir Globerson	3	0.0269763956538	0.000732585824464	238.0	0.0286624203822	0.00476184498526
296658	Nir Friedman	3	0.0229299363057	0.000549439368348	196.0	0.0254777070064	0.00442485881436
369401	Avi Pfeffer	3	0.0163785259327	0.000223845668586	64.0	0.0222929936306	0.00540784718989
16762	Aapo Hyvärinen	3	0.0257961783439	0.000223845668586	54.0	0.031847133758	0.00467561049128
17811	Patrik O. Hoyer	3	0.0234510712218	0.000162796849881	58.0	0.0286624203822	0.00414390322348
206241	Max Welling	3	0.0127388535032	2.03496062351e-05	8.0	0.0191082802548	0.00370581027515
153076	Yair Weiss	3	0.0218380345769	0.000406992124702	158.0	0.0254777070064	0.00442718417195
358404	John C. Duchi	2	0.0169851380042	2.03496062351e-05	24.0	0.0191082802548	0.00356327255475
121167	Csaba Szepesvári	2	0.0214968152866	0.000366292912232	114.0	0.0254777070064	0.00457464435228
358867	Talya Meltzer	2	0.0199390750485	0.0	46.0	0.0191082802548	0.00310147572618
249909	Lihong Li	2	0.0301958008964	0.000244195274821	54.0	0.0286624203822	0.00422856931354
23907	Russell Greiner	2	0.0214968152866	0.000366292912232	114.0	0.0254777070064	0.00457464435228
95828	Ben Taskar	2	0.0127388535032	0.0	18.0	0.015923566879	0.0029096199309
358998	João Graça	2	0.0127388535032	0.0	18.0	0.015923566879	0.0029096199309
140387	David M. Blei	2	0.00955414012739	4.06992124702e-05	14.0	0.015923566879	0.00411535182079
140389	Michael I. Jordan	2	0.00955414012739	4.06992124702e-05	14.0	0.015923566879	0.00411535182079
254055	Andrew McCallum	2	0.00955414012739	4.06992124702e-05	14.0	0.015923566879	0.00411535182079
60013	Miroslav Dudík	2	0.00636942675159	0.0	4.0	0.0127388535032	0.0031746031746
358524	David Wingate	2	0.0326114649682	0.00111922834293	384.0	0.0286624203822	0.00417006999568
470843	Joseph Ramsey	2	0.0214968152866	0.0	24.0	0.0254777070064	0.00346650481945
358526	Noah D. Goodman	2	0.0239790183589	0.000162796849881	68.0	0.0222929936306	0.00327070675092
358529	Yee Whye Teh	2	0.0127388535032	2.03496062351e-05	8.0	0.0191082802548	0.00370581027515
5771	Kevin P. Murphy	2	0.00636942675159	0.0	4.0	0.0127388535032	0.0031746031746
153228	Craig Boutilier	2	0.00636942675159	2.03496062351e-05	8.0	0.0127388535032	0.00396246089677
127009	Mehryar Mohri	2	0.00955414012739	1.01748031176e-05	6.0	0.015923566879	0.00356853203569
157352	Rina Dechter	2	0.00636942675159	2.03496062351e-05	8.0	0.0127388535032	0.00396246089677
358599	Mark W. Schmidt	2	0.00636942675159	0.0	4.0	0.0127388535032	0.0031746031746
359112	Afshin Rostamizadeh	2	0.00955414012739	1.01748031176e-05	6.0	0.015923566879	0.00356853203569
# Periodo: 2009-2010
16762	Aapo Hyvärinen	4	0.0190981432361	0.000507929341385	248.0	0.0185676392573	0.00364275195324
37468	Kun Zhang	4	0.0224684038071	0.000493820193013	240.0	0.0238726790451	0.00322192851581
102069	Judea Pearl	4	0.00707338638373	4.23274451154e-05	28.0	0.0106100795756	0.00275501730291
20498	Bernhard Schölkopf	3	0.0181887078439	4.23274451154e-05	42.0	0.0238726790451	0.00307766755413
205151	Dominik Janzing	3	0.0181887078439	4.23274451154e-05	42.0	0.0238726790451	0.00307766755413
359112	Afshin Rostamizadeh	3	0.0106100795756	4.93820193013e-05	20.0	0.0159151193634	0.00376145402255
103137	Geoffrey J. Gordon	3	0.0079575596817	2.82182967436e-05	14.0	0.0132625994695	0.00342945985066
206241	Max Welling	3	0.0144414972001	0.000141091483718	66.0	0.0185676392573	0.00375495130104
4006	Ping Li	3	0.0053050397878	0.0	4.0	0.0106100795756	0.0026455026455
505875	Jon Conrad	2	0.0346595932803	0.000331564986737	-6.0	0.0397877984085	0.00384781737923
127009	Mehryar Mohri	2	0.00848806366048	7.0545741859e-06	10.0	0.0132625994695	0.00299551341946
254055	Andrew McCallum	2	0.0106100795756	5.64365934872e-05	24.0	0.0159151193634	0.00372271330355
53360	Lise Getoor	2	0.0106100795756	5.64365934872e-05	24.0	0.0159151193634	0.00372271330355
358524	David Wingate	2	0.0204039991838	0.000296292115808	128.0	0.0238726790451	0.003973175363
358528	Amir Globerson	2	0.015432843019	0.000169309780462	82.0	0.0185676392573	0.00359594311233
358529	Yee Whye Teh	2	0.0144414972001	0.000141091483718	66.0	0.0185676392573	0.00375495130104
358542	Nando de Freitas	2	0.0106100795756	4.23274451154e-05	20.0	0.0159151193634	0.0034239197115
235692	Ross D. Shachter	2	0.0026525198939	0.0	2.0	0.0079575596817	0.0026455026455
358599	Mark W. Schmidt	2	0.0053050397878	0.0	4.0	0.0106100795756	0.0026455026455
241359	Jin Tian	2	0.0053050397878	0.0	4.0	0.0106100795756	0.0026455026455
358654	Joseph Gonzalez	2	0.0159151193634	1.41091483718e-05	12.0	0.0212201591512	0.00297288961603
358655	Yucheng Low	2	0.0159151193634	1.41091483718e-05	12.0	0.0212201591512	0.00297288961603
358686	Branislav Kveton	2	0.0159151193634	0.000126982335346	48.0	0.0212201591512	0.00397041886404
358464	Joris M. Mooij	2	0.0181887078439	4.23274451154e-05	42.0	0.0238726790451	0.00307766755413
190856	Mathias Niepert	2	0.0	0.0	0.0	0.0053050397878	0.0026455026455
22957	Yuan (Alan) Qi	2	0.0079575596817	7.0545741859e-06	6.0	0.0132625994695	0.0029737766964
514509	Kenichi Kurihara	2	0.0106100795756	0.0	8.0	0.0159151193634	0.0026455026455
514510	Shu Tanaka	2	0.0106100795756	0.0	8.0	0.0159151193634	0.0026455026455
514511	Seiji Miyashita	2	0.0106100795756	0.0	8.0	0.0159151193634	0.0026455026455
512490	Debarun Bhattacharjya	2	0.0026525198939	0.0	2.0	0.0079575596817	0.0026455026455
66068	Bart Selman	2	0.0226040825741	4.93820193013e-05	42.0	0.0185676392573	0.00225687787722
14900	Yu Zhang	2	0.0053050397878	0.0	4.0	0.0106100795756	0.0026455026455
60013	Miroslav Dudík	2	0.00596816976127	0.0	8.0	0.0106100795756	0.00259750526559
88790	Changhe Yuan	2	0.0132625994695	8.46548902308e-05	34.0	0.0185676392573	0.00380624641535
53995	Dit-Yan Yeung	2	0.0053050397878	0.0	4.0	0.0106100795756	0.0026455026455
369401	Avi Pfeffer	2	0.0079575596817	2.82182967436e-05	14.0	0.0132625994695	0.00342945985066
121724	Hilbert J. Kappen	2	0.0106100795756	5.64365934872e-05	24.0	0.0159151193634	0.00372271330355
# Periodo: 2011-2012
205151	Dominik Janzing	4	0.0296610169492	0.000204351484553	8.0	0.0381355932203	0.00593310751058
375312	Pedro Domingos	3	0.00847457627119	3.60620266859e-05	8.0	0.0169491525424	0.0052665619514
20498	Bernhard Schölkopf	3	0.0259533898305	6.01033778098e-05	16.0	0.0338983050847	0.00516776596845
54982	Alexander T. Ihler	3	0.0169491525424	0.000108186080058	20.0	0.0254237288136	0.00546093524001
207787	Jonas Peters	3	0.0259533898305	6.01033778098e-05	16.0	0.0338983050847	0.00516776596845
358431	Thomas S. Richardson	2	0.021186440678	0.000216372160115	34.0	0.0296610169492	0.0060707222454
37468	Kun Zhang	2	0.0207627118644	3.60620266859e-05	20.0	0.0254237288136	0.00395623432005
515009	Nikos Karampatziakis	2	0.0254237288136	0.0	12.0	0.0338983050847	0.0042194092827
358542	Nando de Freitas	2	0.0127118644068	7.21240533718e-05	14.0	0.021186440678	0.00546977140811
205465	Charless Fowlkes	2	0.0135593220339	0.0	10.0	0.021186440678	0.00430695277479
208036	Richard S. Zemel	2	0.0217917675545	0.000288496213487	50.0	0.0296610169492	0.00587991688847
359112	Afshin Rostamizadeh	2	0.0169491525424	0.000144248106744	24.0	0.0254237288136	0.0059374921044
89845	Eric A. Hansen	2	0.0127118644068	0.0	6.0	0.021186440678	0.0042194092827
511256	Julian Yarkony	2	0.0135593220339	0.0	10.0	0.021186440678	0.00430695277479
137351	Eric P. Xing	2	0.021186440678	0.000144248106744	26.0	0.0296610169492	0.00540378265479
358715	Inmar E. Givoni	2	0.0190677966102	7.21240533718e-05	16.0	0.0254237288136	0.00486746777793
130016	Aram Galstyan	2	0.00847457627119	0.0	4.0	0.0169491525424	0.0042194092827
157015	John Langford	2	0.0254237288136	0.0	12.0	0.0338983050847	0.0042194092827
121712	Joelle Pineau	2	0.0169491525424	0.000144248106744	24.0	0.0254237288136	0.0059374921044
358299	Hugo Larochelle	2	0.0127118644068	7.21240533718e-05	14.0	0.021186440678	0.00546977140811
128930	Zoubin Ghahramani	2	0.00847457627119	3.60620266859e-05	8.0	0.0169491525424	0.0052665619514
98266	Brendan J. Frey	2	0.0190677966102	7.21240533718e-05	16.0	0.0254237288136	0.00486746777793
358875	Vibhav Gogate	2	0.00564971751412	0.0	6.0	0.0127118644068	0.00369583294835
