# Periodo: 1985-1988
101836	David Heckerman	7	0.0327540106952	0.00119825708061	82.0	0.0367647058824	0.0091585178783
235692	Ross D. Shachter	6	0.0400326797386	0.0016339869281	94.0	0.0514705882353	0.0114489737927
102069	Judea Pearl	6	0.0294117647059	0.000653594771242	32.0	0.0441176470588	0.0132317445546
571927	Ben P. Wise	4	0.0361990950226	0.00130718954248	102.0	0.0441176470588	0.00792181047554
102948	Tod S. Levitt	4	0.0220588235294	5.44662309368e-05	6.0	0.0367647058824	0.00820501891417
388668	Henry E. Kyburg Jr.	4	0.0	0.0	0.0	0.0147058823529	0.00729927007299
358844	Glenn Shafer	4	0.0220588235294	5.44662309368e-05	6.0	0.0367647058824	0.00820501891417
207843	Max Henrion	4	0.0261437908497	0.000762527233115	84.0	0.0294117647059	0.00640885032249
60427	Mary McLeish	3	0.0220588235294	0.0	6.0	0.0367647058824	0.00729927007299
66065	Eric Horvitz	3	0.0211937716263	0.0	34.0	0.0220588235294	0.00528882786676
215083	Prakash P. Shenoy	3	0.0220588235294	5.44662309368e-05	6.0	0.0367647058824	0.00820501891417
34740	John Yen	3	0.0	0.0	0.0	0.0147058823529	0.00729927007299
43654	Benjamin N. Grosof	3	0.0	0.0	0.0	0.0147058823529	0.00729927007299
# Periodo: 1989-1992
35214	Philippe Smets	7	0.0163078930202	0.000293242846969	50.0	0.0228310502283	0.00609680311216
101836	David Heckerman	7	0.0374636778746	0.00435675086926	988.0	0.0319634703196	0.00708004721103
66065	Eric Horvitz	6	0.0383349261973	0.00460810188094	1038.0	0.0365296803653	0.00844352837383
235692	Ross D. Shachter	6	0.0182648401826	0.000209459176407	28.0	0.027397260274	0.00724303849304
102069	Judea Pearl	5	0.0232169271336	0.000754053035063	318.0	0.0228310502283	0.00540773130785
571793	Jack S. Breese	5	0.0323216044409	0.00309999581082	818.0	0.0228310502283	0.00549571974055
14243	David Poole	5	0.0182648401826	0.000209459176407	28.0	0.027397260274	0.00724303849304
16950	Didier Dubois	4	0.0284510010537	0.000272296929328	26.0	0.0319634703196	0.00556477904048
118909	Dan Geiger	4	0.0294357469015	0.0020108080935	552.0	0.0228310502283	0.00505741914049
537791	Kuo-Chu Chang	4	0.00456621004566	0.0	2.0	0.013698630137	0.00454545454545
453920	Robert M. Fung	4	0.00456621004566	0.0	2.0	0.013698630137	0.00454545454545
101692	Gregory F. Cooper	4	0.0289193302892	0.00146621423485	406.0	0.027397260274	0.00656678831636
32705	Henri Prade	4	0.0284510010537	0.000272296929328	26.0	0.0319634703196	0.00556477904048
207843	Max Henrion	4	0.00913242009132	4.18918352813e-05	8.0	0.0182648401826	0.00567352355674
206822	Eugene Charniak	4	0.0214078159284	0.00146621423485	526.0	0.0228310502283	0.00621789327006
19470	Piero P. Bonissone	3	0.0182648401826	0.000125675505844	20.0	0.027397260274	0.00588291659522
1016871	Thomas Verma	3	0.0228944698123	0.0	144.0	0.0182648401826	0.00405441253529
215083	Prakash P. Shenoy	3	0.0	0.0	0.0	0.00913242009132	0.00454545454545
54708	Kathryn B. Laskey	3	0.0	0.0	0.0	0.00913242009132	0.00454545454545
388668	Henry E. Kyburg Jr.	3	0.00913242009132	4.18918352813e-05	8.0	0.0182648401826	0.00567352355674
205916	Gregory M. Provan	3	0.0104370515329	0.0	14.0	0.013698630137	0.00332719082719
205520	Paul E. Lehner	3	0.013698630137	8.37836705626e-05	14.0	0.0228310502283	0.00589243556159
# Periodo: 1993-1996
101836	David Heckerman	14	0.064445061557	0.0171828947139	-1276.0	0.028880866426	0.00635014904603
102069	Judea Pearl	11	0.0581795694612	0.0166335304069	1906.0	0.043321299639	0.00966255327604
235692	Ross D. Shachter	10	0.0634686212304	0.0213816076318	4934.0	0.0397111913357	0.00922691789803
118909	Dan Geiger	9	0.0622118168496	0.0146191946145	-2532.0	0.028880866426	0.00614238599792
16950	Didier Dubois	7	0.0194945848375	0.000222361743316	30.0	0.0252707581227	0.00469167986232
14243	David Poole	7	0.0108303249097	5.2320410192e-05	14.0	0.0180505415162	0.00466307850198
32705	Henri Prade	7	0.0194945848375	0.000222361743316	30.0	0.0252707581227	0.00469167986232
66065	Eric Horvitz	6	0.0160813915327	0.000444723486632	124.0	0.0216606498195	0.00604072469209
205916	Gregory M. Provan	6	0.0541671853604	0.00749925879419	-1092.0	0.0361010830325	0.00576115111171
43674	Michael P. Wellman	6	0.0300842358604	0.000994087793648	200.0	0.0361010830325	0.00906129696207
1021769	Sampath Srinivas	6	0.0117930204573	0.000156961230576	70.0	0.014440433213	0.00387445434354
35214	Philippe Smets	6	0.0172011042684	0.000366242871344	122.0	0.0216606498195	0.00451234644743
1599	Peter Haddawy	6	0.0180505415162	0.000209281640768	42.0	0.0252707581227	0.00613285015811
207843	Max Henrion	6	0.0571217591073	0.0131629431975	-64.0	0.0397111913357	0.00667155095566
34845	Jérôme Lang	5	0.0216606498195	0.00026160205096	48.0	0.028880866426	0.00629741316307
206668	Moisés Goldszmidt	5	0.0515032254246	0.00708069551265	-948.0	0.0216606498195	0.00392201092167
184993	Adnan Darwiche	5	0.0515032254246	0.00713301592284	-922.0	0.014440433213	0.00244244485638
296658	Nir Friedman	5	0.0465436555689	0.0017614538098	1194.0	0.0252707581227	0.00478653124897
156916	Fahiem Bacchus	5	0.0490890117329	0.00151729189557	1138.0	0.0216606498195	0.00409756791089
35118	S. K. Michael Wong	5	0.014440433213	9.1560717836e-05	20.0	0.0216606498195	0.00511449503786
101959	Nevin Lianwen Zhang	4	0.00812274368231	0.0	8.0	0.014440433213	0.00353185967768
38500	Joseph Y. Halpern	4	0.0492815176612	0.000810966357976	510.0	0.0216606498195	0.00386198013879
347242	Bruce D'Ambrosio	4	0.0072202166065	2.6160205096e-05	8.0	0.014440433213	0.00448983878591
66069	David Maxwell Chickering	4	0.0548767991424	0.0	458.0	0.014440433213	0.0028695616222
153228	Craig Boutilier	4	0.0463719077624	0.00151729189557	1198.0	0.0216606498195	0.00415028909614
55448	Marek J. Druzdzel	4	0.0458641861446	0.00300842358604	1868.0	0.0180505415162	0.00402280325976
157352	Rina Dechter	4	0.0462014228074	0.00151729189557	1202.0	0.014440433213	0.0033219196309
# Periodo: 1997-2000
101836	David Heckerman	12	0.071986538675	0.0337607056189	24860.0	0.0408163265306	0.00675458811478
296658	Nir Friedman	11	0.0942815821492	0.0775237413261	61690.0	0.0408163265306	0.00771668734606
102994	Daphne Koller	11	0.0794718645992	0.03186537773	24618.0	0.0408163265306	0.00841673875666
153228	Craig Boutilier	9	0.0803608116305	0.0534329019828	43730.0	0.0495626822157	0.00917189690755
102463	Finn Verner Jensen	7	0.020499271137	0.000835421888053	414.0	0.0233236151603	0.00516987379241
66065	Eric Horvitz	7	0.0615090458884	0.0184730533818	15892.0	0.0379008746356	0.00711805486764
103140	Christopher Meek	7	0.0694802375219	0.00319676742878	1026.0	0.0262390670554	0.00414560451545
101959	Nevin Lianwen Zhang	7	0.051389531901	0.00738240158219	7834.0	0.0233236151603	0.00493864289417
118909	Dan Geiger	6	0.0823882633001	0.0392307298859	32356.0	0.0233236151603	0.00395007917205
16950	Didier Dubois	6	0.0242954324587	0.000244375110111	24.0	0.0291545189504	0.00516020407741
43674	Michael P. Wellman	6	0.0454124940567	0.00373382435681	5178.0	0.0145772594752	0.00347962286692
89810	Leslie Pack Kaelbling	6	0.0690793899978	0.013969163271	2298.0	0.0291545189504	0.00494122613191
32705	Henri Prade	6	0.0242954324587	0.000244375110111	24.0	0.0291545189504	0.00516020407741
55448	Marek J. Druzdzel	5	0.0174927113703	0.000238691968015	68.0	0.0233236151603	0.00636254862285
47279	Yishay Mansour	5	0.0474521569337	0.00182428861269	1514.0	0.0145772594752	0.00308388685509
66069	David Maxwell Chickering	5	0.0594723225146	1.13662841912e-05	1208.0	0.0204081632653	0.00314694513815
54708	Kathryn B. Laskey	5	0.0116618075802	8.5247131434e-05	28.0	0.0174927113703	0.00463217578043
278056	Michael J. Kearns	5	0.0475149243371	0.00369972550424	3242.0	0.0174927113703	0.003895683309
38500	Joseph Y. Halpern	5	0.0557783894392	0.00903619593201	9950.0	0.0116618075802	0.002370141189
173827	David M. Pennock	5	0.0524398289034	0.00552401411692	6530.0	0.0174927113703	0.00333241443829
14243	David Poole	5	0.0655497861293	0.0055581129695	5234.0	0.0204081632653	0.00412899821087
55449	Linda C. van der Gaag	4	0.0234277384423	0.00103149029035	464.0	0.0262390670554	0.0044019883773
184993	Adnan Darwiche	4	0.00291545189504	0.0	2.0	0.00874635568513	0.00290697674419
375217	Satinder P. Singh	4	0.0416237344135	0.00187543689155	3670.0	0.0145772594752	0.00329286109818
228621	Nicolas Meuleau	4	0.0689467999978	0.0120937263794	1042.0	0.0262390670554	0.00427399988846
101692	Gregory F. Cooper	4	0.00583090379009	1.70494262868e-05	8.0	0.0116618075802	0.00362841622814
1599	Peter Haddawy	4	0.00583090379009	1.70494262868e-05	8.0	0.0116618075802	0.00362841622814
5771	Kevin P. Murphy	4	0.0777516943698	0.0212094863008	16428.0	0.0233236151603	0.00421033941009
34844	Salem Benferhat	3	0.018221574344	0.000159127978677	80.0	0.0204081632653	0.00368358288032
215083	Prakash P. Shenoy	3	0.00583090379009	1.70494262868e-05	8.0	0.0116618075802	0.00362841622814
176256	Sanjoy Dasgupta	3	0.00291545189504	0.0	2.0	0.00874635568513	0.00290697674419
235692	Ross D. Shachter	3	0.00291545189504	0.0	2.0	0.00874635568513	0.00290697674419
358617	Vu A. Ha	3	0.00388726919339	0.0	6.0	0.00874635568513	0.00254625700221
565526	Michael C. Horsch	3	0.054758053047	0.00187543689155	2842.0	0.0116618075802	0.00264818687803
# Periodo: 2001-2004
102994	Daphne Koller	8	0.0408168220668	0.00499948144488	4180.0	0.042735042735	0.00696716077875
103140	Christopher Meek	8	0.0339078043996	0.00193543073629	2006.0	0.0192307692308	0.00326134048052
157352	Rina Dechter	8	0.0128205128205	0.000114387159355	60.0	0.017094017094	0.00430220945136
55449	Linda C. van der Gaag	7	0.0149572649573	0.000137264591226	70.0	0.0192307692308	0.00404638935182
102069	Judea Pearl	7	0.00961538461538	0.000109811672981	76.0	0.0128205128205	0.00367593578035
66069	David Maxwell Chickering	6	0.0344729344729	0.00198271076215	-56.0	0.0235042735043	0.00356558485915
184993	Adnan Darwiche	6	0.00641025641026	2.74529182452e-05	18.0	0.0106837606838	0.0032532477524
128387	Sebastian Thrun	6	0.0370296942462	0.00345754253677	3826.0	0.025641025641	0.00431924413551
101836	David Heckerman	6	0.0397764628534	0.00513827119823	5392.0	0.0213675213675	0.00365889448069
38500	Joseph Y. Halpern	6	0.00854700854701	8.23587547356e-05	66.0	0.0106837606838	0.00299455210902
153228	Craig Boutilier	6	0.0328313661647	0.00396237120006	4168.0	0.0277777777778	0.00522286176307
296658	Nir Friedman	6	0.0329530306595	0.0025714233423	2542.0	0.025641025641	0.00454702016084
215083	Prakash P. Shenoy	5	0.00890313390313	7.32077819872e-05	50.0	0.0128205128205	0.00332010197963
140389	Michael I. Jordan	5	0.0182088442958	0.000411793773678	298.0	0.017094017094	0.00390841994928
182297	Tommi Jaakkola	4	0.00854700854701	4.5754863742e-05	28.0	0.0128205128205	0.00339758735281
53306	Thomas Lukasiewicz	4	0.0042735042735	9.1509727484e-06	8.0	0.00854700854701	0.00266135433365
329794	Phan Hong Giang	4	0.00667735042735	3.66038909936e-05	38.0	0.00854700854701	0.00220926648969
118909	Dan Geiger	4	0.0261819755491	0.00114387159355	1500.0	0.0149572649573	0.00309240273741
55448	Marek J. Druzdzel	4	0.0125691302162	0.000210472373213	168.0	0.0128205128205	0.00271257457409
358949	Ronen I. Brafman	4	0.0376068376068	0.0045754863742	4956.0	0.017094017094	0.00317747939486
359007	Tomás Kocka	4	0.0128205128205	0.000118962645729	64.0	0.017094017094	0.00427040076716
134433	Christian R. Shelton	4	0.028282522377	0.0	254.0	0.00854700854701	0.00145734956863
189952	Carlos Guestrin	4	0.0254743286658	0.0025897252878	3250.0	0.0149572649573	0.00332399581126
89765	Stuart J. Russell	4	0.0220422852002	0.00063141711964	400.0	0.0235042735043	0.00494665502558
52969	Padhraic Smyth	4	0.0192307692308	0.000274529182452	138.0	0.0235042735043	0.00494612959959
102168	Silja Renooij	4	0.00872507122507	0.0	24.0	0.00854700854701	0.00173021144524
98266	Brendan J. Frey	4	0.0106837606838	7.32077819872e-05	42.0	0.0149572649573	0.00363525020033
358406	Omid Madani	3	0.00569800569801	0.0	12.0	0.00854700854701	0.00191514625334
34844	Salem Benferhat	3	0.0116334283001	9.1509727484e-05	66.0	0.0149572649573	0.00315899553958
39008	Riccardo Pucella	3	0.00549450549451	0.0	28.0	0.00641025641026	0.00166290738692
254055	Andrew McCallum	3	0.0123626373626	0.000128113618478	104.0	0.0149572649573	0.00291920320065
305328	Gal Elidan	3	0.0242694617695	0.0	296.0	0.00854700854701	0.00154890005823
358747	Hei Chan	3	0.00384615384615	0.0	10.0	0.00641025641026	0.0017585122986
508262	Robert Mateescu	3	0.00769230769231	0.0	20.0	0.00854700854701	0.00189711625784
102837	Milos Hauskrecht	3	0.0204084110334	0.000722926847124	1208.0	0.0128205128205	0.00308147914797
571853	José Carlos Ferreira da Rocha	3	0.00641025641026	0.0	6.0	0.0106837606838	0.00213219616205
207195	John D. Lafferty	3	0.00683760683761	4.5754863742e-05	34.0	0.0106837606838	0.00311078588693
66065	Eric Horvitz	3	0.0281411709983	0.00127198521203	1360.0	0.0277777777778	0.00426973704158
401958	Sylvie Thiébaux	3	0.00854700854701	3.66038909936e-05	24.0	0.0128205128205	0.00300039579689
16950	Didier Dubois	3	0.0104700854701	5.49058364904e-05	50.0	0.0128205128205	0.00273567163781
643752	Uri Lerner	3	0.0299323361823	0.000727502333498	942.0	0.017094017094	0.00282001536051
103137	Geoffrey J. Gordon	3	0.0306998319819	0.00264005563791	3306.0	0.0128205128205	0.0023595803011
103141	Thomas Richardson	3	0.00641025641026	2.74529182452e-05	18.0	0.0106837606838	0.0032532477524
103142	Peter Spirtes	3	0.010989010989	5.94813228646e-05	36.0	0.0149572649573	0.00315915358696
205548	Fabio Gagliardi Cozman	3	0.00641025641026	0.0	6.0	0.0106837606838	0.00213219616205
369401	Avi Pfeffer	3	0.00641025641026	1.83019454968e-05	14.0	0.0106837606838	0.0027640422677
# Periodo: 2005-2008
102994	Daphne Koller	10	0.0367334547662	0.00167048170465	1008.0	0.0389344262295	0.00739807458541
157352	Rina Dechter	9	0.0143442622951	0.000126232874407	74.0	0.0184426229508	0.00379019551992
358748	Manabu Kuroki	6	0.00409836065574	0.0	4.0	0.00819672131148	0.00204498977505
184993	Adnan Darwiche	6	0.00819672131148	1.68310499209e-05	6.0	0.0122950819672	0.00260651621061
103142	Peter Spirtes	6	0.0236258437801	0.00037869862322	110.0	0.0266393442623	0.00391404591659
241359	Jin Tian	6	0.00204918032787	0.0	2.0	0.00614754098361	0.00204498977505
1021780	Zhihong Cai	6	0.00409836065574	0.0	4.0	0.00819672131148	0.00204498977505
254055	Andrew McCallum	5	0.0127679697352	0.000210388124011	158.0	0.016393442623	0.00394225433957
55449	Linda C. van der Gaag	5	0.0102459016393	8.41552496045e-05	50.0	0.0143442622951	0.00430244602024
153228	Craig Boutilier	5	0.00614754098361	2.52465748813e-05	18.0	0.0102459016393	0.00312019058461
125064	Jeff A. Bilmes	4	0.0170765027322	0.000269296798734	172.0	0.0204918032787	0.00433020587307
358542	Nando de Freitas	4	0.0150894187779	0.000227219173932	150.0	0.0184426229508	0.00403116394496
358875	Vibhav Gogate	4	0.0100409836066	0.0	20.0	0.0122950819672	0.00221705231328
184992	Arthur Choi	4	0.00655737704918	4.20776248022e-06	10.0	0.0102459016393	0.00213103011598
369401	Avi Pfeffer	4	0.0121333045729	0.000227219173932	276.0	0.0122950819672	0.0029605383187
508924	Vanessa Didelez	4	0.00614754098361	1.68310499209e-05	14.0	0.0102459016393	0.00265099350419
206241	Max Welling	4	0.0150894187779	0.000206180361531	130.0	0.0184426229508	0.00379307661218
296658	Nir Friedman	4	0.0236143637783	0.000336620998418	324.0	0.0143442622951	0.00271335274995
65417	Michael L. Littman	4	0.0184426229508	0.000206180361531	110.0	0.0225409836066	0.00404527136923
128930	Zoubin Ghahramani	4	0.0175443521222	0.00074898172148	886.0	0.016393442623	0.00361606331712
358324	Jiji Zhang	4	0.014875531269	8.41552496045e-06	54.0	0.0122950819672	0.00181762170784
358544	Thomas L. Griffiths	3	0.0220816845676	0.00161578079241	1774.0	0.0184426229508	0.00335549979402
358550	Changsung Kang	3	0.00204918032787	0.0	2.0	0.00614754098361	0.00204498977505
121167	Csaba Szepesvári	3	0.0182269197584	0.000328205473457	242.0	0.0184426229508	0.00320336956849
375217	Satinder P. Singh	3	0.0177332912989	0.00057225569731	508.0	0.016393442623	0.00339738811825
43674	Michael P. Wellman	3	0.0148730830249	0.00037869862322	366.0	0.016393442623	0.00316317456885
358528	Amir Globerson	3	0.0133410177596	0.000201972599051	430.0	0.0143442622951	0.00256922373074
795129	Uri Nodelman	3	0.0215609408411	4.20776248022e-06	92.0	0.0102459016393	0.00189656886205
140389	Michael I. Jordan	3	0.0217074187274	0.00138014609351	1642.0	0.0143442622951	0.00283230550533
17811	Patrik O. Hoyer	3	0.0191256830601	3.0856924855e-05	42.0	0.0184426229508	0.0024771707335
54741	Marina Meila	3	0.0136612021858	0.000143063924328	118.0	0.0143442622951	0.00312047473121
153076	Yair Weiss	3	0.0166329572067	0.000976200895412	1260.0	0.0184426229508	0.00327310598764
43958	David C. Parkes	3	0.0158988128886	0.000454438347864	438.0	0.0143442622951	0.00320121758392
95828	Ben Taskar	3	0.0102459016393	5.04931497627e-05	34.0	0.0143442622951	0.00294225183027
517733	Bozhena Bidyuk	3	0.0100409836066	0.0	20.0	0.0122950819672	0.00221705231328
89752	Shlomo Zilberstein	3	0.0102459016393	6.73241996836e-05	42.0	0.0143442622951	0.00348656921054
89765	Stuart J. Russell	3	0.0100882723834	0.000143063924328	124.0	0.0122950819672	0.00283346535439
102069	Judea Pearl	3	0.00409836065574	8.41552496045e-06	8.0	0.00819672131148	0.00255250548565
358362	Raz Kupferman	3	0.0225409836066	0.0	88.0	0.0102459016393	0.00180955413995
470843	Joseph Ramsey	3	0.0191256830601	3.36620998418e-05	42.0	0.0184426229508	0.00249032685498
98266	Brendan J. Frey	3	0.0119225037258	0.000143063924328	108.0	0.0143442622951	0.0031730218643
358404	John C. Duchi	2	0.0220400728597	8.41552496045e-06	90.0	0.0122950819672	0.00219800881665
358413	Michal Rosen-Zvi	2	0.0194051167412	0.00114451139462	1458.0	0.0122950819672	0.0022922192326
182297	Tommi Jaakkola	2	0.013203481494	0.0	194.0	0.0122950819672	0.0020734728554
215083	Prakash P. Shenoy	2	0.00204918032787	0.0	2.0	0.00614754098361	0.00204498977505
38959	Prakash Panangaden	2	0.00614754098361	0.0	6.0	0.0102459016393	0.00204498977505
249909	Lihong Li	2	0.0127679697352	1.26232874407e-05	26.0	0.0143442622951	0.00242024314822
141391	Ydo Wexler	2	0.00409836065574	8.41552496045e-06	8.0	0.00819672131148	0.00255250548565
# Periodo: 2009-2012
205151	Dominik Janzing	7	0.0150995482684	7.61552919826e-05	86.0	0.0197841726619	0.00237952873575
20498	Bernhard Schölkopf	6	0.0150995482684	7.61552919826e-05	86.0	0.0197841726619	0.00237952873575
37468	Kun Zhang	6	0.0185508735868	0.000588178106164	722.0	0.0179856115108	0.00220720246783
359112	Afshin Rostamizadeh	5	0.0110161870504	0.000100460172403	84.0	0.0143884892086	0.00332916738764
358542	Nando de Freitas	4	0.0132439502943	0.000187957741915	162.0	0.0161870503597	0.00348951227732
16762	Aapo Hyvärinen	4	0.0185508735868	0.000699980556096	836.0	0.0125899280576	0.00200960588253
375312	Pedro Domingos	4	0.00359712230216	6.48130144533e-06	8.0	0.00719424460432	0.00224088901702
207787	Jonas Peters	4	0.0141147951204	5.18504115626e-05	92.0	0.0143884892086	0.00175690262737
102069	Judea Pearl	4	0.00728417266187	5.18504115626e-05	94.0	0.00719424460432	0.00169828968351
54982	Alexander T. Ihler	4	0.00719424460432	1.9443904336e-05	20.0	0.0107913669065	0.00232359362827
358431	Thomas S. Richardson	3	0.0112064194798	0.000149069933243	150.0	0.0143884892086	0.00299714345938
127009	Mehryar Mohri	3	0.00734412470024	3.24065072267e-06	24.0	0.0089928057554	0.00194702210221
358528	Amir Globerson	3	0.0121402877698	0.000129626028907	122.0	0.0143884892086	0.00295046656278
358529	Yee Whye Teh	3	0.0115107913669	0.000110182124571	100.0	0.0143884892086	0.00306469180263
137351	Eric P. Xing	3	0.0107913669065	5.8331713008e-05	48.0	0.0143884892086	0.00281080650567
235692	Ross D. Shachter	3	0.00359712230216	6.48130144533e-06	8.0	0.00719424460432	0.00224088901702
358464	Joris M. Mooij	3	0.0144284572342	4.860976084e-06	90.0	0.0161870503597	0.00192250825437
22957	Yuan (Alan) Qi	3	0.010881294964	0.000158791885411	190.0	0.0125899280576	0.00251983117075
358875	Vibhav Gogate	3	0.00239808153477	0.0	6.0	0.00539568345324	0.00157255369616
60013	Miroslav Dudík	3	0.0183943754088	0.000233326852032	248.0	0.0179856115108	0.00265067029679
88790	Changhe Yuan	3	0.0125899280576	8.42569187893e-05	62.0	0.0161870503597	0.00300915067532
103137	Geoffrey J. Gordon	3	0.0122629169392	9.07382202346e-05	158.0	0.0089928057554	0.00169123148062
359322	Stuart Russell	3	0.0089928057554	4.53691101173e-05	38.0	0.0125899280576	0.0028540832276
359353	Ilya Shpitser	3	0.0104059609455	0.000106941473848	114.0	0.0107913669065	0.00231237496335
130016	Aram Galstyan	3	0.00359712230216	0.0	4.0	0.00719424460432	0.00179533213645
157015	John Langford	3	0.0192702980473	0.000285177263595	266.0	0.0215827338129	0.00301033362284
206241	Max Welling	3	0.0104643557881	7.7775617344e-05	82.0	0.0125899280576	0.00258233040598
189952	Carlos Guestrin	3	0.0143884892086	8.42569187893e-05	64.0	0.0179856115108	0.00278384858458
89752	Shlomo Zilberstein	3	0.00539568345324	1.29626028907e-05	14.0	0.0089928057554	0.00232735336365
89845	Eric A. Hansen	3	0.00881294964029	6.48130144533e-06	20.0	0.0107913669065	0.00197328425926
65417	Michael L. Littman	3	0.0138350857775	0.000136107330352	128.0	0.0161870503597	0.00269633803809
128930	Zoubin Ghahramani	3	0.00539568345324	1.9443904336e-05	18.0	0.0089928057554	0.00273926965148
4006	Ping Li	3	0.00359712230216	0.0	4.0	0.00719424460432	0.00179533213645
505875	Jon Conrad	2	0.0235011990408	0.000152310583965	-6.0	0.0269784172662	0.00261126565412
47131	Peter L. Bartlett	2	0.00801177240026	3.8887808672e-05	54.0	0.0089928057554	0.0020842694353
358456	Benjamin M. Marlin	2	0.00971223021583	9.07382202346e-05	110.0	0.0089928057554	0.00194700135142
254055	Andrew McCallum	2	0.00719424460432	2.59252057813e-05	24.0	0.0107913669065	0.00252636558123
53360	Lise Getoor	2	0.00719424460432	2.59252057813e-05	24.0	0.0107913669065	0.00252636558123
358524	David Wingate	2	0.0138350857775	0.000136107330352	128.0	0.0161870503597	0.00269633803809
358551	Daniel Hsu	2	0.0175946199562	0.000168513837579	182.0	0.0179856115108	0.00261943361407
358599	Mark W. Schmidt	2	0.00662197514716	0.0	44.0	0.00719424460432	0.00157624067339
506079	Armen E. Allahverdyan	2	0.00359712230216	0.0	4.0	0.00719424460432	0.00179533213645
358654	Joseph Gonzalez	2	0.0115107913669	6.48130144533e-06	20.0	0.0143884892086	0.00208787008391
358655	Yucheng Low	2	0.0115107913669	6.48130144533e-06	20.0	0.0143884892086	0.00208787008391
358686	Branislav Kveton	2	0.0107913669065	5.8331713008e-05	48.0	0.0143884892086	0.0026944673799
358715	Inmar E. Givoni	2	0.00801177240026	1.62032536133e-05	22.0	0.0107913669065	0.00208082111688
190856	Mathias Niepert	2	0.0	0.0	0.0	0.00359712230216	0.00179533213645
35220	Weiru Liu	2	0.0089928057554	3.8887808672e-05	34.0	0.0125899280576	0.00258305412029
115139	Mikko Koivisto	2	0.00359712230216	0.0	4.0	0.00719424460432	0.00179533213645
358858	James M. Robins	2	0.00910521582734	1.62032536133e-05	32.0	0.0089928057554	0.0018311928792
514509	Kenichi Kurihara	2	0.00719424460432	0.0	8.0	0.0107913669065	0.00179533213645
514510	Shu Tanaka	2	0.00719424460432	0.0	8.0	0.0107913669065	0.00179533213645
514511	Seiji Miyashita	2	0.00719424460432	0.0	8.0	0.0107913669065	0.00179533213645
514528	Antti Hyttinen	2	0.00359712230216	0.0	4.0	0.00719424460432	0.00179533213645
512490	Debarun Bhattacharjya	2	0.00239808153477	0.0	6.0	0.00539568345324	0.00157255369616
