# Periodo: 1985-1989
235692	Ross D. Shachter	8	0.0367816091954	0.00146169689722	128.0	0.0459770114943	0.0106382323541
102069	Judea Pearl	8	0.0287356321839	0.000597966912498	46.0	0.0402298850575	0.0108056304283
101836	David Heckerman	8	0.0282935455349	0.000863729984719	98.0	0.0287356321839	0.00721636889608
207843	Max Henrion	6	0.024500907441	0.000996611520829	138.0	0.0287356321839	0.00671806665648
102948	Tod S. Levitt	5	0.0229885057471	9.96611520829e-05	8.0	0.0344827586207	0.00729813664596
19470	Piero P. Bonissone	4	0.0287356321839	0.000465085376387	38.0	0.0402298850575	0.00908413918727
571927	Ben P. Wise	4	0.0310344827586	0.001195933825	150.0	0.0344827586207	0.00621119010646
388668	Henry E. Kyburg Jr.	4	0.0	0.0	0.0	0.0114942528736	0.00571428571429
358844	Glenn Shafer	4	0.0172413793103	3.32203840276e-05	6.0	0.0287356321839	0.00642335766423
43654	Benjamin N. Grosof	4	0.0	0.0	0.0	0.0114942528736	0.00571428571429
203219	Ronald Prescott Loui	4	0.0	0.0	0.0	0.0114942528736	0.00571428571429
101692	Gregory F. Cooper	4	0.0114942528736	6.64407680553e-05	8.0	0.0229885057471	0.00713242961418
571793	Jack S. Breese	4	0.0172413793103	0.000199322304166	18.0	0.0287356321839	0.00871870397644
110995	Bruce M. Perrin	4	0.0310344827586	0.000265763072221	30.0	0.0402298850575	0.00675424863694
110996	David S. Vaughan	4	0.0310344827586	0.000265763072221	30.0	0.0402298850575	0.00675424863694
110997	Robert M. Yadrick	4	0.0310344827586	0.000265763072221	30.0	0.0402298850575	0.00675424863694
60427	Mary McLeish	3	0.0172413793103	0.0	6.0	0.0287356321839	0.00571428571429
# Periodo: 1990-1994
101836	David Heckerman	13	0.0785087349143	0.024181404588	7134.0	0.038062283737	0.00833665577201
235692	Ross D. Shachter	11	0.067059544406	0.0145416826861	4894.0	0.0415224913495	0.00962709439849
35214	Philippe Smets	10	0.0155709342561	0.00026432141484	72.0	0.0207612456747	0.00504353346155
66065	Eric Horvitz	8	0.0744244654679	0.0180940023068	6686.0	0.0346020761246	0.00764860016211
118909	Dan Geiger	8	0.0616049403156	0.00922722029988	4506.0	0.0242214532872	0.00541504598479
102069	Judea Pearl	8	0.0495208943306	0.00559880815071	3154.0	0.0242214532872	0.00595442237712
14243	David Poole	8	0.0485865378338	0.00557477893118	3090.0	0.0242214532872	0.00513158889117
16950	Didier Dubois	7	0.0400395452299	0.00116541714725	56.0	0.0346020761246	0.00583197846644
32705	Henri Prade	7	0.0400395452299	0.00116541714725	56.0	0.0346020761246	0.00583197846644
207843	Max Henrion	6	0.0598857326788	0.00653594771242	2170.0	0.0311418685121	0.00623225721711
205916	Gregory M. Provan	5	0.0604480400279	0.00903498654364	3474.0	0.0276816608997	0.00521515182737
347242	Bruce D'Ambrosio	5	0.00692041522491	0.0	4.0	0.0138408304498	0.00344827586207
34845	Jérôme Lang	5	0.0311418685121	0.00146578239139	460.0	0.0276816608997	0.00566347850055
54119	Bruce Abramson	5	0.00778546712803	4.80584390619e-05	18.0	0.0138408304498	0.00401740877134
567813	Michael R. Fehling	4	0.0504918922586	0.00425317185698	2382.0	0.0207612456747	0.00532130239233
214561	Yen-Teh Hsia	4	0.0103806228374	0.0	24.0	0.0138408304498	0.00317225092603
215083	Prakash P. Shenoy	4	0.0	0.0	0.0	0.00692041522491	0.00344827586207
35377	Solomon Eyal Shimony	4	0.0337937861574	0.00144175317186	1642.0	0.0138408304498	0.0036710216033
71281	Hong Xu	4	0.0103806228374	0.0	24.0	0.0138408304498	0.00317225092603
55448	Marek J. Druzdzel	4	0.0471627565053	0.00144175317186	1210.0	0.0138408304498	0.00307883398952
184993	Adnan Darwiche	4	0.0340619908094	0.0	756.0	0.0103806228374	0.00259284129038
156916	Fahiem Bacchus	4	0.0144175317186	9.61168781238e-05	30.0	0.0207612456747	0.00452884157
453920	Robert M. Fung	4	0.039985815298	0.00144175317186	1406.0	0.0138408304498	0.00313712196658
35118	S. K. Michael Wong	4	0.0138408304498	8.41022683583e-05	20.0	0.0207612456747	0.00490286076043
101692	Gregory F. Cooper	4	0.0587919293422	0.00285947712418	1546.0	0.0207612456747	0.0048390656209
102463	Finn Verner Jensen	4	0.0207612456747	0.000216262975779	44.0	0.0276816608997	0.0055459141072
54708	Kathryn B. Laskey	4	0.0	0.0	0.0	0.00692041522491	0.00344827586207
59890	Paul Dagum	4	0.0554975539912	0.0	464.0	0.0138408304498	0.00286063661809
181764	Nic Wilson	3	0.0	0.0	0.0	0.00692041522491	0.00344827586207
# Periodo: 1991-1995
101836	David Heckerman	13	0.0705619475098	0.0225997378553	9866.0	0.0287539936102	0.00622371169766
235692	Ross D. Shachter	12	0.061178709809	0.0135475546817	6352.0	0.038338658147	0.00912275473271
102069	Judea Pearl	12	0.0550315667181	0.0159334807897	9130.0	0.038338658147	0.00870095515
66065	Eric Horvitz	9	0.0602177876654	0.0110182682068	5614.0	0.0351437699681	0.00832875451289
118909	Dan Geiger	9	0.0628502592573	0.0163226017859	9516.0	0.0223642172524	0.00478388286761
35214	Philippe Smets	9	0.0319869161722	0.00258048660605	1306.0	0.0223642172524	0.00461388391649
16950	Didier Dubois	8	0.0471386133064	0.00299008765462	114.0	0.0351437699681	0.00580942676974
14243	David Poole	8	0.0159744408946	0.000327680838863	144.0	0.0191693290735	0.00415146236247
32705	Henri Prade	8	0.0471386133064	0.00299008765462	114.0	0.0351437699681	0.00580942676974
34845	Jérôme Lang	6	0.0373180688676	0.00303104775948	1248.0	0.0319488817891	0.00605554897505
205916	Gregory M. Provan	5	0.0489429678472	0.0015564839846	470.0	0.0223642172524	0.00412404859051
347242	Bruce D'Ambrosio	5	0.00638977635783	0.0	4.0	0.0127795527157	0.0031847133758
71281	Hong Xu	5	0.0242063149411	0.0	222.0	0.0127795527157	0.00261078641025
184993	Adnan Darwiche	5	0.0353895305972	0.0	650.0	0.00958466453674	0.00229098917463
156916	Fahiem Bacchus	5	0.0378342021187	0.00120832309331	1332.0	0.0191693290735	0.00389195917983
35118	S. K. Michael Wong	5	0.0199680511182	0.000563201441796	188.0	0.0255591054313	0.00562438616721
1021769	Sampath Srinivas	5	0.0460063897764	0.0	500.0	0.00958466453674	0.00206200207494
54119	Bruce Abramson	5	0.00718849840256	4.09601048579e-05	18.0	0.0127795527157	0.00371034568054
207843	Max Henrion	5	0.0527596213032	0.00664577701319	2146.0	0.0287539936102	0.00562789878762
181764	Nic Wilson	4	0.0	0.0	0.0	0.00638977635783	0.0031847133758
215083	Prakash P. Shenoy	4	0.0	0.0	0.0	0.00638977635783	0.0031847133758
101959	Nevin Lianwen Zhang	4	0.0114103149247	0.0	56.0	0.0127795527157	0.00273105140717
34930	Serafín Moral	4	0.00958466453674	4.09601048579e-05	14.0	0.0159744408946	0.00412845803678
55448	Marek J. Druzdzel	4	0.0421303935681	0.00239616613419	1866.0	0.0159744408946	0.00376417683034
43674	Michael P. Wellman	4	0.0191693290735	0.000266240681576	64.0	0.0255591054313	0.00637840114585
303933	Remco R. Bouckaert	4	0.00958466453674	0.0	6.0	0.0159744408946	0.0031847133758
206668	Moisés Goldszmidt	4	0.0432390881357	0.00120832309331	1180.0	0.0127795527157	0.0029633357014
102463	Finn Verner Jensen	4	0.0127795527157	8.19202097157e-05	24.0	0.0191693290735	0.00448148289408
39808	John Fox	4	0.0127795527157	8.19202097157e-05	24.0	0.0191693290735	0.00448148289408
35205	Lluis Godo	4	0.0378436754714	0.00285355397176	1198.0	0.0351437699681	0.00517771490398
1599	Peter Haddawy	4	0.0127795527157	8.19202097157e-05	24.0	0.0191693290735	0.00448148289408
# Periodo: 1996-2000
101836	David Heckerman	15	0.0799755799756	0.0470651364872	53576.0	0.0356234096692	0.00582638055629
296658	Nir Friedman	15	0.0933048433048	0.0679211888318	63930.0	0.0432569974555	0.00812422399569
102994	Daphne Koller	12	0.0825456836799	0.0204298004189	13924.0	0.0407124681934	0.00795398278183
153228	Craig Boutilier	11	0.0862977602108	0.0508840940957	51734.0	0.0483460559796	0.00877233940233
102463	Finn Verner Jensen	8	0.047723132969	0.021732357065	33870.0	0.0229007633588	0.005055173742
118909	Dan Geiger	8	0.0857891290111	0.0432267054404	-18400.0	0.0203562340967	0.0034199859253
66065	Eric Horvitz	8	0.0710027100271	0.0408747468453	52738.0	0.0356234096692	0.00678046726522
16950	Didier Dubois	8	0.0212044105174	0.000186079520867	24.0	0.0254452926209	0.00450535584424
43674	Michael P. Wellman	8	0.0508935508936	0.00502414706341	7626.0	0.0152671755725	0.00379821382263
103140	Christopher Meek	8	0.0737612612613	0.00233464887227	1176.0	0.0229007633588	0.00359703255374
32705	Henri Prade	8	0.0212044105174	0.000186079520867	24.0	0.0254452926209	0.00450535584424
66069	David Maxwell Chickering	7	0.0650769995032	8.65486143567e-06	1342.0	0.0178117048346	0.00273080169909
54708	Kathryn B. Laskey	7	0.0127226463104	0.000116840629382	46.0	0.0178117048346	0.00479945513946
101959	Nevin Lianwen Zhang	7	0.0533822330888	0.00665991587475	9184.0	0.0203562340967	0.00430790959748
38500	Joseph Y. Halpern	7	0.0752873563218	0.00998771009676	9622.0	0.0127226463104	0.00235689460649
157352	Rina Dechter	7	0.0106022052587	0.000103858337228	50.0	0.0152671755725	0.00395210108743
14243	David Poole	7	0.0696438064859	0.00501116477125	6026.0	0.0178117048346	0.00357331966853
1599	Peter Haddawy	6	0.00763358778626	3.89468764605e-05	18.0	0.0127226463104	0.00387252080172
173827	David M. Pennock	6	0.0594913714805	0.00659500441398	9062.0	0.0152671755725	0.00291682624889
89810	Leslie Pack Kaelbling	6	0.0728992765721	0.0128438143705	2654.0	0.0254452926209	0.00427938071074
55448	Marek J. Druzdzel	5	0.0152671755725	0.000181752090149	68.0	0.0203562340967	0.00555511859457
47279	Yishay Mansour	5	0.0499618611747	0.00164875110349	1748.0	0.0127226463104	0.00268754079985
184993	Adnan Darwiche	5	0.0089058524173	0.0	28.0	0.00763358778626	0.00136237373343
101692	Gregory F. Cooper	5	0.00763358778626	3.89468764605e-05	18.0	0.0127226463104	0.00387252080172
278056	Michael J. Kearns	5	0.0500190912562	0.00333644908345	3750.0	0.0152671755725	0.00339560036201
206668	Moisés Goldszmidt	5	0.0805658056581	0.00093905246577	1082.0	0.0178117048346	0.00309883718472
34844	Salem Benferhat	4	0.015903307888	0.000121168060099	80.0	0.0178117048346	0.00321612312393
215083	Prakash P. Shenoy	4	0.00508905852417	1.29822921535e-05	8.0	0.0101781170483	0.00316795731594
55449	Linda C. van der Gaag	4	0.0382035578886	0.0113270499039	20160.0	0.0229007633588	0.00383483497417
235692	Ross D. Shachter	4	0.00508905852417	1.29822921535e-05	8.0	0.0101781170483	0.00316795731594
358617	Vu A. Ha	4	0.00458015267176	0.0	10.0	0.00763358778626	0.00209325448741
565526	Michael C. Horsch	4	0.0578366445916	0.00168769797996	3278.0	0.0101781170483	0.00230327084011
375217	Satinder P. Singh	4	0.0436666666667	0.00168769797996	4258.0	0.0127226463104	0.00287176467185
205548	Fabio Gagliardi Cozman	4	0.00254452926209	0.0	2.0	0.00763358778626	0.00253807106599
140389	Michael I. Jordan	4	0.0693121693122	0.0167644666009	16672.0	0.0203562340967	0.00413900614859
228621	Nicolas Meuleau	4	0.0727777777778	0.0111561163906	1200.0	0.0229007633588	0.00369925617634
54709	Suzanne M. Mahoney	4	0.00706813683913	0.0	18.0	0.00763358778626	0.00184457995013
5771	Kevin P. Murphy	4	0.0774231678487	0.0154900382545	-4436.0	0.0203562340967	0.00364440560963
182297	Tommi Jaakkola	3	0.0648836057454	0.00726142874453	2098.0	0.0127226463104	0.00268257848966
# Periodo: 1997-2001
296658	Nir Friedman	14	0.0929027073183	0.0718463706836	80486.0	0.0441860465116	0.00853633906662
102994	Daphne Koller	12	0.0789246852998	0.0331381796498	41346.0	0.0348837209302	0.00692347586704
101836	David Heckerman	12	0.0712151547821	0.0307435716738	1952.0	0.0325581395349	0.00505922615754
153228	Craig Boutilier	12	0.0773632256985	0.0415516524819	14388.0	0.0441860465116	0.00802224311279
66065	Eric Horvitz	8	0.0614485049834	0.0189183426393	22804.0	0.0418604651163	0.00679561413937
103140	Christopher Meek	8	0.0690432640263	0.00520518241448	1018.0	0.0232558139535	0.00353997203656
102463	Finn Verner Jensen	7	0.0202224469161	0.00102997777416	874.0	0.0186046511628	0.00406726649427
66069	David Maxwell Chickering	7	0.0605830330822	0.00395583744421	1336.0	0.0302325581395	0.00440657401855
16950	Didier Dubois	7	0.0193798449612	0.0001554001554	24.0	0.0232558139535	0.00411858515691
101959	Nevin Lianwen Zhang	7	0.0518865542682	0.00577871740662	9334.0	0.0186046511628	0.00390406448854
38500	Joseph Y. Halpern	7	0.0562273901809	0.0139101208869	21870.0	0.0139534883721	0.00318770104084
32705	Henri Prade	7	0.0193798449612	0.0001554001554	24.0	0.0232558139535	0.00411858515691
118909	Dan Geiger	6	0.0813118213391	0.038003288701	49498.0	0.0186046511628	0.00308856161391
55448	Marek J. Druzdzel	6	0.0139534883721	0.000151786198298	68.0	0.0186046511628	0.00507822906325
55449	Linda C. van der Gaag	6	0.0232558139535	0.00136065484903	970.0	0.0279069767442	0.00473291971846
43674	Michael P. Wellman	6	0.0451353132092	0.00291646338158	6250.0	0.0116279069767	0.0026535994119
54708	Kathryn B. Laskey	6	0.0116279069767	8.67349704559e-05	42.0	0.0162790697674	0.00395575949873
278056	Michael J. Kearns	6	0.0565973072215	0.00678899911458	2944.0	0.0162790697674	0.00320127191817
173827	David M. Pennock	6	0.0523284105698	0.00572450805009	7876.0	0.0186046511628	0.0032416540135
89810	Leslie Pack Kaelbling	6	0.066999927552	0.00848647476554	1242.0	0.0232558139535	0.00378077137968
14243	David Poole	6	0.0632558139535	0.00577871740662	8104.0	0.0186046511628	0.00388813370067
184993	Adnan Darwiche	6	0.00697674418605	3.2525613921e-05	18.0	0.0116279069767	0.00354007702059
47279	Yishay Mansour	5	0.0535665672333	0.000959505610668	1606.0	0.0116279069767	0.00220025914645
375217	Satinder P. Singh	5	0.05066425617	0.00169024773676	3664.0	0.0139534883721	0.00274708531746
1599	Peter Haddawy	5	0.00697674418605	2.1683742614e-05	14.0	0.0116279069767	0.00300773972982
5771	Kevin P. Murphy	5	0.0789246852998	0.0176612276612	-8946.0	0.0186046511628	0.003307243064
34844	Salem Benferhat	4	0.0145348837209	0.000101190798865	80.0	0.0162790697674	0.00294002902745
215083	Prakash P. Shenoy	4	0.0046511627907	1.0841871307e-05	8.0	0.0093023255814	0.00289599810321
358617	Vu A. Ha	4	0.00523255813953	0.0	8.0	0.0093023255814	0.00227809046495
140389	Michael I. Jordan	4	0.0682761166482	0.0153399830144	6572.0	0.0209302325581	0.00424488622205
228621	Nicolas Meuleau	4	0.0668957285978	0.0081512802443	1286.0	0.0209302325581	0.00336655098104
101692	Gregory F. Cooper	4	0.0046511627907	1.0841871307e-05	8.0	0.0093023255814	0.00289599810321
54709	Suzanne M. Mahoney	4	0.00726744186047	0.0	16.0	0.0093023255814	0.00209637024126
89765	Stuart J. Russell	4	0.0755957003311	0.00302976093674	926.0	0.0162790697674	0.0028407836107
157352	Rina Dechter	4	0.00697674418605	2.1683742614e-05	14.0	0.0116279069767	0.00300773972982
102069	Judea Pearl	4	0.0478997254882	0.00146365262644	3860.0	0.0093023255814	0.00226157382491
625271	Urszula Chajewska	4	0.066175313059	0.0201875643736	28788.0	0.0186046511628	0.00378877126095
102168	Silja Renooij	4	0.0175515577007	4.87884208814e-05	106.0	0.0186046511628	0.0030360330631
53306	Thomas Lukasiewicz	3	0.0	0.0	0.0	0.0046511627907	0.00232018561485
329794	Phan Hong Giang	3	0.0031007751938	0.0	6.0	0.00697674418605	0.00203227937067
176256	Sanjoy Dasgupta	3	0.00232558139535	0.0	2.0	0.00697674418605	0.00232018561485
358542	Nando de Freitas	3	0.0638189220896	0.000864639236732	1346.0	0.0162790697674	0.00290197990012
235692	Ross D. Shachter	3	0.00232558139535	0.0	2.0	0.00697674418605	0.00232018561485
# Periodo: 2002-2006
102994	Daphne Koller	13	0.0366723259762	0.00266122294985	2830.0	0.044142614601	0.0073726227843
157352	Rina Dechter	11	0.0118845500849	7.21850709724e-05	62.0	0.0152801358234	0.00273005048224
55449	Linda C. van der Gaag	9	0.0101867572156	7.50724738113e-05	64.0	0.0135823429542	0.00339460671152
184993	Adnan Darwiche	8	0.00848896434635	4.61984454223e-05	42.0	0.0118845500849	0.00288971583721
103140	Christopher Meek	7	0.0206281833616	0.000692976681335	992.0	0.0135823429542	0.0025125215775
128387	Sebastian Thrun	7	0.0323579346849	0.00170838001301	2400.0	0.0220713073005	0.00389514940488
215083	Prakash P. Shenoy	6	0.00707413695529	4.61984454223e-05	50.0	0.0101867572156	0.00263919970923
103142	Peter Spirtes	6	0.0188643652141	0.000695864084174	862.0	0.018675721562	0.00332618595278
140389	Michael I. Jordan	6	0.0284720772087	0.00360347874294	7096.0	0.0152801358234	0.0032978681151
101836	David Heckerman	6	0.0221016250303	0.00110876269014	1522.0	0.0169779286927	0.00320786793282
153228	Craig Boutilier	6	0.0216434082847	0.00206738043265	4584.0	0.018675721562	0.00374349293093
102069	Judea Pearl	6	0.00707413695529	5.19732511001e-05	54.0	0.0101867572156	0.00297401520364
128930	Zoubin Ghahramani	6	0.0255974924905	0.00180751417715	3492.0	0.0169779286927	0.00376599543573
254055	Andrew McCallum	5	0.0144681479294	0.000306064700923	348.0	0.0169779286927	0.00354394621846
125064	Jeff A. Bilmes	5	0.00987806760303	7.50724738113e-05	86.0	0.0118845500849	0.00252209529605
61950	Moshe Tennenholtz	5	0.0101867572156	6.35228624557e-05	56.0	0.0135823429542	0.00293343599696
134433	Christian R. Shelton	5	0.0234078676444	0.0	188.0	0.00679117147708	0.00116516866101
206241	Max Welling	5	0.0313192849296	0.0042387073675	8456.0	0.0169779286927	0.00338993393026
38500	Joseph Y. Halpern	5	0.00339558573854	5.77480567779e-06	8.0	0.00679117147708	0.00211555115675
89765	Stuart J. Russell	5	0.0236634597246	0.00206738043265	4244.0	0.018675721562	0.00383519712178
241359	Jin Tian	5	0.00530560271647	2.30992227112e-05	38.0	0.00679117147708	0.00186839065472
296658	Nir Friedman	5	0.025291259294	0.000141482739106	164.0	0.0169779286927	0.00271480709232
52969	Padhraic Smyth	5	0.0352601221062	0.00526662277814	9670.0	0.0237691001698	0.00464047953495
358406	Omid Madani	4	0.0135823429542	0.000115496113556	140.0	0.0135823429542	0.00236601403543
182297	Tommi Jaakkola	4	0.00707413695529	4.04236397445e-05	44.0	0.0101867572156	0.00267800260532
358747	Hei Chan	4	0.00530560271647	0.0	16.0	0.00679117147708	0.00153141622709
329794	Phan Hong Giang	4	0.00530560271647	2.30992227112e-05	38.0	0.00679117147708	0.00175617963334
118909	Dan Geiger	4	0.015666974705	0.000427335620156	766.0	0.0118845500849	0.00253891918562
358542	Nando de Freitas	4	0.012073193737	0.000121270919234	110.0	0.0152801358234	0.00346592036358
207011	Dale Schuurmans	4	0.0123247186066	0.000202118198723	272.0	0.0135823429542	0.00278858414941
358748	Manabu Kuroki	4	0.00339558573854	0.0	4.0	0.00679117147708	0.00169491525424
508262	Robert Mateescu	4	0.00693265421619	0.0	24.0	0.00679117147708	0.00122602755936
795129	Uri Nodelman	4	0.0234078676444	0.0	188.0	0.00679117147708	0.00116516866101
66069	David Maxwell Chickering	4	0.0165025466893	0.0	150.0	0.00848896434635	0.00149964266947
205548	Fabio Gagliardi Cozman	4	0.00509337860781	0.0	6.0	0.00848896434635	0.00169491525424
369401	Avi Pfeffer	4	0.00679117147708	2.88740283889e-05	28.0	0.0101867572156	0.00270079401435
189952	Carlos Guestrin	4	0.019301224198	0.000935518519802	1712.0	0.0118845500849	0.00278719136858
517733	Bozhena Bidyuk	4	0.00831918505942	0.0	20.0	0.0101867572156	0.00170095359961
102168	Silja Renooij	4	0.00611205432937	0.0	20.0	0.00679117147708	0.00153793738079
1021780	Zhihong Cai	4	0.00339558573854	0.0	4.0	0.00679117147708	0.00169491525424
358324	Jiji Zhang	4	0.0133160225041	8.66220851668e-06	102.0	0.0101867572156	0.00182511299439
98266	Brendan J. Frey	4	0.00848896434635	4.61984454223e-05	42.0	0.0118845500849	0.00288971583721
38959	Prakash Panangaden	3	0.00509337860781	0.0	6.0	0.00848896434635	0.00169491525424
53306	Thomas Lukasiewicz	3	0.00339558573854	5.77480567779e-06	8.0	0.00679117147708	0.00211555115675
39008	Riccardo Pucella	3	0.00226372382569	0.0	6.0	0.00509337860781	0.00148459730298
137351	Eric P. Xing	3	0.0231490366871	0.000623679013201	1588.0	0.0101867572156	0.0020785053101
358544	Thomas L. Griffiths	3	0.0320739664942	0.00299712414677	5272.0	0.0169779286927	0.00317322830985
55448	Marek J. Druzdzel	3	0.0113186191285	0.0002078930044	424.0	0.00848896434635	0.00166241808467
305328	Gal Elidan	3	0.0241795555887	8.95094880057e-05	180.0	0.0101867572156	0.00167169252818
571853	José Carlos Ferreira da Rocha	3	0.00509337860781	0.0	6.0	0.00848896434635	0.00169491525424
358875	Vibhav Gogate	3	0.00831918505942	0.0	20.0	0.0101867572156	0.00170095359961
66065	Eric Horvitz	3	0.0176813000243	0.000779598766502	1196.0	0.018675721562	0.00332693031123
358949	Ronen I. Brafman	3	0.0165025466893	0.000415786008801	768.0	0.0101867572156	0.00206836353998
401958	Sylvie Thiébaux	3	0.00679117147708	2.30992227112e-05	24.0	0.0101867572156	0.0023850603877
375217	Satinder P. Singh	3	0.00873150618482	5.4860653939e-05	56.0	0.0118845500849	0.00264479642002
35376	Carmel Domshlak	3	0.0126295000173	0.000150144947623	442.0	0.00848896434635	0.00189102423048
613013	Norm Ferns	3	0.00509337860781	0.0	6.0	0.00848896434635	0.00169491525424
84647	Guy Lebanon	3	0.0	0.0	0.0	0.00339558573854	0.00169491525424
359133	Cassio Polpo de Campos	3	0.00509337860781	0.0	6.0	0.00848896434635	0.00169491525424
# Periodo: 2003-2007
157352	Rina Dechter	13	0.0118243243243	8.00292678465e-05	70.0	0.0152027027027	0.00290396479163
102994	Daphne Koller	10	0.0355152027027	0.00179780033841	1730.0	0.0337837837838	0.0059518918689
184993	Adnan Darwiche	9	0.00844594594595	3.42982576485e-05	24.0	0.0118243243243	0.00264668731796
55449	Linda C. van der Gaag	8	0.0101351351351	7.43128915718e-05	64.0	0.0135135135135	0.00337743332175
153228	Craig Boutilier	7	0.0218896582533	0.00204646270636	4520.0	0.0185810810811	0.00355874318894
254055	Andrew McCallum	6	0.0143948296122	0.000302967942562	348.0	0.0168918918919	0.00352601734321
125064	Jeff A. Bilmes	6	0.0152027027027	0.000257236932364	264.0	0.0168918918919	0.00341382749906
103142	Peter Spirtes	6	0.0179352146264	0.000637375954635	800.0	0.0185810810811	0.00327608008023
241359	Jin Tian	6	0.00168918918919	0.0	2.0	0.00506756756757	0.00168634064081
296658	Nir Friedman	6	0.0253680019305	0.000423011844332	426.0	0.0202702702703	0.00349432810208
128930	Zoubin Ghahramani	6	0.0274471362554	0.00192832426335	2104.0	0.0168918918919	0.0035009901749
215083	Prakash P. Shenoy	5	0.00703828828829	4.5731010198e-05	50.0	0.0101351351351	0.00262584793989
358542	Nando de Freitas	5	0.0129937629938	0.000188640417067	194.0	0.0152027027027	0.00335949362654
358748	Manabu Kuroki	5	0.00337837837838	0.0	4.0	0.00675675675676	0.00168634064081
128387	Sebastian Thrun	5	0.0258292383292	0.000728837975031	878.0	0.0185810810811	0.0035392515791
206241	Max Welling	5	0.0289469797667	0.00293059557019	858.0	0.0168918918919	0.00328016138499
517733	Bozhena Bidyuk	5	0.00827702702703	0.0	20.0	0.0101351351351	0.0017546792351
89752	Shlomo Zilberstein	5	0.0127744932432	0.000217222298441	234.0	0.0152027027027	0.00337534157531
52969	Padhraic Smyth	5	0.0324987564251	0.0041167436472	1462.0	0.0236486486486	0.00456700385781
1021780	Zhihong Cai	5	0.00337837837838	0.0	4.0	0.00675675675676	0.00168634064081
358324	Jiji Zhang	5	0.0127041103604	8.57456441213e-06	96.0	0.0101351351351	0.00180676756026
358747	Hei Chan	4	0.00527871621622	0.0	16.0	0.00675675675676	0.00140524345891
207011	Dale Schuurmans	4	0.0122622622623	0.000200073169616	272.0	0.0135135135135	0.00277447661458
508262	Robert Mateescu	4	0.00636694386694	0.0	26.0	0.00506756756757	0.000976517139535
358875	Vibhav Gogate	4	0.00827702702703	0.0	20.0	0.0101351351351	0.0017546792351
795129	Uri Nodelman	4	0.0215243652744	2.85818813738e-06	132.0	0.00844594594595	0.00150088916585
61950	Moshe Tennenholtz	4	0.00506756756757	1.14327525495e-05	14.0	0.00844594594595	0.00218606378339
84647	Guy Lebanon	4	0.00506756756757	0.0	6.0	0.00844594594595	0.00168634064081
358528	Amir Globerson	4	0.00703828828829	4.5731010198e-05	50.0	0.0101351351351	0.00262584793989
140389	Michael I. Jordan	4	0.0277345408235	0.00374422645996	8522.0	0.0118243243243	0.00235879498501
101836	David Heckerman	4	0.011402027027	0.000131476654319	140.0	0.0135135135135	0.00285928086643
89765	Stuart J. Russell	4	0.0239696710285	0.00301253029679	7016.0	0.0152027027027	0.00312716685183
102069	Judea Pearl	4	0.00337837837838	5.71637627475e-06	8.0	0.00675675675676	0.00210484853707
98266	Brendan J. Frey	4	0.00844594594595	4.5731010198e-05	42.0	0.0118243243243	0.00287509670144
358406	Omid Madani	3	0.0120656370656	9.1462020396e-05	108.0	0.0135135135135	0.00242114215747
38959	Prakash Panangaden	3	0.00506756756757	0.0	6.0	0.00844594594595	0.00168634064081
329794	Phan Hong Giang	3	0.00527871621622	2.2865505099e-05	38.0	0.00675675675676	0.0017472950824
118909	Dan Geiger	3	0.00675675675676	2.85818813738e-05	28.0	0.0101351351351	0.00268713063823
137351	Eric P. Xing	3	0.0230317273796	0.000617368637673	1588.0	0.0101351351351	0.00205722149042
358544	Thomas L. Griffiths	3	0.0304442373408	0.00239516165912	580.0	0.0168918918919	0.00309194941111
358550	Changsung Kang	3	0.00168918918919	0.0	2.0	0.00506756756757	0.00168634064081
55448	Marek J. Druzdzel	3	0.0106981981982	0.000194356793342	402.0	0.00844594594595	0.00164298897501
305328	Gal Elidan	3	0.0229130340017	6.8596515297e-05	122.0	0.0101351351351	0.00172699230518
375217	Satinder P. Singh	3	0.00868725868726	5.43055746101e-05	56.0	0.0118243243243	0.0026314163369
215508	Daniel M. Reeves	3	0.00675675675676	5.71637627475e-06	8.0	0.0101351351351	0.00196851641935
369401	Avi Pfeffer	3	0.00337837837838	5.71637627475e-06	8.0	0.00675675675676	0.00210484853707
66065	Eric Horvitz	3	0.0118243243243	8.57456441213e-05	74.0	0.0152027027027	0.0030114912959
66069	David Maxwell Chickering	3	0.00760135135135	0.0	36.0	0.00844594594595	0.00165558477699
613013	Norm Ferns	3	0.00506756756757	0.0	6.0	0.00844594594595	0.00168634064081
43674	Michael P. Wellman	3	0.00675675675676	5.71637627475e-06	8.0	0.0101351351351	0.00196851641935
184992	Arthur Choi	3	0.00603281853282	2.85818813738e-06	14.0	0.00844594594595	0.0017844361383
359133	Cassio Polpo de Campos	3	0.00506756756757	0.0	6.0	0.00844594594595	0.00168634064081
103140	Christopher Meek	3	0.00760135135135	0.0	36.0	0.00844594594595	0.00165558477699
205548	Fabio Gagliardi Cozman	3	0.00506756756757	0.0	6.0	0.00844594594595	0.00168634064081
508924	Vanessa Didelez	3	0.00506756756757	1.14327525495e-05	14.0	0.00844594594595	0.00218606378339
208036	Richard S. Zemel	3	0.026224244046	0.00233990335513	-728.0	0.0135135135135	0.00240701836727
152789	Doina Precup	3	0.00506756756757	0.0	6.0	0.00844594594595	0.00168634064081
134433	Christian R. Shelton	3	0.0212031060912	0.0	134.0	0.00675675675676	0.00116952402671
189952	Carlos Guestrin	3	0.00703828828829	4.00146339233e-05	44.0	0.0101351351351	0.00266445453143
# Periodo: 2008-2012
205151	Dominik Janzing	7	0.0157818555353	7.80719942679e-05	132.0	0.0169491525424	0.00200850240671
20498	Bernhard Schölkopf	6	0.0157818555353	7.80719942679e-05	132.0	0.0169491525424	0.00200850240671
37468	Kun Zhang	6	0.0204235777516	0.00073118187525	1196.0	0.0154083204931	0.00181560521595
16762	Aapo Hyvärinen	5	0.023672783303	0.000963020030817	1438.0	0.0184899845917	0.00251950048211
375312	Pedro Domingos	5	0.00539291217257	5.23121992049e-05	100.0	0.00770416024653	0.00210737136265
359112	Afshin Rostamizadeh	5	0.009437596302	7.37126443341e-05	84.0	0.0123266563945	0.00285284036145
54982	Alexander T. Ihler	5	0.0107858243451	7.13348170975e-05	74.0	0.0138674884438	0.00274740667457
65417	Michael L. Littman	5	0.0209352180612	0.00087028476859	1152.0	0.020030816641	0.00308244530189
358528	Amir Globerson	4	0.0144667009074	0.000228271414712	298.0	0.0154083204931	0.0027163397173
358529	Yee Whye Teh	4	0.0113461269085	9.98687439365e-05	114.0	0.0138674884438	0.0028997822647
137351	Eric P. Xing	4	0.00924499229584	4.28008902585e-05	48.0	0.0123266563945	0.00240864495948
358542	Nando de Freitas	4	0.0113461269085	0.000137913979722	162.0	0.0138674884438	0.0029902436251
235692	Ross D. Shachter	4	0.00308166409861	4.75565447317e-06	8.0	0.00616332819723	0.00192026951151
358875	Vibhav Gogate	4	0.006291730868	5.7067853678e-05	106.0	0.00616332819723	0.00150232620038
102994	Daphne Koller	4	0.0123266563945	9.51130894634e-05	92.0	0.0154083204931	0.00301428731696
369401	Avi Pfeffer	4	0.009437596302	8.08461260439e-05	92.0	0.0123266563945	0.00307799055921
207787	Jonas Peters	4	0.0150956879034	6.02382899935e-05	138.0	0.0123266563945	0.00148365472071
17811	Patrik O. Hoyer	4	0.0186000440238	0.000228271414712	424.0	0.0154083204931	0.002137734645
206241	Max Welling	4	0.0104006163328	7.13348170975e-05	92.0	0.0123266563945	0.00249472404377
102069	Judea Pearl	4	0.00624036979969	3.80452357853e-05	94.0	0.00616332819723	0.0014553035716
89845	Eric A. Hansen	4	0.0075500770416	4.75565447317e-06	20.0	0.00924499229584	0.00169095281909
98266	Brendan J. Frey	4	0.00962080499079	0.000102246571173	192.0	0.0107858243451	0.00215504000585
358431	Thomas S. Richardson	3	0.0096005689226	0.000109380052883	150.0	0.0123266563945	0.00256832142666
127009	Mehryar Mohri	3	0.006291730868	2.37782723658e-06	24.0	0.00770416024653	0.00166844817075
254055	Andrew McCallum	3	0.00770416024653	3.80452357853e-05	42.0	0.0107858243451	0.00262297283685
358686	Branislav Kveton	3	0.0107858243451	7.13348170975e-05	74.0	0.0138674884438	0.00274740667457
190856	Mathias Niepert	3	0.00308166409861	0.0	4.0	0.00616332819723	0.00153846153846
121167	Csaba Szepesvári	3	0.0150733570041	0.000342407122068	478.0	0.0154083204931	0.00288487830841
358464	Joris M. Mooij	3	0.0153176833137	3.56674085488e-06	136.0	0.0138674884438	0.00162091653421
22957	Yuan (Alan) Qi	3	0.00932203389831	0.000116513534593	190.0	0.0107858243451	0.00215930129837
512490	Debarun Bhattacharjya	3	0.00205444273241	0.0	6.0	0.00462249614792	0.00134755755194
358997	Kuzman Ganchev	3	0.0104006163328	9.51130894634e-05	130.0	0.0123266563945	0.00233946204862
60013	Miroslav Dudík	3	0.0157585095952	0.000171203561034	248.0	0.0154083204931	0.00227142053122
88790	Changhe Yuan	3	0.0107858243451	6.18235081512e-05	62.0	0.0138674884438	0.00257861065562
103137	Geoffrey J. Gordon	3	0.0105056730635	6.65791626244e-05	158.0	0.00770416024653	0.00144925526034
121712	Joelle Pineau	3	0.0123816861105	0.000223515760239	364.0	0.0107858243451	0.00230428364363
359322	Stuart Russell	3	0.0131920552167	0.000413741939166	878.0	0.0107858243451	0.002064488164
359353	Ilya Shpitser	3	0.00891481399956	7.84682988073e-05	114.0	0.00924499229584	0.00198152744042
130016	Aram Galstyan	3	0.00308166409861	0.0	4.0	0.00616332819723	0.00153846153846
140389	Michael I. Jordan	3	0.00963020030817	0.000109380052883	160.0	0.00924499229584	0.0018824733232
208036	Richard S. Zemel	3	0.0123266563945	0.000261560996024	468.0	0.0107858243451	0.00204716939146
157015	John Langford	3	0.016508914814	0.000209248796819	266.0	0.0184899845917	0.00257962436534
17810	Shohei Shimizu	3	0.0196528767044	0.000282961441154	50.0	0.020030816641	0.00255629907436
153076	Yair Weiss	3	0.0113217659275	0.00010462439841	174.0	0.0123266563945	0.00218453049367
189952	Carlos Guestrin	3	0.0123266563945	6.18235081512e-05	64.0	0.0154083204931	0.00238554409479
95828	Ben Taskar	3	0.00780046224961	3.80452357853e-05	78.0	0.00924499229584	0.00184199455542
153228	Craig Boutilier	3	0.0112700858464	0.000137913979722	262.0	0.00924499229584	0.00197732812396
89752	Shlomo Zilberstein	3	0.00462249614792	9.51130894634e-06	14.0	0.00770416024653	0.00199436280546
157352	Rina Dechter	3	0.006291730868	6.65791626244e-05	110.0	0.00924499229584	0.00234165566516
241359	Jin Tian	3	0.00308166409861	0.0	4.0	0.00616332819723	0.00153846153846
296658	Nir Friedman	3	0.0118363916515	0.000142669634195	218.0	0.0123266563945	0.00217867907464
65289	Eyal Amir	3	0.00770416024653	2.8533926839e-05	34.0	0.0107858243451	0.00221347868462
128930	Zoubin Ghahramani	3	0.00462249614792	1.42669634195e-05	18.0	0.00770416024653	0.00234734337827
4006	Ping Li	3	0.00308166409861	0.0	4.0	0.00616332819723	0.00153846153846
358404	John C. Duchi	2	0.00821777092964	4.75565447317e-06	24.0	0.00924499229584	0.00172681669965
505875	Jon Conrad	2	0.0201335387776	0.000111757880119	-6.0	0.0231124807396	0.00223765379898
47131	Peter L. Bartlett	2	0.00686370640146	2.8533926839e-05	54.0	0.00770416024653	0.00178605857751
249909	Lihong Li	2	0.0178337042744	0.000152180943141	108.0	0.0138674884438	0.00202572877137
358456	Benjamin M. Marlin	2	0.00832049306626	6.65791626244e-05	110.0	0.00770416024653	0.00166843034589
507985	Haohai Yu	2	0.00154083204931	0.0	2.0	0.00462249614792	0.00153846153846
208995	Joshua B. Tenenbaum	2	0.0128402670776	6.65791626244e-05	150.0	0.0107858243451	0.00157861265228
53360	Lise Getoor	2	0.00616332819723	1.90226178927e-05	24.0	0.00924499229584	0.0021649009673
358524	David Wingate	2	0.0168950882599	0.000475565447317	894.0	0.0138674884438	0.00199935630986
358526	Noah D. Goodman	2	0.0128402670776	6.65791626244e-05	150.0	0.0107858243451	0.00157861265228
358551	Daniel Hsu	2	0.0150733570041	0.000123647016302	182.0	0.0154083204931	0.00224465310756
# Periodo: 2009-2013
205151	Dominik Janzing	7	0.0150995482684	7.61552919826e-05	86.0	0.0197841726619	0.00237952873575
20498	Bernhard Schölkopf	6	0.0150995482684	7.61552919826e-05	86.0	0.0197841726619	0.00237952873575
37468	Kun Zhang	6	0.0185508735868	0.000588178106164	722.0	0.0179856115108	0.00220720246783
359112	Afshin Rostamizadeh	5	0.0110161870504	0.000100460172403	84.0	0.0143884892086	0.00332916738764
358542	Nando de Freitas	4	0.0132439502943	0.000187957741915	162.0	0.0161870503597	0.00348951227732
16762	Aapo Hyvärinen	4	0.0185508735868	0.000699980556096	836.0	0.0125899280576	0.00200960588253
375312	Pedro Domingos	4	0.00359712230216	6.48130144533e-06	8.0	0.00719424460432	0.00224088901702
207787	Jonas Peters	4	0.0141147951204	5.18504115626e-05	92.0	0.0143884892086	0.00175690262737
102069	Judea Pearl	4	0.00728417266187	5.18504115626e-05	94.0	0.00719424460432	0.00169828968351
54982	Alexander T. Ihler	4	0.00719424460432	1.9443904336e-05	20.0	0.0107913669065	0.00232359362827
358431	Thomas S. Richardson	3	0.0112064194798	0.000149069933243	150.0	0.0143884892086	0.00299714345938
127009	Mehryar Mohri	3	0.00734412470024	3.24065072267e-06	24.0	0.0089928057554	0.00194702210221
358528	Amir Globerson	3	0.0121402877698	0.000129626028907	122.0	0.0143884892086	0.00295046656278
358529	Yee Whye Teh	3	0.0115107913669	0.000110182124571	100.0	0.0143884892086	0.00306469180263
137351	Eric P. Xing	3	0.0107913669065	5.8331713008e-05	48.0	0.0143884892086	0.00281080650567
235692	Ross D. Shachter	3	0.00359712230216	6.48130144533e-06	8.0	0.00719424460432	0.00224088901702
358464	Joris M. Mooij	3	0.0144284572342	4.860976084e-06	90.0	0.0161870503597	0.00192250825437
22957	Yuan (Alan) Qi	3	0.010881294964	0.000158791885411	190.0	0.0125899280576	0.00251983117075
358875	Vibhav Gogate	3	0.00239808153477	0.0	6.0	0.00539568345324	0.00157255369616
60013	Miroslav Dudík	3	0.0183943754088	0.000233326852032	248.0	0.0179856115108	0.00265067029679
88790	Changhe Yuan	3	0.0125899280576	8.42569187893e-05	62.0	0.0161870503597	0.00300915067532
103137	Geoffrey J. Gordon	3	0.0122629169392	9.07382202346e-05	158.0	0.0089928057554	0.00169123148062
359322	Stuart Russell	3	0.0089928057554	4.53691101173e-05	38.0	0.0125899280576	0.0028540832276
359353	Ilya Shpitser	3	0.0104059609455	0.000106941473848	114.0	0.0107913669065	0.00231237496335
130016	Aram Galstyan	3	0.00359712230216	0.0	4.0	0.00719424460432	0.00179533213645
157015	John Langford	3	0.0192702980473	0.000285177263595	266.0	0.0215827338129	0.00301033362284
206241	Max Welling	3	0.0104643557881	7.7775617344e-05	82.0	0.0125899280576	0.00258233040598
189952	Carlos Guestrin	3	0.0143884892086	8.42569187893e-05	64.0	0.0179856115108	0.00278384858458
89752	Shlomo Zilberstein	3	0.00539568345324	1.29626028907e-05	14.0	0.0089928057554	0.00232735336365
89845	Eric A. Hansen	3	0.00881294964029	6.48130144533e-06	20.0	0.0107913669065	0.00197328425926
65417	Michael L. Littman	3	0.0138350857775	0.000136107330352	128.0	0.0161870503597	0.00269633803809
128930	Zoubin Ghahramani	3	0.00539568345324	1.9443904336e-05	18.0	0.0089928057554	0.00273926965148
4006	Ping Li	3	0.00359712230216	0.0	4.0	0.00719424460432	0.00179533213645
505875	Jon Conrad	2	0.0235011990408	0.000152310583965	-6.0	0.0269784172662	0.00261126565412
47131	Peter L. Bartlett	2	0.00801177240026	3.8887808672e-05	54.0	0.0089928057554	0.0020842694353
358456	Benjamin M. Marlin	2	0.00971223021583	9.07382202346e-05	110.0	0.0089928057554	0.00194700135142
254055	Andrew McCallum	2	0.00719424460432	2.59252057813e-05	24.0	0.0107913669065	0.00252636558123
53360	Lise Getoor	2	0.00719424460432	2.59252057813e-05	24.0	0.0107913669065	0.00252636558123
358524	David Wingate	2	0.0138350857775	0.000136107330352	128.0	0.0161870503597	0.00269633803809
358551	Daniel Hsu	2	0.0175946199562	0.000168513837579	182.0	0.0179856115108	0.00261943361407
358599	Mark W. Schmidt	2	0.00662197514716	0.0	44.0	0.00719424460432	0.00157624067339
506079	Armen E. Allahverdyan	2	0.00359712230216	0.0	4.0	0.00719424460432	0.00179533213645
358654	Joseph Gonzalez	2	0.0115107913669	6.48130144533e-06	20.0	0.0143884892086	0.00208787008391
358655	Yucheng Low	2	0.0115107913669	6.48130144533e-06	20.0	0.0143884892086	0.00208787008391
358686	Branislav Kveton	2	0.0107913669065	5.8331713008e-05	48.0	0.0143884892086	0.0026944673799
358715	Inmar E. Givoni	2	0.00801177240026	1.62032536133e-05	22.0	0.0107913669065	0.00208082111688
190856	Mathias Niepert	2	0.0	0.0	0.0	0.00359712230216	0.00179533213645
35220	Weiru Liu	2	0.0089928057554	3.8887808672e-05	34.0	0.0125899280576	0.00258305412029
115139	Mikko Koivisto	2	0.00359712230216	0.0	4.0	0.00719424460432	0.00179533213645
358858	James M. Robins	2	0.00910521582734	1.62032536133e-05	32.0	0.0089928057554	0.0018311928792
514509	Kenichi Kurihara	2	0.00719424460432	0.0	8.0	0.0107913669065	0.00179533213645
514510	Shu Tanaka	2	0.00719424460432	0.0	8.0	0.0107913669065	0.00179533213645
514511	Seiji Miyashita	2	0.00719424460432	0.0	8.0	0.0107913669065	0.00179533213645
514528	Antti Hyttinen	2	0.00359712230216	0.0	4.0	0.00719424460432	0.00179533213645
512490	Debarun Bhattacharjya	2	0.00239808153477	0.0	6.0	0.00539568345324	0.00157255369616
