# Periodo: 1982-1984
48398	Nissim Francez	4	0.0606060606061	0.00266018968309	108.0	0.0757575757576	0.0163126508168
44345	Danny Dolev	4	0.0641711229947	0.00497339810317	256.0	0.0757575757576	0.0163526399001
122902	Cynthia Dwork	3	0.0242424242424	0.000346981263012	24.0	0.0378787878788	0.00963263872015
47681	Sam Toueg	3	0.00757575757576	0.0	2.0	0.0227272727273	0.00751879699248
48221	Philip A. Bernstein	3	0.0151515151515	0.0	4.0	0.030303030303	0.00751879699248
48222	Nathan Goodman	3	0.0151515151515	0.0	4.0	0.030303030303	0.00751879699248
278649	Gabriel Bracha	3	0.00757575757576	0.0	2.0	0.0227272727273	0.00751879699248
27373	Jayadev Misra	3	0.0151515151515	0.0	4.0	0.030303030303	0.00751879699248
216614	Susan S. Owicki	2	0.0151515151515	0.000115660421004	8.0	0.030303030303	0.00938477580813
48404	C. Mohan	2	0.040404040404	0.00127226463104	128.0	0.0378787878788	0.00835761595921
47691	P. M. Melliar-Smith	2	0.0227272727273	0.000231320842008	14.0	0.0378787878788	0.00974688589136
117345	Gérard Roucairol	2	0.0151515151515	0.000115660421004	8.0	0.030303030303	0.00938477580813
38500	Joseph Y. Halpern	2	0.0519480519481	0.00127226463104	104.0	0.0454545454545	0.00940380186774
# Periodo: 1985-1987
50452	Nancy A. Lynch	4	0.0482456140351	0.00381679389313	234.0	0.0606060606061	0.0143210846487
50469	Shlomo Moran	4	0.0445632798574	0.00346981263012	222.0	0.0530303030303	0.011993945641
51799	Maurice Herlihy	3	0.00757575757576	0.0	2.0	0.0227272727273	0.00751879699248
38500	Joseph Y. Halpern	3	0.0337465564738	0.000693962526024	54.0	0.0378787878788	0.00818911371302
47237	Brian A. Coan	3	0.0227272727273	0.000231320842008	14.0	0.0378787878788	0.00974688589136
44345	Danny Dolev	3	0.0464015151515	0.00150358547305	72.0	0.0606060606061	0.0122017955129
47681	Sam Toueg	3	0.0227272727273	0.000231320842008	14.0	0.0378787878788	0.00974688589136
49101	Benny Chor	3	0.0436507936508	0.0030071709461	206.0	0.0530303030303	0.01213258526
173064	Eli Gafni	2	0.010101010101	0.0	6.0	0.0227272727273	0.00658580758466
117784	David Peleg	2	0.0151515151515	0.000115660421004	8.0	0.030303030303	0.00938477580813
187450	T. K. Srikanth	2	0.0170454545455	0.0	8.0	0.030303030303	0.00738238338643
116290	Manfred K. Warmuth	2	0.0420875420875	0.00277585010409	204.0	0.0378787878788	0.00804179925279
78439	Marc Snir	2	0.034435261708	0.00185056673606	156.0	0.0454545454545	0.0100521718179
# Periodo: 1986-1988
50452	Nancy A. Lynch	5	0.05	0.0125161290323	1044.0	0.08	0.0187623019274
51799	Maurice Herlihy	3	0.008	0.0	2.0	0.024	0.00793650793651
47237	Brian A. Coan	3	0.025	0.000516129032258	38.0	0.04	0.0100223867707
119000	Yehuda Afek	3	0.0457142857143	0.00683870967742	682.0	0.056	0.0124180799681
50469	Shlomo Moran	3	0.0581818181818	0.0138064516129	1240.0	0.048	0.0105724677319
173064	Eli Gafni	2	0.0367816091954	0.00245161290323	384.0	0.032	0.00754982660738
117784	David Peleg	2	0.016	0.000129032258065	8.0	0.032	0.00990615224192
47677	Barbara Liskov	2	0.0222222222222	0.000516129032258	42.0	0.032	0.00822895852874
116749	Gil Neiger	2	0.008	0.0	2.0	0.024	0.00793650793651
38488	Moti Yung	2	0.0444444444444	0.00245161290323	324.0	0.048	0.0102689832001
122985	Orna Grumberg	2	0.016	0.0	4.0	0.032	0.00793650793651
74889	Amotz Bar-Noy	2	0.0411428571429	0.00103225806452	50.0	0.056	0.0116034619346
# Periodo: 1989-1991
47277	Baruch Awerbuch	5	0.0849557522124	0.00247576906869	18.0	0.0973451327434	0.014989198682
117784	David Peleg	4	0.070796460177	0.00213337547408	92.0	0.070796460177	0.0115262233631
47278	Shay Kutten	4	0.0749609578345	0.000842815002107	34.0	0.0796460176991	0.0119663889537
47279	Yishay Mansour	4	0.0796460176991	0.00376632954067	132.0	0.0884955752212	0.0147668536626
50468	Amos Israeli	4	0.0353982300885	0.000790139064475	28.0	0.0530973451327	0.0139777935831
44345	Danny Dolev	4	0.0566371681416	0.000395069532238	20.0	0.070796460177	0.0110494343215
34220	Hagit Attiya	4	0.062930186824	0.0015012642225	48.0	0.0796460176991	0.0130465543118
47681	Sam Toueg	3	0.0368731563422	0.00063211125158	30.0	0.0530973451327	0.0115207373272
38500	Joseph Y. Halpern	3	0.0535398230088	0.00489886219975	252.0	0.0530973451327	0.0126269132888
39027	Amir Herzberg	3	0.0606826801517	5.26759376317e-05	42.0	0.0530973451327	0.00807411959958
107944	Yoram Moses	3	0.0563577084304	0.00537294563843	262.0	0.0619469026549	0.0142108099588
# Periodo: 1990-1992
47277	Baruch Awerbuch	6	0.0929791271347	0.00638167671999	188.0	0.104838709677	0.0174203865298
117784	David Peleg	5	0.0752688172043	0.00262260687123	108.0	0.0806451612903	0.0134646178905
47681	Sam Toueg	4	0.0439068100358	0.00524521374246	420.0	0.0564516129032	0.0112203544878
119000	Yehuda Afek	4	0.0706256109482	0.00517964857068	50.0	0.0806451612903	0.0123404661172
50468	Amos Israeli	4	0.0439744370055	0.00406504065041	374.0	0.0483870967742	0.0111916023161
38500	Joseph Y. Halpern	3	0.05098855359	0.00675321269342	496.0	0.0483870967742	0.0096832547498
78498	Gadi Taubenfeld	3	0.0665898617512	0.00865460267506	610.0	0.0564516129032	0.00946252932493
47278	Shay Kutten	3	0.0687237026648	0.000349680916164	46.0	0.0645161290323	0.00992998342417
173064	Eli Gafni	3	0.0568450039339	0.000458956202465	82.0	0.0645161290323	0.00968624131839
50469	Shlomo Moran	3	0.0554915514593	0.0068187778652	528.0	0.0483870967742	0.00959498076513
116638	Michael Merritt	3	0.0685483870968	0.00367164961972	68.0	0.0725806451613	0.0109402691598
34220	Hagit Attiya	3	0.0597601323408	0.00478625753999	312.0	0.0725806451613	0.0115645560617
# Periodo: 1993-1995
36067	Marios Mavronicolas	5	0.0127118644068	7.21240533718e-05	14.0	0.021186440678	0.00546977140739
51799	Maurice Herlihy	4	0.0316719333525	0.00396682293545	1152.0	0.0296610169492	0.00586411423683
41209	James H. Anderson	4	0.0222457627119	0.00140641904075	576.0	0.021186440678	0.0050978322276
173064	Eli Gafni	3	0.0169491525424	0.000180310133429	44.0	0.021186440678	0.005072533569
117784	David Peleg	3	0.00847457627119	3.60620266859e-05	8.0	0.0169491525424	0.0052665619514
39027	Amir Herzberg	3	0.0366400797607	0.00400288496213	1164.0	0.0338983050847	0.00639661799873
39046	Rafail Ostrovsky	3	0.0176553672316	0.000252434186801	44.0	0.0254237288136	0.00666675754068
116620	Costas Busch	3	0.00953389830508	0.0	8.0	0.0169491525424	0.00414285649956
36012	Shlomi Dolev	3	0.00847457627119	3.60620266859e-05	8.0	0.0169491525424	0.0052665619514
119000	Yehuda Afek	3	0.0217917675545	0.000396682293545	64.0	0.0296610169492	0.00718764500052
36111	Sergio Rajsbaum	3	0.0352574352414	0.00375045077533	1134.0	0.021186440678	0.00401359266063
39044	Juan A. Garay	3	0.0333686440678	0.00328164442842	982.0	0.0381355932203	0.00711925011557
282	H. Raymond Strong	3	0.0296610169492	0.000414713306888	54.0	0.0381355932203	0.00683143282665
107944	Yoram Moses	3	0.021186440678	0.000252434186801	38.0	0.0296610169492	0.00670769771212
336307	Manhoi Choy	3	0.0176553672316	5.40930400288e-05	12.0	0.0254237288136	0.0050318203862
51956	Ambuj K. Singh	3	0.0176553672316	0.000144248106744	30.0	0.0254237288136	0.00523022218869
116716	Mark Moir	3	0.0274800598205	0.00194734944104	694.0	0.0254237288136	0.00496845317676
376317	Orli Waarts	3	0.0252519468621	0.000649116480346	148.0	0.0254237288136	0.00472592346368
116749	Gil Neiger	2	0.0	0.0	0.0	0.00847457627119	0.0042194092827
122902	Cynthia Dwork	2	0.0252519468621	0.000649116480346	148.0	0.0254237288136	0.00472592346368
377883	Aleta Ricciardi	2	0.0225988700565	0.000252434186801	60.0	0.0254237288136	0.00480484125888
38488	Moti Yung	2	0.0169491525424	0.000144248106744	24.0	0.0254237288136	0.0059374921044
33883	Gurdip Singh	2	0.0	0.0	0.0	0.00847457627119	0.0042194092827
# Periodo: 1994-1996
36067	Marios Mavronicolas	7	0.0102040816327	4.64349562351e-05	14.0	0.0170068027211	0.0043943587239
117784	David Peleg	5	0.021926627794	0.00116087390588	562.0	0.0238095238095	0.00500799625387
39044	Juan A. Garay	5	0.0350877192982	0.00150913607764	382.0	0.0374149659864	0.00698594957614
282	H. Raymond Strong	5	0.0401526464244	0.00277448863504	218.0	0.0374149659864	0.00644951422796
116716	Mark Moir	5	0.0266666666667	0.000557219474821	190.0	0.0238095238095	0.00448946462544
173064	Eli Gafni	4	0.0191326530612	0.000325044693645	186.0	0.0170068027211	0.00391568411979
47681	Sam Toueg	4	0.0204081632653	0.000208957303058	44.0	0.0272108843537	0.00545191556301
116620	Costas Busch	4	0.00765306122449	0.0	8.0	0.0136054421769	0.003328328781
36012	Shlomi Dolev	4	0.0314843886272	0.00290218476469	1074.0	0.0272108843537	0.00537498892051
119000	Yehuda Afek	4	0.0263898662913	0.00174131085881	602.0	0.030612244898	0.00711130353673
41209	James H. Anderson	4	0.018018018018	0.0	74.0	0.0136054421769	0.0026411124423
36111	Sergio Rajsbaum	4	0.0195983155167	0.000232174781175	102.0	0.0136054421769	0.0028937261364
50452	Nancy A. Lynch	4	0.0316588173731	0.000905481646584	204.0	0.0374149659864	0.00686504100033
44345	Danny Dolev	4	0.0350267766681	0.00094030786376	228.0	0.030612244898	0.00526461246451
47481	Keith Marzullo	4	0.0102040816327	6.96524343526e-05	18.0	0.0170068027211	0.00517211252839
116749	Gil Neiger	3	0.0	0.0	0.0	0.00680272108844	0.00338983050847
38929	Mukesh Singhal	3	0.0197897340754	0.000220566042117	56.0	0.0238095238095	0.00476685110598
377883	Aleta Ricciardi	3	0.0288817281298	0.000487567040468	268.0	0.0204081632653	0.00365795613764
51799	Maurice Herlihy	3	0.0132762782532	0.0	62.0	0.0102040816327	0.00231019765139
38488	Moti Yung	3	0.0204081632653	0.00027860973741	60.0	0.0272108843537	0.00622395109753
39046	Rafail Ostrovsky	3	0.0162831089883	0.000626871909173	330.0	0.0204081632653	0.0050747303511
33933	Mahadev Satyanarayanan	3	0.0102040816327	1.16087390588e-05	6.0	0.0170068027211	0.00381046641099
36000	Paul G. Spirakis	3	0.0136054421769	6.96524343526e-05	20.0	0.0204081632653	0.00438725983372
78498	Gadi Taubenfeld	3	0.0201396348013	0.000626871909173	276.0	0.0204081632653	0.00491792101607
47281	George Varghese	3	0.00680272108844	2.32174781175e-05	8.0	0.0136054421769	0.0042311023135
157377	Martha J. Kosa	3	0.0	0.0	0.0	0.00680272108844	0.00338983050847
65254	Cyril Gavoille	3	0.00680272108844	2.32174781175e-05	8.0	0.0136054421769	0.0042311023135
34033	Michel Raynal	3	0.021768707483	0.000325044693645	76.0	0.0272108843537	0.00540757520235
44277	Avishai Wool	3	0.0170540438398	0.000417914606115	322.0	0.0136054421769	0.00314200383759
# Periodo: 1997-1999
47281	George Varghese	7	0.0440528634361	0.00152040856107	176.0	0.0528634361233	0.0114450066755
47278	Shay Kutten	6	0.0407771376934	0.00471716502281	986.0	0.0440528634361	0.00898920827273
38410	Dahlia Malkhi	5	0.0392470965158	0.00206619624966	344.0	0.0396475770925	0.00700019587604
36067	Marios Mavronicolas	5	0.0344088581974	0.00296284745234	690.0	0.0308370044053	0.00553639373974
173064	Eli Gafni	4	0.0176211453744	0.000194924174496	28.0	0.0264317180617	0.00698889679153
38929	Mukesh Singhal	4	0.0176211453744	0.000194924174496	28.0	0.0264317180617	0.00698889679153
39046	Rafail Ostrovsky	4	0.035340186001	0.00366457448053	858.0	0.0352422907489	0.00707295851497
36000	Paul G. Spirakis	4	0.028934721666	0.00202721141476	512.0	0.0352422907489	0.00595676543654
157353	Joffroy Beauquier	4	0.0318061674009	0.00194924174496	486.0	0.0308370044053	0.00673202053643
38608	Michael K. Reiter	4	0.0308370044053	0.000194924174496	56.0	0.0264317180617	0.00458227302812
119000	Yehuda Afek	4	0.0335033619291	0.00222213558926	414.0	0.0396475770925	0.00650875015852
147264	Nir Shavit	4	0.0132158590308	7.79696697984e-05	14.0	0.0220264317181	0.00568568343662
116716	Mark Moir	4	0.0183553597651	0.000175431757047	30.0	0.0264317180617	0.00585764617476
116738	Alexander A. Shvartsman	3	0.0246696035242	0.00050680285369	164.0	0.0264317180617	0.00519108916376
410197	Asaph Zemach	3	0.00991189427313	0.0	8.0	0.0176211453744	0.00430639030875
47280	Boaz Patt-Shamir	3	0.0387880090255	0.00343066547113	840.0	0.0176211453744	0.00330102522656
44345	Danny Dolev	3	0.0319791156796	0.00113056021208	202.0	0.0352422907489	0.00662741914782
118602	Prasad Jayanti	3	0.015859030837	0.0	20.0	0.0176211453744	0.00328800582448
116638	Michael Merritt	3	0.035364659814	0.00124751471678	72.0	0.0264317180617	0.00426095713894
34220	Hagit Attiya	3	0.0249632892805	0.0	102.0	0.0264317180617	0.00413859048708
105478	Jerry James	2	0.00440528634361	0.0	2.0	0.0132158590308	0.00438596491228
36012	Shlomi Dolev	2	0.0254625550661	0.00116954504698	352.0	0.0220264317181	0.00433616062103
# Periodo: 1998-2000
117784	David Peleg	5	0.0443220561238	0.00524860350644	1316.0	0.0406504065041	0.00785589472548
47278	Shay Kutten	5	0.0518484430127	0.00753276920524	1888.0	0.0325203252033	0.00663578172322
47280	Boaz Patt-Shamir	4	0.0473787496496	0.00627177700348	1648.0	0.0284552845528	0.0060732952712
47281	George Varghese	4	0.0243902439024	0.000365024058404	56.0	0.0325203252033	0.00700699286722
119000	Yehuda Afek	4	0.0281256866623	0.00205740832919	574.0	0.0325203252033	0.00571169398008
36067	Marios Mavronicolas	4	0.0306073648972	0.00228969636635	620.0	0.0284552845528	0.00563937187292
34033	Michel Raynal	4	0.0338753387534	0.00116144018583	188.0	0.0406504065041	0.00860091965458
34220	Hagit Attiya	4	0.0221414980107	0.000497760079642	216.0	0.0284552845528	0.00510348911243
116716	Mark Moir	4	0.0162601626016	0.000165920026547	28.0	0.0243902439024	0.00645128934603
116738	Alexander A. Shvartsman	3	0.025406504065	0.000763232122117	160.0	0.0325203252033	0.00665069367112
173064	Eli Gafni	3	0.0121951219512	6.63680106189e-05	14.0	0.020325203252	0.00524832317227
38929	Mukesh Singhal	3	0.0121951219512	6.63680106189e-05	14.0	0.020325203252	0.00524832317227
39046	Rafail Ostrovsky	3	0.0366395663957	0.00305292848847	910.0	0.0284552845528	0.00626452247378
157345	Dan Touitou	3	0.0221414980107	6.63680106189e-05	94.0	0.0284552845528	0.00490949692431
157353	Joffroy Beauquier	3	0.0376433901325	0.00159283225485	526.0	0.0243902439024	0.00511738236367
36111	Sergio Rajsbaum	3	0.0182926829268	0.000365024058404	72.0	0.0243902439024	0.00592155750733
50058	Mustaque Ahamad	3	0.025406504065	0.000530944084951	120.0	0.0243902439024	0.00513425486324
118602	Prasad Jayanti	3	0.0146341463415	0.0	20.0	0.0162601626016	0.00303508229951
36000	Paul G. Spirakis	3	0.0260162601626	0.00159283225485	464.0	0.0325203252033	0.00568114930621
36012	Shlomi Dolev	2	0.0162601626016	0.000265472042476	62.0	0.020325203252	0.00472532310175
38410	Dahlia Malkhi	2	0.0213949507916	0.000232288037166	38.0	0.0243902439024	0.00440482800957
52788	Guohong Cao	2	0.00914634146341	0.0	8.0	0.0162601626016	0.00397512951577
410197	Asaph Zemach	2	0.00406504065041	0.0	2.0	0.0121951219512	0.00404858299595
56921	Andrzej Pelc	2	0.0331080419238	4.42453404126e-05	166.0	0.0243902439024	0.00444366581391
# Periodo: 2001-2003
51799	Maurice Herlihy	6	0.04682230869	0.00356679636835	784.0	0.0389105058366	0.00694875183399
34033	Michel Raynal	6	0.0348753422683	0.00371372405966	1016.0	0.0505836575875	0.00838380273424
47280	Boaz Patt-Shamir	5	0.0249027237354	0.00199112354086	580.0	0.0350194552529	0.0075516646756
65786	Roger Wattenhofer	4	0.0425657351727	0.00291828793774	646.0	0.0428015564202	0.00722834078868
50452	Nancy A. Lynch	4	0.00778210116732	3.03988326848e-05	8.0	0.0155642023346	0.00483788830419
118602	Prasad Jayanti	4	0.00778210116732	0.0	4.0	0.0155642023346	0.00387596899225
116716	Mark Moir	4	0.0342602258707	0.00052691309987	78.0	0.0311284046693	0.0052294505386
116738	Alexander A. Shvartsman	3	0.023165324405	0.0016111381323	542.0	0.0233463035019	0.00491418382674
47668	Achour Mostéfaoui	3	0.0265249082041	2.02658884565e-05	142.0	0.0272373540856	0.00424441141165
115230	C. Pandu Rangan	3	0.0233463035019	9.11964980545e-05	12.0	0.0311284046693	0.00497506004735
119070	Dariusz R. Kowalski	3	0.0191559413349	0.00124635214008	484.0	0.0233463035019	0.00540789039171
41209	James H. Anderson	3	0.00389105058366	0.0	2.0	0.011673151751	0.00387596899225
117518	K. Srinathan	3	0.0233463035019	9.11964980545e-05	12.0	0.0311284046693	0.00497506004735
147264	Nir Shavit	3	0.00778210116732	3.03988326848e-05	8.0	0.0155642023346	0.00483788830419
175053	Grzegorz Malewicz	3	0.0255412551132	0.00191512645914	684.0	0.0194552529183	0.00392181489863
173064	Eli Gafni	2	0.0324701462498	0.00319187743191	1120.0	0.0233463035019	0.00416033391185
38410	Dahlia Malkhi	2	0.0124513618677	9.11964980545e-05	24.0	0.0194552529183	0.00496566259605
115732	Srdjan Petrovic	2	0.00778210116732	0.0	4.0	0.0155642023346	0.00387596899225
117784	David Peleg	2	0.0191559413349	0.000455982490272	236.0	0.0194552529183	0.0043200115562
173094	Srikanta Tirthapura	2	0.0351167315175	0.0	80.0	0.0155642023346	0.00258429112475
116285	Alexander Russell	2	0.0211938074344	0.000151994163424	94.0	0.0194552529183	0.00399484242364
283224	Michael Greenwald	2	0.0	0.0	0.0	0.00778210116732	0.00387596899225
151662	Scott Shenker	2	0.0233463035019	9.11964980545e-05	12.0	0.0311284046693	0.00497506004735
336445	Danny Hendler	2	0.00518806744488	0.0	6.0	0.011673151751	0.00339500933628
74889	Amotz Bar-Noy	2	0.0262133934057	0.00194552529183	684.0	0.0194552529183	0.00387161686972
# Periodo: 2002-2004
34033	Michel Raynal	7	0.0419265419265	0.00275166955231	810.0	0.0448717948718	0.00732028122884
50452	Nancy A. Lynch	5	0.0377073906486	0.00162832879875	546.0	0.0352564102564	0.00618071268051
38410	Dahlia Malkhi	4	0.0235507246377	0.000618352708385	240.0	0.0224358974359	0.0046361872449
115230	C. Pandu Rangan	4	0.0288461538462	0.000216423447935	18.0	0.0352564102564	0.00522451332918
47668	Achour Mostéfaoui	4	0.0292694726657	7.21411493116e-05	106.0	0.025641025641	0.00413338074948
51799	Maurice Herlihy	4	0.0192307692308	0.000123670541677	32.0	0.025641025641	0.00464530438361
151662	Scott Shenker	4	0.0314685314685	0.000989364333416	336.0	0.0352564102564	0.00550062360589
433439	Faith Ellen Fich	4	0.0236013986014	0.000597740951439	162.0	0.0288461538462	0.00683695515848
47280	Boaz Patt-Shamir	4	0.018648018648	0.000412235138923	126.0	0.0224358974359	0.00487227955369
65786	Roger Wattenhofer	4	0.0128205128205	2.06117569462e-05	8.0	0.0192307692308	0.00372948957404
36012	Shlomi Dolev	4	0.0377073906486	0.00166955231264	556.0	0.0352564102564	0.00631362390347
117518	K. Srinathan	4	0.0288461538462	0.000216423447935	18.0	0.0352564102564	0.00522451332918
47390	Idit Keidar	4	0.0246212121212	0.000845082034793	280.0	0.0288461538462	0.00634921646212
335656	Fabian Kuhn	4	0.0128205128205	2.06117569462e-05	8.0	0.0192307692308	0.00372948957404
147264	Nir Shavit	4	0.0162259615385	0.000164894055569	78.0	0.0160256410256	0.00372702313877
189270	Carole Delporte-Gallet	4	0.0430911680912	0.00125731717372	72.0	0.0320512820513	0.00460357064143
174469	Hugues Fauconnier	4	0.0430911680912	0.00125731717372	72.0	0.0320512820513	0.00460357064143
118602	Prasad Jayanti	4	0.00641025641026	0.0	4.0	0.0128205128205	0.00319488817891
116738	Alexander A. Shvartsman	3	0.0377073906486	0.00166955231264	580.0	0.0320512820513	0.00573306841903
47681	Sam Toueg	3	0.0330060010911	0.000123670541677	94.0	0.025641025641	0.00363326759777
119070	Dariusz R. Kowalski	3	0.0261643118786	0.000762635007008	362.0	0.0160256410256	0.00365279471912
336445	Danny Hendler	3	0.0152714932127	0.0	34.0	0.0128205128205	0.00278742157593
50837	Rachid Guerraoui	3	0.0330060010911	0.00117487014593	472.0	0.0320512820513	0.00475760572091
47279	Yishay Mansour	3	0.0114468864469	0.000164894055569	58.0	0.0160256410256	0.00448942128989
147195	Victor Luchangco	3	0.0164835164835	2.06117569462e-05	14.0	0.0224358974359	0.00387416523866
36103	Christos H. Papadimitriou	3	0.0384615384615	0.00173138758348	540.0	0.0416666666667	0.00611220118385
117058	Christian Cachin	3	0.00641025641026	0.0	4.0	0.0128205128205	0.00319488817891
115072	James Aspnes	3	0.0224358974359	0.000237035204881	54.0	0.0288461538462	0.00517268236394
117177	Marcos Kawazoe Aguilera	3	0.0304172951232	0.000824470277846	378.0	0.0224358974359	0.0035904789977
116686	Ittai Abraham	3	0.0235507246377	0.000618352708385	254.0	0.0192307692308	0.00387017246386
116716	Mark Moir	3	0.0164835164835	2.06117569462e-05	14.0	0.0224358974359	0.00387416523866
# Periodo: 2005-2007
65786	Roger Wattenhofer	7	0.0429072901649	0.0153493115757	17288.0	0.0215633423181	0.00354918905588
47277	Baruch Awerbuch	6	0.0120068610635	0.000160268084796	82.0	0.0161725067385	0.0040179708834
50837	Rachid Guerraoui	6	0.0523408078607	0.0099730458221	1224.0	0.0269541778976	0.00421958067839
34033	Michel Raynal	5	0.0181940700809	0.000301109735072	126.0	0.0215633423181	0.00406043240951
175594	Thomas Moscibroda	5	0.0369927514203	0.00012384352007	798.0	0.0134770889488	0.00220619622881
429970	Vassos Hadzilacos	5	0.0396777091847	0.0086690464049	8822.0	0.0296495956873	0.00499079592745
28806	Rohit Khandekar	4	0.00776914539401	0.0	34.0	0.00808625336927	0.00188918409858
51799	Maurice Herlihy	4	0.0480785270903	0.000342390908429	614.0	0.0188679245283	0.0027770722577
117784	David Peleg	4	0.0224618149146	0.000276826691921	96.0	0.0269541778976	0.00441860534027
34220	Hagit Attiya	4	0.0459816442888	0.00971807386902	8714.0	0.0296495956873	0.00518007009173
47278	Shay Kutten	3	0.0134770889488	0.0	40.0	0.010781671159	0.00189355046084
47358	Lorenzo Alvisi	3	0.0287511230907	0.00120929554892	524.0	0.0350404312668	0.00537548567059
172487	Haifeng Yu	3	0.00539083557951	0.0	4.0	0.010781671159	0.00268817204301
47668	Achour Mostéfaoui	3	0.0136455525606	0.000116558607125	78.0	0.0161725067385	0.00309728052945
47681	Sam Toueg	3	0.0338534582952	0.0010781671159	868.0	0.0242587601078	0.00397843719253
117568	Corentin Travers	3	0.0145552560647	3.88528690415e-05	30.0	0.0188679245283	0.00346682906495
115664	Amos Korman	3	0.0134770889488	0.0	40.0	0.010781671159	0.00189355046084
173094	Srikanta Tirthapura	3	0.010781671159	2.91396517812e-05	6.0	0.0161725067385	0.00342630759943
277718	Panagiota Fatourou	3	0.0380415149915	0.00106359729001	1696.0	0.0134770889488	0.00258620593935
74964	Goran Konjevod	3	0.0186493771399	0.000568223209733	356.0	0.0161725067385	0.00305502728706
36111	Sergio Rajsbaum	3	0.0136455525606	9.71321726039e-06	32.0	0.0161725067385	0.002918317176
50452	Nancy A. Lynch	3	0.0530939130098	0.0130254243462	-310.0	0.0296495956873	0.00434890924389
34139	Michael L. Scott	3	0.010781671159	4.37094776717e-05	20.0	0.0161725067385	0.00347914422298
336445	Danny Hendler	3	0.0462699304599	0.0108399504626	10694.0	0.0215633423181	0.00337326497756
56921	Andrzej Pelc	3	0.0207339829981	0.000233117214249	102.0	0.0242587601078	0.00393455520985
47390	Idit Keidar	3	0.0349765588074	0.00700808625337	7896.0	0.0242587601078	0.00414711054915
38608	Michael K. Reiter	3	0.0161725067385	0.000116558607125	44.0	0.0215633423181	0.00387091976028
335656	Fabian Kuhn	3	0.0384377807727	0.0135207984265	15576.0	0.0242587601078	0.00365209581015
172938	Rida A. Bazzi	3	0.0246438197921	0.000859619727544	454.0	0.0161725067385	0.00299986546135
44345	Danny Dolev	3	0.029344150729	0.00106359729001	2156.0	0.0161725067385	0.00302637269219
116686	Ittai Abraham	3	0.0339312823373	0.00697894660159	8218.0	0.0296495956873	0.00490481567038
116753	Bastian Pochon	2	0.0416952198212	0.0	708.0	0.010781671159	0.00166766552273
55419	Fernando Pedone	2	0.00808625336927	2.91396517812e-05	14.0	0.0134770889488	0.00348477371922
174216	Seth Gilbert	2	0.0502044483562	0.00302081056798	588.0	0.0242587601078	0.00336080727253
174217	Calvin C. Newport	2	0.0505483144408	0.00647385930405	-228.0	0.0269541778976	0.00377687688253
47255	Martin Hutle	2	0.0134770889488	0.0	10.0	0.0188679245283	0.00268817204301
47280	Boaz Patt-Shamir	2	0.0132075471698	0.000174837910687	88.0	0.0161725067385	0.00377904095892
# Periodo: 2006-2008
47277	Baruch Awerbuch	9	0.0165425971878	0.000358011431675	200.0	0.0173697270471	0.00371365932731
34220	Hagit Attiya	8	0.0625873633339	0.0146160959353	11698.0	0.0372208436725	0.00674199031187
50837	Rachid Guerraoui	8	0.0699146644072	0.0137009622806	1084.0	0.0397022332506	0.00651285143224
28806	Rohit Khandekar	6	0.0103391232423	0.0	48.0	0.00744416873449	0.00156067629412
47390	Idit Keidar	6	0.0399234156086	0.00923011081894	10030.0	0.0347394540943	0.00560106264326
44345	Danny Dolev	6	0.0341902941057	0.0014320457267	1194.0	0.0198511166253	0.00381167702023
65786	Roger Wattenhofer	5	0.0302262020355	0.00115427823661	630.0	0.0173697270471	0.00325823148403
336445	Danny Hendler	5	0.0628618693135	0.00850815049178	-724.0	0.0248138957816	0.00397816672652
34033	Michel Raynal	5	0.0286848635236	0.000695447493714	186.0	0.0272952853598	0.00468902312943
174216	Seth Gilbert	4	0.0639844026941	0.00777890060509	-164.0	0.0223325062035	0.0034302587846
117059	Alexander Shraer	4	0.0334871640268	0.00049586640824	850.0	0.0198511166253	0.00319343468661
107022	Anne-Marie Kermarrec	4	0.0298800661704	0.00096909990988	414.0	0.0322580645161	0.0050270955377
51799	Maurice Herlihy	4	0.0557685066283	9.87617742553e-05	514.0	0.0173697270471	0.0026570839424
60644	Stefan Schmid	4	0.0302262020355	0.00070985025246	270.0	0.0173697270471	0.0031000049953
150886	Andréa W. Richa	4	0.0145964092833	0.00025924965742	160.0	0.0173697270471	0.00344390133736
38500	Joseph Y. Halpern	4	0.0339123242349	0.000962927298989	886.0	0.0173697270471	0.00317877017118
335656	Fabian Kuhn	4	0.0389833259897	0.00319741244151	2360.0	0.029776674938	0.00448321439965
116686	Ittai Abraham	4	0.0448517836655	0.00666641976223	5070.0	0.0272952853598	0.0042045353075
47358	Lorenzo Alvisi	3	0.0272952853598	0.000469118427713	174.0	0.0322580645161	0.00495628316802
119070	Dariusz R. Kowalski	3	0.056875024617	0.00182709282372	1800.0	0.0173697270471	0.00294987755689
709860	Donglin Xia	3	0.0103391232423	0.0	48.0	0.0124069478908	0.00237013278394
117177	Marcos Kawazoe Aguilera	3	0.0403732569112	0.000925891633643	1568.0	0.0173697270471	0.00312714801294
172487	Haifeng Yu	3	0.00496277915633	0.0	4.0	0.00992555831266	0.00247524752475
47668	Achour Mostéfaoui	3	0.0256114852889	0.000185178326729	56.0	0.0198511166253	0.00311719037496
47681	Sam Toueg	3	0.0403732569112	0.000925891633643	1568.0	0.0173697270471	0.00312714801294
127670	Kannan Srinathan	3	0.0103391232423	0.0	12.0	0.014888337469	0.00244623405112
189174	Ashish Choudhary	3	0.0124069478908	1.85178326729e-05	10.0	0.0173697270471	0.00292012078707
105316	Michael F. Spear	3	0.00992555831266	1.23452217819e-05	8.0	0.014888337469	0.00288943127889
115664	Amos Korman	3	0.00248138957816	0.0	2.0	0.00744416873449	0.00247524752475
117784	David Peleg	3	0.0328442195346	0.00355542387319	3230.0	0.0248138957816	0.00381213410062
173094	Srikanta Tirthapura	3	0.00992555831266	2.46904435638e-05	6.0	0.014888337469	0.00315491689849
36012	Shlomi Dolev	3	0.0617780439805	0.00708991965612	5036.0	0.0248138957816	0.00400063941301
115230	C. Pandu Rangan	3	0.0103391232423	0.0	12.0	0.014888337469	0.00244623405112
74964	Goran Konjevod	3	0.0103391232423	0.0	48.0	0.0124069478908	0.00237013278394
277718	Panagiota Fatourou	3	0.0480956584009	0.000925891633643	1340.0	0.0124069478908	0.00238964167068
156906	Philipp Woelfel	3	0.052308416801	0.00117279606928	548.0	0.014888337469	0.00242220119054
36111	Sergio Rajsbaum	3	0.0199200441136	0.000201638622438	174.0	0.0173697270471	0.00300941513126
50452	Nancy A. Lynch	3	0.0602206143003	0.00624609435394	1028.0	0.0223325062035	0.00353195433406
511268	Wojciech M. Golab	3	0.0490839253544	0.000925891633643	1316.0	0.014888337469	0.00261600201591
34139	Michael L. Scott	3	0.00992555831266	1.23452217819e-05	8.0	0.014888337469	0.00288943127889
# Periodo: 2009-2011
65786	Roger Wattenhofer	9	0.0640256893198	0.00519636346855	8050.0	0.0171673819742	0.0030813049725
335656	Fabian Kuhn	6	0.101593274149	0.0289205777839	-1714.0	0.0278969957082	0.00387832300388
47390	Idit Keidar	5	0.0561133090508	0.00817450428415	12592.0	0.0278969957082	0.00503697990013
117314	Gopal Pandurangan	5	0.0145064377682	0.000424569661729	354.0	0.0171673819742	0.00343989897944
115663	Yuval Emek	5	0.0656310532113	0.0229544510591	34638.0	0.0343347639485	0.00519602209891
34033	Michel Raynal	5	0.0513832033225	0.00261664128478	3748.0	0.0150214592275	0.0031035900581
50452	Nancy A. Lynch	5	0.0867404562909	0.00512252526651	3642.0	0.0214592274678	0.00326950810853
50837	Rachid Guerraoui	5	0.0961076761928	0.0401935176212	41682.0	0.0407725321888	0.00554911735641
87016	Jared Saia	5	0.0151108726753	0.000424569661729	342.0	0.019313304721	0.00387960302096
174216	Seth Gilbert	4	0.0950808847805	0.0167308136047	7112.0	0.0278969957082	0.00410957432052
174217	Calvin C. Newport	4	0.0965246292348	0.0127620102451	922.0	0.0214592274678	0.00289080286539
176267	Johannes Schneider	4	0.0531000645313	0.0	1676.0	0.00643776824034	0.00120931758796
510100	Rotem Oshman	4	0.0844361557443	0.0120128601535	13326.0	0.0214592274678	0.00307036186941
47280	Boaz Patt-Shamir	4	0.054867884189	0.00393188425862	7328.0	0.0214592274678	0.00372479438868
12703	Sriram V. Pemmaraju	4	0.00894134477825	6.46084267848e-05	44.0	0.0128755364807	0.00315092729911
115230	C. Pandu Rangan	4	0.00643776824034	4.61488762749e-06	6.0	0.0107296137339	0.00240703980994
8744	Christoph Lenzen	4	0.0793188129719	0.00318427246297	1122.0	0.0128755364807	0.00190916782564
51799	Maurice Herlihy	4	0.0730670838707	0.0166157490732	24386.0	0.019313304721	0.00340990318569
455786	Keren Censor-Hillel	4	0.0898946547015	0.0345101296783	48120.0	0.0278969957082	0.00409543248924
36012	Shlomi Dolev	4	0.0888180720105	0.0173888965804	19530.0	0.0343347639485	0.00512711951556
107709	Damien Imbs	4	0.0513239378054	0.00129678342332	1734.0	0.0128755364807	0.00254120451151
156906	Philipp Woelfel	4	0.0107296137339	6.46084267848e-05	38.0	0.0150214592275	0.00340412068045
150886	Andréa W. Richa	4	0.0806120544878	0.0101865952897	12044.0	0.0300429184549	0.00442515491767
115664	Amos Korman	4	0.0551398439619	0.00894365222207	15564.0	0.0150214592275	0.00279020090171
24317	Arpita Patra	4	0.00643776824034	4.61488762749e-06	6.0	0.0107296137339	0.00240703980994
176141	Atish Das Sarma	3	0.010361741263	0.0	70.0	0.0107296137339	0.00203834804026
176142	Danupon Nanongkai	3	0.010361741263	0.0	70.0	0.0107296137339	0.00203834804026
119070	Dariusz R. Kowalski	3	0.0736719438365	0.00392265448336	5668.0	0.0150214592275	0.00295066812042
116785	Valerie King	3	0.010361741263	0.0	70.0	0.00858369098712	0.00169247760705
47278	Shay Kutten	3	0.0471875440904	0.00390419493285	8372.0	0.0150214592275	0.00282834247679
115072	James Aspnes	3	0.0780664106618	0.00390419493285	5664.0	0.0171673819742	0.00276047565877
174469	Hugues Fauconnier	3	0.0779296919041	0.00609780485179	1142.0	0.0214592274678	0.0029412725512
47552	Neeraj Suri	3	0.0758055435728	0.000861445690464	1174.0	0.0171673819742	0.00229987506262
703571	Matthias Majuntke	3	0.0758055435728	0.000861445690464	1174.0	0.0171673819742	0.00229987506262
811540	Dan Dobre	3	0.0758055435728	0.000861445690464	1174.0	0.0171673819742	0.00229987506262
117507	Jukka Suomela	3	0.00858369098712	2.76893257649e-05	20.0	0.0128755364807	0.00277139539818
90963	Pierre Fraigniaud	3	0.00643776824034	1.84595505099e-05	14.0	0.0107296137339	0.00277587970782
189270	Carole Delporte-Gallet	3	0.0779296919041	0.00609780485179	1142.0	0.0214592274678	0.0029412725512
174999	Antonio Fernández Anta	3	0.0515021459227	0.0052055932438	9744.0	0.0171673819742	0.00361323570921
676980	Vibhor Bhatt	3	0.00643776824034	1.84595505099e-05	14.0	0.0107296137339	0.00277587970782
36111	Sergio Rajsbaum	3	0.0609559644894	0.0137800544557	22108.0	0.0150214592275	0.00285965799047
511268	Wojciech M. Golab	3	0.00429184549356	0.0	4.0	0.00858369098712	0.00214132762313
116006	Zvi Lotker	3	0.0767204380642	0.0164197701786	4040.0	0.0236051502146	0.00352703983264
34220	Hagit Attiya	3	0.0626730339116	0.00131985786146	3124.0	0.0107296137339	0.00211066217441
175594	Thomas Moscibroda	3	0.06783209463	0.00896211177258	12364.0	0.0214592274678	0.00344970264949
176158	Janna Burman	2	0.0410496808831	0.0	2168.0	0.0107296137339	0.00199139624094
# Periodo: 2010-2012
65786	Roger Wattenhofer	7	0.0357616966165	0.002785072014	2064.0	0.0197183098592	0.00381861892227
510100	Rotem Oshman	4	0.0536425449247	0.00525185008355	2058.0	0.0281690140845	0.00425318496933
455786	Keren Censor-Hillel	4	0.048613556338	0.00480623856131	2376.0	0.0366197183099	0.00587580903778
335656	Fabian Kuhn	4	0.0581545346847	0.00666295323731	-262.0	0.030985915493	0.00464925487959
174216	Seth Gilbert	3	0.0475002687883	0.00291238959179	1376.0	0.030985915493	0.00490228712502
176267	Johannes Schneider	3	0.0282842509603	0.0	440.0	0.00845070422535	0.00167359890902
12703	Sriram V. Pemmaraju	3	0.0112676056338	7.95734861144e-05	28.0	0.0169014084507	0.00447603502379
47552	Neeraj Suri	3	0.0298400572929	0.00022280576112	118.0	0.0225352112676	0.0030531071397
811540	Dan Dobre	3	0.0298400572929	0.00022280576112	118.0	0.0225352112676	0.0030531071397
8744	Christoph Lenzen	3	0.045753935377	0.00334208641681	2298.0	0.0169014084507	0.00266273579213
117314	Gopal Pandurangan	3	0.0112676056338	4.77440916687e-05	20.0	0.0169014084507	0.00363551025547
51799	Maurice Herlihy	3	0.0388908450704	0.00464709158908	3358.0	0.0225352112676	0.00414212561841
117507	Jukka Suomela	3	0.0112676056338	4.77440916687e-05	20.0	0.0169014084507	0.00363551025547
115663	Yuval Emek	3	0.0290744466801	0.00143232275006	618.0	0.030985915493	0.00495834869684
87016	Jared Saia	3	0.0140845070423	9.54881833373e-05	34.0	0.0197183098592	0.00404146389046
703571	Matthias Majuntke	3	0.0298400572929	0.00022280576112	118.0	0.0225352112676	0.0030531071397
107709	Damien Imbs	3	0.0256071407871	0.000358080687515	486.0	0.0140845070423	0.00286474388981
34033	Michel Raynal	3	0.0256071407871	0.000358080687515	486.0	0.0140845070423	0.00286474388981
50452	Nancy A. Lynch	3	0.0505897171648	0.00169756770377	582.0	0.0253521126761	0.00389824796176
511268	Wojciech M. Golab	3	0.0056338028169	0.0	4.0	0.0112676056338	0.00280898876404
150886	Andréa W. Richa	3	0.0471404182672	0.00405824779184	2304.0	0.0338028169014	0.00539644598135
115664	Amos Korman	3	0.0271361502347	0.00127317577783	592.0	0.0197183098592	0.00372461911557
47390	Idit Keidar	3	0.0251509054326	0.00168695790563	1014.0	0.0253521126761	0.00471350955076
176141	Atish Das Sarma	2	0.00901408450704	0.0	10.0	0.0140845070423	0.00286726912562
176142	Danupon Nanongkai	2	0.00901408450704	0.0	10.0	0.0140845070423	0.00286726912562
116785	Valerie King	2	0.00880281690141	0.0	16.0	0.0112676056338	0.00229359007482
510003	Stephan Holzer	2	0.0285437395012	0.0	436.0	0.0140845070423	0.00265467427585
39044	Juan A. Garay	2	0.0201207243461	0.000334208641681	136.0	0.0225352112676	0.00389765444361
174217	Calvin C. Newport	2	0.0501817355747	0.000965491631522	248.0	0.0225352112676	0.00328067703646
577691	Ittay Eyal	2	0.030887076847	0.00200525185008	1176.0	0.0225352112676	0.00353615092209
47278	Shay Kutten	2	0.020873961719	0.000668417283361	378.0	0.0197183098592	0.00373323966858
47280	Boaz Patt-Shamir	2	0.0214232765011	0.000254635155566	182.0	0.0225352112676	0.00358138074704
250080	Eric Ruppert	2	0.0262770653773	0.00105037001671	650.0	0.0281690140845	0.00411078561499
219389	Yvonne Anne Pignolet	2	0.0285437395012	0.0	436.0	0.0140845070423	0.00265467427585
119070	Dariusz R. Kowalski	2	0.0357616966165	0.000732076072253	786.0	0.0140845070423	0.00270997527216
