# Periodo: 1982-1982
34061	K. Mani Chandy	2	0.037037037037	0.0	4.0	0.0740740740741	0.0181818181818
49939	Gregory R. Andrews	2	0.0555555555556	0.00139762403913	14.0	0.0925925925926	0.0235697425043
117146	Eli Upfal	2	0.0185185185185	0.0	2.0	0.0555555555556	0.0181818181818
44345	Danny Dolev	2	0.0555555555556	0.00139762403913	14.0	0.0925925925926	0.0235697425043
117345	Gérard Roucairol	2	0.037037037037	0.000698812019567	8.0	0.0740740740741	0.0226940942269
# Periodo: 1983-1983
48404	C. Mohan	2	0.063829787234	0.00185013876041	14.0	0.106382978723	0.0270069966195
216614	Susan S. Owicki	2	0.0425531914894	0.000925069380204	8.0	0.0851063829787	0.026003649635
48398	Nissim Francez	2	0.063829787234	0.00185013876041	14.0	0.106382978723	0.0270069966195
48221	Philip A. Bernstein	2	0.0425531914894	0.0	4.0	0.0851063829787	0.0208333333333
# Periodo: 1984-1984
50452	Nancy A. Lynch	2	0.0711111111111	0.0030303030303	24.0	0.111111111111	0.0278508902126
122902	Cynthia Dwork	2	0.0711111111111	0.0030303030303	24.0	0.111111111111	0.0278508902126
116638	Michael Merritt	2	0.0222222222222	0.0	2.0	0.0666666666667	0.0217391304348
278649	Gabriel Bracha	2	0.0222222222222	0.0	2.0	0.0666666666667	0.0217391304348
# Periodo: 1985-1985
173064	Eli Gafni	2	0.0204081632653	0.0	2.0	0.0612244897959	0.02
34061	K. Mani Chandy	2	0.0204081632653	0.0	2.0	0.0612244897959	0.02
116638	Michael Merritt	2	0.0816326530612	0.00340136054422	24.0	0.122448979592	0.0281437125749
59044	Ephraim Korach	2	0.0612244897959	0.000425170068027	6.0	0.102040816327	0.0224817518248
50469	Shlomo Moran	2	0.0612244897959	0.000425170068027	6.0	0.102040816327	0.0224817518248
# Periodo: 1986-1986
47237	Brian A. Coan	3	0.0612244897959	0.00170068027211	14.0	0.102040816327	0.0259267170624
50469	Shlomo Moran	2	0.0408163265306	0.000850340136054	8.0	0.0816326530612	0.0249635036496
36103	Christos H. Papadimitriou	1	0.0408163265306	0.0	4.0	0.0816326530612	0.02
13964	Simon M. Kaplan	1	0.0204081632653	0.0	2.0	0.0612244897959	0.02
115087	Greg N. Frederickson	1	0.0204081632653	0.0	2.0	0.0612244897959	0.02
# Periodo: 1987-1987
50452	Nancy A. Lynch	2	0.0363636363636	0.000673400673401	8.0	0.0727272727273	0.0222888425443
49101	Benny Chor	2	0.0545454545455	0.0013468013468	14.0	0.0909090909091	0.02314885452
44148	Jeannette M. Wing	1	0.0181818181818	0.0	2.0	0.0545454545455	0.0178571428571
47681	Sam Toueg	1	0.0181818181818	0.0	2.0	0.0545454545455	0.0178571428571
74889	Amotz Bar-Noy	1	0.0545454545455	0.0	6.0	0.0909090909091	0.0178571428571
# Periodo: 1988-1988
173064	Eli Gafni	2	0.0710227272727	0.00422832980973	38.0	0.0909090909091	0.0209842157998
119000	Yehuda Afek	2	0.094696969697	0.00634249471459	42.0	0.136363636364	0.0285121375665
50452	Nancy A. Lynch	2	0.0909090909091	0.00422832980973	24.0	0.136363636364	0.0312707917498
156929	Shai Ben-David	1	0.0	0.0	0.0	0.0454545454545	0.0222222222222
# Periodo: 1989-1989
115466	Gary L. Peterson	2	0.0487804878049	0.00121951219512	8.0	0.0975609756098	0.0297184567258
47279	Yishay Mansour	2	0.0780487804878	0.00365853658537	24.0	0.121951219512	0.0305033559416
44345	Danny Dolev	2	0.0731707317073	0.00243902439024	14.0	0.121951219512	0.03086513936
115529	Jennifer L. Welch	2	0.0487804878049	0.00121951219512	8.0	0.0975609756098	0.0297184567258
# Periodo: 1990-1990
34220	Hagit Attiya	3	0.12962962963	0.00559049615653	38.0	0.166666666667	0.0262977406257
47277	Baruch Awerbuch	3	0.148148148148	0.0139762403913	96.0	0.185185185185	0.0341935290113
50713	Flaviu Cristian	2	0.0740740740741	0.0020964360587	20.0	0.111111111111	0.0235316663819
50468	Amos Israeli	2	0.0555555555556	0.00139762403913	14.0	0.0925925925926	0.0235697422465
107944	Yoram Moses	2	0.0740740740741	0.00279524807827	24.0	0.111111111111	0.0255851932499
# Periodo: 1991-1991
117784	David Peleg	3	0.0970350404313	0.00362844702467	36.0	0.132075471698	0.0243553567841
36103	Christos H. Papadimitriou	2	0.0377358490566	0.000725689404935	8.0	0.0754716981132	0.0231143552311
47277	Baruch Awerbuch	2	0.0849056603774	0.0	16.0	0.11320754717	0.0197519624324
47278	Shay Kutten	2	0.0849056603774	0.0	16.0	0.11320754717	0.0197519624324
47279	Yishay Mansour	2	0.0970350404313	0.00362844702467	36.0	0.132075471698	0.0243553567841
# Periodo: 1992-1992
78498	Gadi Taubenfeld	2	0.108888888889	0.00816326530612	66.0	0.14	0.0278308149883
119000	Yehuda Afek	2	0.108888888889	0.00816326530612	66.0	0.14	0.0278308149883
117256	Reuven Cohen	1	0.02	0.0	2.0	0.06	0.0196078431373
849418	David Plainfossé	1	0.04	0.0	4.0	0.08	0.0196078431373
49815	Juan Alemany	1	0.02	0.0	2.0	0.06	0.0196078431373
# Periodo: 1993-1993
34220	Hagit Attiya	2	0.0652173913043	0.00193236714976	14.0	0.108695652174	0.0275816138962
51799	Maurice Herlihy	2	0.0869565217391	0.00386473429952	24.0	0.130434782609	0.0299401197605
36012	Shlomi Dolev	1	0.0217391304348	0.0	2.0	0.0652173913043	0.0212765957447
36100	Prabhakar Raghavan	1	0.0652173913043	0.0	6.0	0.108695652174	0.0212765957447
# Periodo: 1994-1994
36067	Marios Mavronicolas	3	0.0143884892086	0.0	4.0	0.0287769784173	0.00714285714286
38488	Moti Yung	2	0.0287769784173	0.000417057658221	24.0	0.0431654676259	0.0100513259196
44148	Jeannette M. Wing	2	0.0215827338129	5.21322072777e-05	6.0	0.0359712230216	0.00802919708029
33933	Mahadev Satyanarayanan	2	0.0215827338129	5.21322072777e-05	6.0	0.0359712230216	0.00802919708029
27345	John Derrick	2	0.0143884892086	0.0	4.0	0.0287769784173	0.00714285714286
119000	Yehuda Afek	2	0.0215827338129	0.000208528829111	14.0	0.0359712230216	0.00925954180801
115466	Gary L. Peterson	2	0.00719424460432	0.0	2.0	0.0215827338129	0.00714285714286
282	H. Raymond Strong	2	0.0359712230216	0.000156396621833	10.0	0.0503597122302	0.00842663427252
115000	Sukumar Ghosh	2	0.0287769784173	0.000312793243666	20.0	0.0431654676259	0.00924458417003
44345	Danny Dolev	2	0.0359712230216	0.000156396621833	10.0	0.0503597122302	0.00842663427252
49471	Howard Bowman	2	0.0143884892086	0.0	4.0	0.0287769784173	0.00714285714286
116620	Costas Busch	2	0.0143884892086	0.0	4.0	0.0287769784173	0.00714285714286
172938	Rida A. Bazzi	2	0.00719424460432	0.0	2.0	0.0215827338129	0.00714285714286
173064	Eli Gafni	1	0.0161870503597	0.0	8.0	0.0287769784173	0.0070132637011
# Periodo: 1995-1995
117784	David Peleg	3	0.0204081632653	0.000210393435725	8.0	0.0408163265306	0.0126078301261
39046	Rafail Ostrovsky	2	0.030612244898	0.00042078687145	14.0	0.0510204081633	0.013094301248
36012	Shlomi Dolev	2	0.0204081632653	0.000210393435725	8.0	0.0408163265306	0.0126078301261
47278	Shay Kutten	2	0.0136054421769	0.0	6.0	0.030612244898	0.00884760008848
36067	Marios Mavronicolas	2	0.0204081632653	0.000210393435725	8.0	0.0408163265306	0.0126078301261
41209	James H. Anderson	2	0.0384153661465	0.00147275405007	80.0	0.0408163265306	0.00924468034603
39044	Juan A. Garay	2	0.0593692022263	0.00315590153587	100.0	0.0816326530612	0.0154227372252
116716	Mark Moir	2	0.0544217687075	0.0025247212287	96.0	0.0612244897959	0.0120840130935
105478	Jerry James	1	0.0102040816327	0.0	2.0	0.030612244898	0.010101010101
# Periodo: 1996-1996
47681	Sam Toueg	3	0.0441176470588	0.00130718954248	60.0	0.0588235294118	0.0134019384947
34033	Michel Raynal	3	0.0450367647059	0.00125272331155	60.0	0.0588235294118	0.0119310768838
50452	Nancy A. Lynch	3	0.0522875816993	0.0016339869281	78.0	0.0661764705882	0.0114364391759
116738	Alexander A. Shvartsman	2	0.0427807486631	0.000326797385621	22.0	0.0588235294118	0.00969409843279
173064	Eli Gafni	2	0.0	0.0	0.0	0.0147058823529	0.00729927007299
38929	Mukesh Singhal	2	0.0360294117647	0.000653594771242	50.0	0.0441176470588	0.00895531485304
117784	David Peleg	2	0.0336134453782	0.00130718954248	108.0	0.0441176470588	0.00887400368015
47279	Yishay Mansour	2	0.0264705882353	0.000544662309368	48.0	0.0367647058824	0.00873253071616
50745	Phillip B. Gibbons	2	0.0294117647059	0.000435729847495	24.0	0.0441176470588	0.010271427947
39044	Juan A. Garay	2	0.0262605042017	0.000653594771242	46.0	0.0367647058824	0.00850400396854
115225	Danny Krizanc	2	0.0361990950226	0.000653594771242	26.0	0.0441176470588	0.0084812577366
78498	Gadi Taubenfeld	2	0.0264705882353	0.000544662309368	48.0	0.0367647058824	0.00873253071616
36012	Shlomi Dolev	2	0.0313725490196	0.00130718954248	106.0	0.0441176470588	0.00890301952612
# Periodo: 1997-1997
38410	Dahlia Malkhi	3	0.0673076923077	0.0030525030525	70.0	0.0879120879121	0.0169735836597
47281	George Varghese	3	0.0549450549451	0.0019536019536	42.0	0.0769230769231	0.0185318733039
47278	Shay Kutten	2	0.043956043956	0.000732600732601	20.0	0.0659340659341	0.0140678440333
47677	Barbara Liskov	2	0.021978021978	0.0002442002442	8.0	0.043956043956	0.0135671215487
38608	Michael K. Reiter	2	0.0448717948718	0.0001221001221	24.0	0.0549450549451	0.0106709171315
119000	Yehuda Afek	2	0.043956043956	0.000732600732601	20.0	0.0659340659341	0.0140678440333
47390	Idit Keidar	2	0.0538461538462	0.000610500610501	20.0	0.0659340659341	0.0122908941196
44345	Danny Dolev	2	0.0538461538462	0.000610500610501	20.0	0.0659340659341	0.0122908941196
147264	Nir Shavit	2	0.032967032967	0.0004884004884	14.0	0.0549450549451	0.0140906067779
# Periodo: 1998-1998
47281	George Varghese	4	0.0588235294118	0.00213550766841	56.0	0.078431372549	0.01680317773
47278	Shay Kutten	3	0.0490196078431	0.00155309648612	42.0	0.0686274509804	0.0165527412046
118602	Prasad Jayanti	3	0.0196078431373	0.0	4.0	0.0392156862745	0.00970873786408
116738	Alexander A. Shvartsman	2	0.0392156862745	0.000582411182295	20.0	0.0588235294118	0.0125654529402
173064	Eli Gafni	2	0.0196078431373	0.0	4.0	0.0392156862745	0.00970873786408
39046	Rafail Ostrovsky	2	0.0392156862745	0.00077654824306	24.0	0.0588235294118	0.0136619963956
36067	Marios Mavronicolas	2	0.0294117647059	0.00038827412153	14.0	0.0490196078431	0.0125857846982
36111	Sergio Rajsbaum	2	0.0294117647059	0.00038827412153	14.0	0.0490196078431	0.0125857846982
34220	Hagit Attiya	2	0.00980392156863	0.0	2.0	0.0294117647059	0.00970873786408
336387	Paul S. LeMahieu	1	0.00980392156863	0.0	2.0	0.0294117647059	0.00970873786408
# Periodo: 1999-1999
38929	Mukesh Singhal	3	0.0333333333333	0.000499375780275	14.0	0.0555555555556	0.0142454486104
52788	Guohong Cao	2	0.025	0.0	8.0	0.0444444444444	0.0107896372571
36000	Paul G. Spirakis	2	0.0571428571429	0.00799001248439	312.0	0.0777777777778	0.0131424768888
157353	Joffroy Beauquier	2	0.0444444444444	0.000998751560549	24.0	0.0666666666667	0.0154635783378
36067	Marios Mavronicolas	2	0.064	0.00873907615481	336.0	0.0555555555556	0.0102263289444
34033	Michel Raynal	2	0.0444444444444	0.000998751560549	24.0	0.0666666666667	0.0154635783378
119000	Yehuda Afek	2	0.0571428571429	0.00799001248439	312.0	0.0777777777778	0.0131424768888
116638	Michael Merritt	2	0.064	0.00873907615481	336.0	0.0555555555556	0.0102263289444
116716	Mark Moir	2	0.0222222222222	0.000249687890137	8.0	0.0444444444444	0.0137162107965
# Periodo: 2000-2000
117784	David Peleg	4	0.0695652173913	0.00358337314859	80.0	0.0869565217391	0.0185776104419
56921	Andrzej Pelc	2	0.0579710144928	0.000477783086479	24.0	0.0652173913043	0.0128585788969
51807	Tiko Kameda	2	0.0326086956522	0.000477783086479	14.0	0.054347826087	0.0139390948773
50837	Rachid Guerraoui	2	0.0108695652174	0.0	2.0	0.0326086956522	0.010752688172
157345	Dan Touitou	2	0.0326086956522	0.00011944577162	6.0	0.054347826087	0.0120869633467
47280	Boaz Patt-Shamir	2	0.0326086956522	0.000477783086479	14.0	0.054347826087	0.0139390948773
119000	Yehuda Afek	2	0.0326086956522	0.00011944577162	6.0	0.054347826087	0.0120869633467
3294	Antonio Fernández	2	0.0434782608696	0.000955566172957	24.0	0.0652173913043	0.015131028266
34033	Michel Raynal	2	0.0434782608696	0.000716674629718	20.0	0.0652173913043	0.0139165768944
# Periodo: 2001-2001
51799	Maurice Herlihy	3	0.0478983382209	0.00140252454418	54.0	0.0537634408602	0.0110504890548
117784	David Peleg	2	0.0384024577573	0.000935016362786	34.0	0.0537634408602	0.0127294987515
47280	Boaz Patt-Shamir	2	0.0448028673835	0.00140252454418	40.0	0.0645161290323	0.01496403734
41209	James H. Anderson	2	0.010752688172	0.0	2.0	0.0322580645161	0.0106382978723
65786	Roger Wattenhofer	2	0.0658602150538	0.00280504908836	72.0	0.0860215053763	0.0155348885495
50452	Nancy A. Lynch	2	0.010752688172	0.0	2.0	0.0322580645161	0.0106382978723
116638	Michael Merritt	2	0.0645161290323	0.00187003272557	44.0	0.0860215053763	0.0153189590613
116716	Mark Moir	2	0.0322580645161	0.0	6.0	0.0537634408602	0.0106382978723
116738	Alexander A. Shvartsman	1	0.0215053763441	0.0	4.0	0.0430107526882	0.0106382978723
# Periodo: 2002-2002
34033	Michel Raynal	4	0.0882352941176	0.00436808386721	98.0	0.107843137255	0.0182630413298
38410	Dahlia Malkhi	2	0.0294117647059	0.00038827412153	14.0	0.0490196078431	0.0125857846948
47668	Achour Mostéfaoui	2	0.0610859728507	0.000291205591147	26.0	0.0686274509804	0.0111923587317
283224	Michael Greenwald	2	0.0	0.0	0.0	0.0196078431373	0.00970873786408
47280	Boaz Patt-Shamir	2	0.0294117647059	0.00038827412153	14.0	0.0490196078431	0.0125857846948
49114	Jean-Michel Hélary	2	0.0567226890756	0.000194137060765	28.0	0.0588235294118	0.0100793518054
116738	Alexander A. Shvartsman	1	0.0196078431373	0.0	4.0	0.0392156862745	0.00970873786408
116752	Partha Dutta	1	0.00980392156863	0.0	2.0	0.0294117647059	0.00970873786408
117266	Lisa Higham	1	0.0196078431373	0.0	4.0	0.0392156862745	0.00970873786408
115230	C. Pandu Rangan	1	0.0294117647059	0.0	6.0	0.0490196078431	0.00970873786408
# Periodo: 2003-2003
118602	Prasad Jayanti	3	0.0181818181818	0.0	4.0	0.0363636363636	0.00900900900901
115732	Srdjan Petrovic	2	0.0181818181818	0.0	4.0	0.0363636363636	0.00900900900901
51799	Maurice Herlihy	2	0.0363636363636	0.000500417014178	20.0	0.0545454545455	0.0116598347279
47277	Baruch Awerbuch	2	0.0204545454545	0.000333611342786	18.0	0.0363636363636	0.010495932826
47279	Yishay Mansour	2	0.0204545454545	0.000333611342786	18.0	0.0363636363636	0.010495932826
998091	V. Vinod	2	0.0363636363636	0.0	8.0	0.0545454545455	0.00900900900901
65786	Roger Wattenhofer	2	0.0272727272727	0.0	6.0	0.0454545454545	0.00900900900901
117518	K. Srinathan	2	0.0363636363636	0.0	8.0	0.0545454545455	0.00900900900901
50452	Nancy A. Lynch	2	0.00909090909091	0.0	2.0	0.0272727272727	0.00900900900901
119070	Dariusz R. Kowalski	2	0.0181818181818	0.000166805671393	8.0	0.0363636363636	0.0112448214638
335656	Fabian Kuhn	2	0.0272727272727	0.0	6.0	0.0454545454545	0.00900900900901
# Periodo: 2004-2004
36012	Shlomi Dolev	3	0.0571331981068	0.00265763072221	226.0	0.0632183908046	0.0108145051835
50452	Nancy A. Lynch	3	0.0571331981068	0.00259118995416	222.0	0.0632183908046	0.0105492217495
47390	Idit Keidar	3	0.0344827586207	0.000730848448608	56.0	0.0459770114943	0.00988986993263
433439	Faith Ellen Fich	3	0.0287356321839	0.000531526144442	42.0	0.0402298850575	0.00974247053688
38410	Dahlia Malkhi	2	0.0229885057471	0.0	18.0	0.0287356321839	0.00567739485415
47668	Achour Mostéfaoui	2	0.0172413793103	3.32203840276e-05	6.0	0.0287356321839	0.00642335766423
47681	Sam Toueg	2	0.0387931034483	0.000132881536111	24.0	0.0459770114943	0.00649253079409
151662	Scott Shenker	2	0.0287356321839	0.000398644608332	34.0	0.0402298850575	0.00822149225718
55419	Fernando Pedone	2	0.0229885057471	0.000199322304166	20.0	0.0344827586207	0.00739566657685
50837	Rachid Guerraoui	2	0.0465517241379	0.001195933825	98.0	0.0574712643678	0.00855060237266
65786	Roger Wattenhofer	2	0.0114942528736	0.0	4.0	0.0229885057471	0.00571428571429
194301	John Kubiatowicz	2	0.0423197492163	0.00132881536111	122.0	0.051724137931	0.00812364005057
335656	Fabian Kuhn	2	0.0114942528736	0.0	4.0	0.0229885057471	0.00571428571429
189270	Carole Delporte-Gallet	2	0.0387931034483	0.000132881536111	24.0	0.0459770114943	0.00649253079409
115072	James Aspnes	2	0.0344827586207	0.000531526144442	44.0	0.0459770114943	0.00822846943345
174469	Hugues Fauconnier	2	0.0387931034483	0.000132881536111	24.0	0.0459770114943	0.00649253079409
34033	Michel Raynal	2	0.0172413793103	3.32203840276e-05	6.0	0.0287356321839	0.00642335766423
# Periodo: 2005-2005
65786	Roger Wattenhofer	4	0.0354609929078	0.000607902735562	34.0	0.0496453900709	0.0101321207481
117784	David Peleg	3	0.0354609929078	0.00081053698075	42.0	0.0496453900709	0.0120065658025
175594	Thomas Moscibroda	3	0.0221631205674	0.0	16.0	0.0283687943262	0.00575012727052
224283	W. Melody Moh	2	0.0354609929078	0.000151975683891	10.0	0.0496453900709	0.00830794928153
224284	Teng-Sheng Moh	2	0.0354609929078	0.000151975683891	10.0	0.0496453900709	0.00830794928153
47681	Sam Toueg	2	0.0364741641337	0.000911854103343	56.0	0.0496453900709	0.0102151804449
547971	Tina Nolte	2	0.0496453900709	0.000455927051672	14.0	0.063829787234	0.00943131070235
174216	Seth Gilbert	2	0.0496453900709	0.000455927051672	14.0	0.063829787234	0.00943131070235
34033	Michel Raynal	2	0.0283687943262	0.000405268490375	24.0	0.0425531914894	0.00990975794889
172938	Rida A. Bazzi	2	0.0141843971631	0.000101317122594	8.0	0.0283687943262	0.00878996607382
429970	Vassos Hadzilacos	2	0.0283687943262	0.000506585612969	44.0	0.0354609929078	0.00782180169372
38915	Michael T. Goodrich	1	0.0141843971631	0.0	4.0	0.0283687943262	0.00704225352113
74756	Leszek Gasieniec	1	0.0221631205674	0.0	16.0	0.0283687943262	0.00636292657736
116753	Bastian Pochon	1	0.0141843971631	0.0	4.0	0.0283687943262	0.00704225352113
# Periodo: 2006-2006
50837	Rachid Guerraoui	3	0.0840277777778	0.00649188514357	166.0	0.0888888888889	0.0179744167508
65786	Roger Wattenhofer	3	0.0333333333333	0.000499375780275	14.0	0.0555555555556	0.0142454486104
47390	Idit Keidar	3	0.0777777777778	0.00349563046192	70.0	0.1	0.0189236387011
44345	Danny Dolev	3	0.0462962962963	0.000998751560549	30.0	0.0666666666667	0.0144325720363
336445	Danny Hendler	2	0.0790849673203	0.00449438202247	130.0	0.0777777777778	0.0150828531588
51799	Maurice Herlihy	2	0.0537777777778	0.0	50.0	0.0444444444444	0.00884067669193
60644	Stefan Schmid	2	0.025	0.0	8.0	0.0444444444444	0.0107896372571
34220	Hagit Attiya	2	0.0840277777778	0.0059925093633	158.0	0.0888888888889	0.0165705266384
116686	Ittai Abraham	2	0.0462962962963	0.000998751560549	30.0	0.0666666666667	0.0144325720363
# Periodo: 2007-2007
47277	Baruch Awerbuch	6	0.0215311004785	0.000414059624586	60.0	0.0287081339713	0.00711855750966
28806	Rohit Khandekar	4	0.0132499079868	0.0	26.0	0.0143540669856	0.00334685313773
47358	Lorenzo Alvisi	3	0.0526315789474	0.00174825174825	174.0	0.0622009569378	0.00953494485324
429970	Vassos Hadzilacos	3	0.0387559808612	0.00105815237394	120.0	0.0478468899522	0.00873729539861
172487	Haifeng Yu	3	0.00956937799043	0.0	4.0	0.0191387559809	0.0047619047619
173094	Srikanta Tirthapura	2	0.0191387559809	0.000184026499816	24.0	0.0287081339713	0.00670088394639
50745	Phillip B. Gibbons	2	0.00956937799043	0.0	4.0	0.0191387559809	0.0047619047619
351292	Venugopalan Ramasubramanian	2	0.0430622009569	0.00092013249908	98.0	0.0526315789474	0.0075137107705
55419	Fernando Pedone	2	0.0143540669856	9.2013249908e-05	14.0	0.0239234449761	0.00617302773119
410236	Faith Ellen	2	0.0260499734184	0.000552079499448	78.0	0.0334928229665	0.00695214770342
50837	Rachid Guerraoui	2	0.0239234449761	0.000184026499816	26.0	0.0334928229665	0.00609855470258
47280	Boaz Patt-Shamir	2	0.0215311004785	0.000368052999632	56.0	0.0287081339713	0.0066964761714
277718	Panagiota Fatourou	2	0.0213136146151	0.000276039749724	54.0	0.0239234449761	0.00532887967737
703612	Luke Dalessandro	2	0.0143540669856	0.0	6.0	0.0239234449761	0.0047619047619
34033	Michel Raynal	2	0.0191387559809	0.000138019874862	20.0	0.0287081339713	0.00616305548071
704832	Virendra J. Marathe	2	0.0143540669856	0.0	6.0	0.0239234449761	0.0047619047619
34139	Michael L. Scott	2	0.0143540669856	0.0	6.0	0.0239234449761	0.0047619047619
105316	Michael F. Spear	2	0.0143540669856	0.0	6.0	0.0239234449761	0.0047619047619
34220	Hagit Attiya	2	0.0213136146151	0.000276039749724	54.0	0.0239234449761	0.00532887967737
117177	Marcos Kawazoe Aguilera	2	0.0298122929702	0.000368052999632	66.0	0.0334928229665	0.00605392870576
50627	Ling Liu	2	0.00956937799043	4.6006624954e-05	8.0	0.0191387559809	0.00594369134515
# Periodo: 2008-2008
174216	Seth Gilbert	4	0.0439024390244	0.0031324725012	362.0	0.0439024390244	0.00825504297874
34220	Hagit Attiya	4	0.0352658936425	0.00411286465806	918.0	0.0341463414634	0.00720870217861
107022	Anne-Marie Kermarrec	3	0.0443458980044	0.00126733620277	132.0	0.0536585365854	0.00864646778276
38500	Joseph Y. Halpern	3	0.0219512195122	0.000382592061215	56.0	0.0292682926829	0.00648995881818
50837	Rachid Guerraoui	3	0.0439024390244	0.0031324725012	362.0	0.0439024390244	0.00825504297874
47277	Baruch Awerbuch	3	0.0174216027875	0.000191296030607	34.0	0.0243902439024	0.00580860618204
47390	Idit Keidar	3	0.0292682926829	0.000191296030607	10.0	0.0390243902439	0.00660070804028
44345	Danny Dolev	3	0.0219512195122	0.000382592061215	56.0	0.0292682926829	0.00648995881818
117784	David Peleg	2	0.0243902439024	0.000286944045911	34.0	0.0341463414634	0.00698427740292
115230	C. Pandu Rangan	2	0.019512195122	0.0	8.0	0.0292682926829	0.00485436893204
336445	Danny Hendler	2	0.0413696060038	0.00468675274988	1028.0	0.0292682926829	0.0057060147572
47681	Sam Toueg	2	0.00975609756098	4.78240076518e-05	8.0	0.019512195122	0.00605910282758
150886	Andréa W. Richa	2	0.020325203252	0.000286944045911	40.0	0.0292682926829	0.00682825006822
28806	Rohit Khandekar	2	0.0110864745011	0.0	22.0	0.0146341463415	0.00341301591913
36012	Shlomi Dolev	2	0.045770627919	0.0051649928264	1078.0	0.0341463414634	0.00627352449693
119070	Dariusz R. Kowalski	2	0.0352658936425	0.000956480153037	282.0	0.0292682926829	0.00559920837403
127670	Kannan Srinathan	2	0.019512195122	0.0	8.0	0.0292682926829	0.00485436893204
428246	John W. O'Leary	2	0.0243902439024	7.17360114778e-05	10.0	0.0341463414634	0.00572683882513
506073	Ezra N. Hoch	2	0.0146341463415	0.0	24.0	0.019512195122	0.00422641924361
60644	Stefan Schmid	2	0.0282229965157	0.000860832137733	136.0	0.0292682926829	0.0058508667686
# Periodo: 2009-2009
50837	Rachid Guerraoui	3	0.0664739884393	0.010686920285	1304.0	0.0693641618497	0.0112561160077
38410	Dahlia Malkhi	2	0.0418877187426	0.00282296007528	514.0	0.0404624277457	0.00767098414185
115230	C. Pandu Rangan	2	0.0115606936416	0.0	4.0	0.0231213872832	0.00574712643678
117314	Gopal Pandurangan	2	0.0231213872832	0.000268853340503	24.0	0.0346820809249	0.00808727372841
367171	Pranav K. Vasishta	2	0.028901734104	1.68033337814e-05	10.0	0.0404624277457	0.00603964484823
367172	Prasant Gopal	2	0.028901734104	1.68033337814e-05	10.0	0.0404624277457	0.00603964484823
367173	Piyush Bansal	2	0.028901734104	1.68033337814e-05	10.0	0.0404624277457	0.00603964484823
50452	Nancy A. Lynch	2	0.0397117333534	0.00147869337277	350.0	0.028901734104	0.00531673319916
174217	Calvin C. Newport	2	0.0527207494519	0.00134426670251	116.0	0.0404624277457	0.00653860070612
36012	Shlomi Dolev	2	0.0536456748808	0.00403280010754	558.0	0.0520231213873	0.00851611127626
47280	Boaz Patt-Shamir	2	0.0115606936416	6.72133351257e-05	8.0	0.0231213872832	0.00717342058898
47390	Idit Keidar	2	0.0413216684893	0.00147869337277	338.0	0.0346820809249	0.00658747576827
330954	Anuj Gupta	2	0.028901734104	1.68033337814e-05	10.0	0.0404624277457	0.00603964484823
174469	Hugues Fauconnier	2	0.0611560693642	0.00376394676704	100.0	0.0404624277457	0.00648800800943
156906	Philipp Woelfel	2	0.0115606936416	6.72133351257e-05	8.0	0.0231213872832	0.00717342058898
34033	Michel Raynal	2	0.0173410404624	0.000134426670251	14.0	0.028901734104	0.00745020588247
189174	Ashish Choudhary	2	0.0115606936416	0.0	4.0	0.0231213872832	0.00574712643678
# Periodo: 2010-2010
65786	Roger Wattenhofer	5	0.0268640350877	0.00166164309452	380.0	0.030701754386	0.00599708732186
176267	Johannes Schneider	3	0.0191033138402	0.0	90.0	0.0131578947368	0.00261671223314
47390	Idit Keidar	3	0.030701754386	0.000618285802612	78.0	0.0394736842105	0.00820511159013
115663	Yuval Emek	3	0.0394736842105	0.000888785841255	110.0	0.0482456140351	0.00782221106533
115230	C. Pandu Rangan	2	0.00877192982456	0.0	4.0	0.0175438596491	0.00436681222707
8744	Christoph Lenzen	2	0.0318388564003	0.00173892881985	396.0	0.0263157894737	0.00431962563387
100195	Wan Fokkink	2	0.0219298245614	0.00023185717598	34.0	0.030701754386	0.00628279975984
676980	Vibhor Bhatt	2	0.00877192982456	3.86428626633e-05	8.0	0.0175438596491	0.00545054664839
74889	Amotz Bar-Noy	2	0.0175438596491	0.00011592858799	20.0	0.0263157894737	0.00565171026615
510100	Rotem Oshman	2	0.0330634278003	0.000811500115929	52.0	0.0350877192982	0.00553122281389
48287	Binoy Ravindran	2	0.00438596491228	0.0	2.0	0.0131578947368	0.00436681222707
107709	Damien Imbs	2	0.00877192982456	0.0	4.0	0.0175438596491	0.00436681222707
34033	Michel Raynal	2	0.00877192982456	0.0	4.0	0.0175438596491	0.00436681222707
24317	Arpita Patra	2	0.00877192982456	0.0	4.0	0.0175438596491	0.00436681222707
117507	Jukka Suomela	2	0.0131578947368	0.0	6.0	0.0219298245614	0.00436681222707
27421	Yannis Manolopoulos	2	0.030701754386	0.000386428626633	54.0	0.0394736842105	0.00624503050973
335656	Fabian Kuhn	2	0.0330634278003	0.000811500115929	52.0	0.0350877192982	0.00553122281389
150886	Andréa W. Richa	2	0.0286549707602	0.00127521446789	288.0	0.0394736842105	0.00640897675433
65391	Thomas Sauerwald	2	0.00438596491228	0.0	2.0	0.0131578947368	0.00436681222707
12703	Sriram V. Pemmaraju	2	0.0131578947368	7.72857253265e-05	14.0	0.0219298245614	0.00566085512467
34220	Hagit Attiya	2	0.00438596491228	0.0	2.0	0.0131578947368	0.00436681222707
16828	Bo Zhang	2	0.00438596491228	0.0	2.0	0.0131578947368	0.00436681222707
# Periodo: 2011-2011
455786	Keren Censor-Hillel	3	0.0637494900041	0.00843193254454	894.0	0.0697674418605	0.0110160616154
811540	Dan Dobre	2	0.0446617336152	0.0	44.0	0.0348837209302	0.00494954740068
501173	Marko Vukolic	2	0.0545865633075	0.00244798041616	220.0	0.0581395348837	0.00849741764684
117314	Gopal Pandurangan	2	0.0174418604651	0.000135998912009	14.0	0.0290697674419	0.00749327065636
51799	Maurice Herlihy	2	0.0465861657722	0.00448796409629	738.0	0.0406976744186	0.00752392472695
156801	Brendan Juba	2	0.0116279069767	0.0	4.0	0.0232558139535	0.00578034682081
174216	Seth Gilbert	2	0.0586084021005	0.0016319869441	124.0	0.0523255813953	0.0079591311902
510100	Rotem Oshman	2	0.0595691955776	0.00679994560044	1002.0	0.0290697674419	0.00472744644671
50837	Rachid Guerraoui	2	0.0577975376197	0.00271997824017	234.0	0.0639534883721	0.0088904977264
65786	Roger Wattenhofer	2	0.0232558139535	0.000203998368013	20.0	0.0348837209302	0.00748116561242
50452	Nancy A. Lynch	2	0.0567768895349	0.0016319869441	302.0	0.0406976744186	0.0066251103432
511268	Wojciech M. Golab	2	0.0116279069767	0.0	4.0	0.0232558139535	0.00578034682081
116006	Zvi Lotker	2	0.0484496124031	0.0031279749762	534.0	0.0406976744186	0.00725266277567
335656	Fabian Kuhn	2	0.0685607722685	0.0106079151367	1436.0	0.046511627907	0.00731814253986
174999	Antonio Fernández Anta	2	0.0232558139535	0.000271997824017	24.0	0.0348837209302	0.00813402097539
107944	Yoram Moses	2	0.0595691955776	0.00679994560044	972.0	0.0348837209302	0.0060178262875
47552	Neeraj Suri	2	0.0446617336152	0.0	44.0	0.0348837209302	0.00494954740068
