# Periodo: 1987-1988
48281	David K. Hsiao	3	0.0232558139535	0.0	2.0	0.0697674418605	0.0227272727273
38934	Thomas H. Hinke	2	0.0	0.0	0.0	0.046511627907	0.0227272727273
408603	Ronda R. Henning	2	0.0232558139535	0.0	2.0	0.0697674418605	0.0227272727273
1057325	Nancy R. Jensen	2	0.046511627907	0.0	4.0	0.093023255814	0.0227272727273
# Periodo: 1989-1990
33971	Ravi S. Sandhu	4	0.0443349753695	0.0	28.0	0.051724137931	0.010972306161
612236	Richard D. Graubart	3	0.0172413793103	0.0	2.0	0.051724137931	0.0169491525424
51743	Gary W. Smith	3	0.0564263322884	0.00302480338778	52.0	0.0689655172414	0.0161093494415
38399	Catherine Meadows	3	0.0	0.0	0.0	0.0344827586207	0.0169491525424
675203	Hilary H. Hosmer	2	0.0	0.0	0.0	0.0344827586207	0.0169491525424
# Periodo: 1991-1992
48330	Teresa F. Lunt	6	0.111111111111	0.0062893081761	48.0	0.148148148148	0.027287606011
38452	Sushil Jajodia	5	0.118518518519	0.0167714884696	136.0	0.148148148148	0.0374238295566
566364	Oliver Costich	3	0.0911680911681	0.0083857442348	94.0	0.0925925925926	0.0212670704791
756365	M.-Y. Hu	2	0.037037037037	0.0	4.0	0.0740740740741	0.0181818181818
442515	Edgar H. Sibley	2	0.0740740740741	0.000698812019567	8.0	0.111111111111	0.0212241861213
# Periodo: 1993-1994
38452	Sushil Jajodia	5	0.115207373272	0.018508725542	222.0	0.129032258065	0.0290132554082
42234	Bhavani M. Thuraisingham	4	0.0967741935484	0.0058170280275	56.0	0.129032258065	0.0274718609252
51083	Klaus R. Dittrich	3	0.103225806452	0.00634584875727	76.0	0.129032258065	0.0239180003789
421021	William R. Herndon	3	0.0645161290323	0.0	18.0	0.0806451612903	0.0157705412576
38484	Joachim Biskup	3	0.0938416422287	0.00370174510841	56.0	0.112903225806	0.020961159476
34153	Elisa Bertino	3	0.089605734767	0.00846113167636	132.0	0.0967741935484	0.0210028384737
# Periodo: 1995-1996
38830	T. C. Ting	4	0.169603033006	0.0492397660819	1428.0	0.157894736842	0.0218715143261
666741	Marvin Schaefer	4	0.131665512465	0.0621052631579	2142.0	0.144736842105	0.0258683643606
38934	Thomas H. Hinke	3	0.0922265340771	0.0259649122807	1442.0	0.0921052631579	0.017929636979
33971	Ravi S. Sandhu	3	0.183606953163	0.122807017544	3830.0	0.157894736842	0.0226104768844
38452	Sushil Jajodia	3	0.17252722323	0.0722807017544	836.0	0.118421052632	0.0193094222466
42234	Bhavani M. Thuraisingham	3	0.108179231863	0.059649122807	2626.0	0.0921052631579	0.0172712661668
38524	Vijayalakshmi Atluri	3	0.171052631579	0.059649122807	542.0	0.105263157895	0.0170491238906
# Periodo: 1997-1998
38583	Martin S. Olivier	4	0.125418060201	0.017982017982	354.0	0.128205128205	0.0211000687382
38753	Sujeet Shenoi	4	0.115384615385	0.00666000666001	98.0	0.141025641026	0.019973155058
38452	Sushil Jajodia	3	0.131118881119	0.011766011766	176.0	0.141025641026	0.0215769090822
38582	Ehud Gudes	3	0.0874125874126	0.004662004662	158.0	0.0769230769231	0.0141201542981
38751	John Hale	3	0.0798816568047	0.0	26.0	0.0897435897436	0.0123306937617
34153	Elisa Bertino	3	0.0410256410256	0.000999000999001	24.0	0.0641025641026	0.0162169740478
38524	Vijayalakshmi Atluri	3	0.0410256410256	0.000999000999001	24.0	0.0641025641026	0.0162169740478
# Periodo: 1999-2000
38452	Sushil Jajodia	4	0.0689655172414	0.00359820089955	112.0	0.0862068965517	0.019410496046
175690	Arnon Rosenthal	3	0.0808189655172	0.00389805097451	188.0	0.0862068965517	0.0132262812824
38484	Joachim Biskup	3	0.0808189655172	0.00389805097451	188.0	0.0862068965517	0.0132262812824
38583	Martin S. Olivier	3	0.0625695216908	0.00404797601199	234.0	0.051724137931	0.0106698035488
38830	T. C. Ting	3	0.0948275862069	0.0047976011994	134.0	0.112068965517	0.0160277678658
53335	Sylvia L. Osborn	2	0.0746021220159	0.0	52.0	0.0689655172414	0.00991625092435
38433	Elena Ferrari	2	0.051724137931	0.000449775112444	12.0	0.0689655172414	0.0109706452326
38436	Michael Gertz	2	0.0431034482759	0.000899550224888	34.0	0.0603448275862	0.0122971038035
11821	Armin B. Cremers	2	0.00862068965517	0.0	2.0	0.0258620689655	0.00854700854701
51253	Ira S. Moskowitz	2	0.0344827586207	0.000449775112444	20.0	0.051724137931	0.0110618944526
38524	Vijayalakshmi Atluri	2	0.0775862068966	0.00209895052474	126.0	0.0775862068966	0.0117897323335
# Periodo: 2001-2002
38452	Sushil Jajodia	5	0.0724637681159	0.00752508361204	204.0	0.0869565217391	0.0189472114
38583	Martin S. Olivier	4	0.0869565217391	0.00716674629718	192.0	0.0978260869565	0.0194033227443
38593	Duminda Wijesekera	3	0.0494071146245	0.00011944577162	44.0	0.054347826087	0.0113129960808
38503	Ravi Mukkamala	3	0.0679347826087	0.0066889632107	200.0	0.0652173913043	0.0148022606745
38522	Pierangela Samarati	3	0.0978260869565	0.0078834209269	164.0	0.108695652174	0.0195499781134
338165	Steve Barker	3	0.0347826086957	0.000955566172957	30.0	0.054347826087	0.0135294146295
38751	John Hale	3	0.119565217391	0.00764452938366	134.0	0.141304347826	0.0201639660209
9108	Peng Liu	3	0.0326086956522	0.000716674629718	18.0	0.054347826087	0.0164061633965
175690	Arnon Rosenthal	2	0.0289855072464	0.000716674629718	28.0	0.0434782608696	0.0111978122663
# Periodo: 2003-2004
53335	Sylvia L. Osborn	2	0.0181818181818	0.000166805671393	8.0	0.0363636363636	0.0112448214638
38433	Elena Ferrari	2	0.0378787878788	0.000250208507089	12.0	0.0545454545455	0.0107436164801
1057332	Jon Novotny	2	0.0454545454545	0.000333611342786	10.0	0.0636363636364	0.0112448214638
38484	Joachim Biskup	2	0.0272727272727	0.000333611342786	14.0	0.0454545454545	0.0116787011134
38503	Ravi Mukkamala	2	0.0363636363636	0.000500417014178	20.0	0.0545454545455	0.0116598346953
38524	Vijayalakshmi Atluri	2	0.0378787878788	0.000667222685571	30.0	0.0545454545455	0.0111672311887
33971	Ravi S. Sandhu	2	0.0181818181818	0.0	4.0	0.0363636363636	0.00900900900901
38582	Ehud Gudes	2	0.0272727272727	0.000333611342786	14.0	0.0454545454545	0.0116787011134
38593	Duminda Wijesekera	2	0.0324675324675	0.000667222685571	34.0	0.0454545454545	0.010779938455
520388	Hakan Hacigümüs	2	0.0181818181818	0.0	4.0	0.0363636363636	0.00900900900901
338165	Steve Barker	2	0.00909090909091	0.0	2.0	0.0272727272727	0.00900900900901
# Periodo: 2005-2006
38524	Vijayalakshmi Atluri	3	0.037037037037	0.000519210799585	20.0	0.0555555555556	0.0118737766495
42234	Bhavani M. Thuraisingham	3	0.0740740740741	0.00363447559709	100.0	0.0925925925926	0.0178185049108
38704	Chris Clifton	3	0.0277777777778	0.000519210799585	18.0	0.0462962962963	0.0139979192282
514606	Yi-Ting Chiang	2	0.0277777777778	0.0	6.0	0.0462962962963	0.00917431192661
38452	Sushil Jajodia	2	0.0538720538721	0.00259605399792	100.0	0.0648148148148	0.0122086174276
38484	Joachim Biskup	2	0.0185185185185	0.0	4.0	0.037037037037	0.00917431192661
38485	Lena Wiese	2	0.0185185185185	0.0	4.0	0.037037037037	0.00917431192661
38503	Ravi Mukkamala	2	0.0296296296296	0.0	10.0	0.0462962962963	0.00936465875418
38521	Sabrina De Capitani di Vimercati	2	0.0277777777778	0.0	6.0	0.0462962962963	0.00917431192661
38522	Pierangela Samarati	2	0.0277777777778	0.0	6.0	0.0462962962963	0.00917431192661
# Periodo: 2007-2008
38452	Sushil Jajodia	4	0.0902255639098	0.00605496040987	196.0	0.105263157895	0.0152188887948
38926	Anoop Singhal	3	0.0574162679426	0.0	44.0	0.0526315789474	0.00764142052839
38592	Lingyu Wang	3	0.0631578947368	0.000465766185375	40.0	0.0701754385965	0.0104089437078
338165	Steve Barker	3	0.0546558704453	0.00217357553175	98.0	0.0701754385965	0.0127062705421
1057335	Vijayant Dhankhar	2	0.0175438596491	0.0	4.0	0.0350877192982	0.00869565217391
38487	Yingjiu Li	2	0.0374269005848	0.0018630647415	106.0	0.0526315789474	0.0114295932944
38521	Sabrina De Capitani di Vimercati	2	0.0701754385965	0.000828028774	36.0	0.0701754385965	0.00980163183219
38522	Pierangela Samarati	2	0.0701754385965	0.000828028774	36.0	0.0701754385965	0.00980163183219
38534	Claudio Agostino Ardagna	2	0.0701754385965	0.000828028774	36.0	0.0701754385965	0.00980163183219
27285	Indrakshi Ray	2	0.00877192982456	0.0	2.0	0.0263157894737	0.00869565217391
38559	Indrajit Ray	2	0.0263157894737	7.76276975625e-05	6.0	0.0438596491228	0.00977467470644
# Periodo: 2009-2010
27285	Indrakshi Ray	3	0.0503597122302	0.000625586487332	14.0	0.0647482014388	0.0108983799705
38559	Indrajit Ray	3	0.0503597122302	0.000625586487332	14.0	0.0647482014388	0.0108983799705
38484	Joachim Biskup	2	0.0359712230216	0.000625586487332	34.0	0.0503597122302	0.0102768658662
38524	Vijayalakshmi Atluri	2	0.0287769784173	0.000312793243666	20.0	0.0431654676259	0.00924458324856
677540	Enrico Scalavino	2	0.0143884892086	0.0	4.0	0.0287769784173	0.00714285714286
34988	Frédéric Cuppens	2	0.0287769784173	0.000104264414555	8.0	0.0431654676259	0.0083380731191
60615	Emil C. Lupu	2	0.0143884892086	0.0	4.0	0.0287769784173	0.00714285714286
44242	Nora Cuppens-Boulahia	2	0.0287769784173	0.000104264414555	8.0	0.0431654676259	0.0083380731191
516399	Vaibhav Gowadia	2	0.0143884892086	0.0	4.0	0.0287769784173	0.00714285714286
675133	Kristof Verslype	2	0.0503597122302	0.000469189865499	14.0	0.0647482014388	0.00956604371239
189330	Bart De Decker	2	0.0503597122302	0.000469189865499	14.0	0.0647482014388	0.00956604371239
366678	Marina Blanton	1	0.00719424460432	0.0	2.0	0.0215827338129	0.00714285714286
82951	Christof Paar	1	0.0287769784173	0.0	8.0	0.0431654676259	0.00714285714286
114698	Sudip Chakraborty	1	0.032047089601	0.0	22.0	0.0359712230216	0.00589101620029
# Periodo: 2011-2012
38525	Jaideep Vaidya	2	0.0606060606061	0.0004662004662	8.0	0.0909090909091	0.0174228395368
38786	Haibing Lu	2	0.0606060606061	0.0004662004662	8.0	0.0909090909091	0.0174228395368
322957	Keith B. Frikken	2	0.030303030303	0.0004662004662	8.0	0.0606060606061	0.0186294803356
194051	Xing Xie	1	0.030303030303	0.0	4.0	0.0606060606061	0.0149253731343
35905	Cleotilde Gonzalez	1	0.030303030303	0.0	4.0	0.0606060606061	0.0149253731343
54408	Csilla Farkas	1	0.030303030303	0.0	4.0	0.0606060606061	0.0149253731343
