# Periodo: 1987-1987
120910	James M. Bower	3	0.0242424242424	0.000369549150037	28.0	0.0363636363636	0.00959920791849
388726	John S. Denker	3	0.0242424242424	0.000221729490022	20.0	0.0363636363636	0.00779663684568
121884	Amir F. Atiya	2	0.0138528138528	0.0	14.0	0.0181818181818	0.00440953061487
22566	Les E. Atlas	2	0.0242424242424	7.39098300074e-05	8.0	0.0363636363636	0.00703210985952
1102456	Christopher L. Scofield	2	0.0181818181818	0.0	6.0	0.030303030303	0.00602409638554
363737	David J. Burr	2	0.00606060606061	0.0	2.0	0.0181818181818	0.00602409638554
305996	Ben S. Wittner	2	0.0138528138528	0.0	14.0	0.0181818181818	0.00387659691347
37308	Robert J. Marks II	2	0.0242424242424	7.39098300074e-05	8.0	0.0363636363636	0.00703210985952
364482	Jacques J. Vidal	2	0.0181818181818	0.000147819660015	14.0	0.030303030303	0.00780925203455
3072	Christof Koch	1	0.0181818181818	0.0	6.0	0.030303030303	0.00602409638554
352263	Hisashi Suzuki	1	0.00606060606061	0.0	2.0	0.0181818181818	0.00602409638554
194062	Hans Peter Graf	1	0.0193939393939	0.0	10.0	0.030303030303	0.00614908272286
77485	Richard Granger	1	0.0181818181818	0.0	6.0	0.030303030303	0.00602409638554
390232	A. P. Thakoor	1	0.0181818181818	0.0	6.0	0.030303030303	0.00602409638554
531482	John P. Donoghue	1	0.00606060606061	0.0	2.0	0.0181818181818	0.00602409638554
645663	H. Ozaki	1	0.0242424242424	0.0	8.0	0.0363636363636	0.00602409638554
# Periodo: 1988-1988
120910	James M. Bower	4	0.0461538461538	0.00222965440357	260.0	0.0528846153846	0.00961922414508
389586	Carver Mead	3	0.0364372469636	0.000882571534745	96.0	0.0336538461538	0.00634913291669
221720	Mark A. Gluck	2	0.0192307692308	0.000185804533631	24.0	0.0288461538462	0.00673294559207
120909	Mark E. Nelson	2	0.0301003344482	4.64511334077e-05	46.0	0.0288461538462	0.00514353593143
1102536	V. I. Kryukov	2	0.0288461538462	0.0	12.0	0.0384615384615	0.00478468899522
215772	Gerald Tesauro	2	0.00480769230769	0.0	2.0	0.0144230769231	0.00478468899522
2795	Griff L. Bilbro	2	0.0240384615385	0.0	10.0	0.0336538461538	0.00478468899522
191725	John P. Miller	2	0.00480769230769	0.0	2.0	0.0144230769231	0.00478468899522
1102627	Sylvie Ryckebusch	2	0.0346153846154	0.000371609067261	40.0	0.0288461538462	0.00515383738587
2105	Wesley E. Snyder	2	0.0240384615385	0.0	10.0	0.0336538461538	0.00478468899522
1102755	R. E. Howard	2	0.0432692307692	0.000162578966927	18.0	0.0528846153846	0.00557010044712
501834	Wayne E. Hubbard	2	0.0432692307692	0.000162578966927	18.0	0.0528846153846	0.00557010044712
362155	Ashok K. Krishnamurthy	1	0.0144230769231	0.0	6.0	0.0240384615385	0.00478468899522
1102857	John D. Uhley	1	0.0288461538462	0.0	48.0	0.0240384615385	0.00423541237237
194062	Hans Peter Graf	1	0.0389423076923	0.0	20.0	0.0480769230769	0.00491199469758
34832	Jian Wu	1	0.0144230769231	0.0	6.0	0.0240384615385	0.00478468899522
362001	John J. Hopfield	1	0.00480769230769	0.0	2.0	0.0144230769231	0.00478468899522
1102869	David Feld	1	0.00961538461538	0.0	4.0	0.0192307692308	0.00478468899522
1102870	Edwin Lewis	1	0.00961538461538	0.0	4.0	0.0192307692308	0.00478468899522
49583	Michael G. Dyer	1	0.00480769230769	0.0	2.0	0.0144230769231	0.00478468899522
# Periodo: 1989-1989
3072	Christof Koch	3	0.040099009901	0.00113294911581	124.0	0.049504950495	0.00849703432279
120910	James M. Bower	3	0.0148514851485	0.000147775971627	18.0	0.0247524752475	0.00751612411762
54566	Geoffrey E. Hinton	3	0.0206270627063	0.000344810600463	44.0	0.029702970297	0.00778335732777
107551	Nikzad Benny Toomarian	2	0.0148514851485	9.8517314418e-05	14.0	0.0247524752475	0.00638589075641
22566	Les E. Atlas	2	0.039603960396	0.000591103886508	64.0	0.049504950495	0.00697881077912
25671	Hervé Bourlard	2	0.0049504950495	0.0	2.0	0.0148514851485	0.00492610837438
389721	Daniel M. Kammen	2	0.0267326732673	0.000394069257672	74.0	0.0247524752475	0.00493567661816
164963	David S. Touretzky	2	0.00990099009901	4.9258657209e-05	8.0	0.019801980198	0.00614864621912
120997	Richard Lippmann	2	0.00990099009901	4.9258657209e-05	8.0	0.019801980198	0.00614864621912
180942	Thomas Kailath	2	0.0148514851485	2.46293286045e-05	6.0	0.0247524752475	0.00553737729675
122065	Manoel Fernando Tenorio	2	0.019801980198	0.000197034628836	24.0	0.029702970297	0.00693194891006
517583	Amir Dembo	2	0.0148514851485	2.46293286045e-05	6.0	0.0247524752475	0.00553737729675
215772	Gerald Tesauro	2	0.0148514851485	9.8517314418e-05	14.0	0.0247524752475	0.00638589075641
392938	William Bialek	2	0.019801980198	0.000147775971627	20.0	0.029702970297	0.00637557463522
22765	Alex Waibel	2	0.00990099009901	4.9258657209e-05	8.0	0.019801980198	0.00614864621912
4338	Yoshua Bengio	2	0.0247524752475	0.000295551943254	34.0	0.0346534653465	0.00708749332642
4339	Yann LeCun	2	0.0346534653465	0.000123146643023	14.0	0.0445544554455	0.00579346163498
121617	Nelson Morgan	2	0.0049504950495	0.0	2.0	0.0148514851485	0.00492610837438
388726	John S. Denker	2	0.0346534653465	0.000123146643023	14.0	0.0445544554455	0.00579346163498
393051	Jack D. Cowan	2	0.0049504950495	0.0	2.0	0.0148514851485	0.00492610837438
# Periodo: 1990-1990
3072	Christof Koch	4	0.033161385409	0.0014989046466	402.0	0.0406779661017	0.00760186309263
392938	William Bialek	3	0.0246036085293	0.000876282716476	310.0	0.0237288135593	0.00501261759407
361183	David E. van den Bout	3	0.0203389830508	0.000207540643376	48.0	0.0271186440678	0.00507033219799
393051	Jack D. Cowan	3	0.00338983050847	0.0	2.0	0.0101694915254	0.00337837837838
121420	Yves Chauvin	2	0.0101694915254	0.0	6.0	0.0169491525424	0.00337837837838
1102460	A. E. Friedman	2	0.00338983050847	0.0	2.0	0.0101694915254	0.00337837837838
350861	Frank H. Eeckman	2	0.0101694915254	4.61201429724e-05	14.0	0.0169491525424	0.0043795129174
55442	Santosh S. Venkatesh	2	0.0101694915254	4.61201429724e-05	14.0	0.0169491525424	0.0043795129174
120997	Richard Lippmann	2	0.00677966101695	2.30600714862e-05	8.0	0.0135593220339	0.00421680804892
517827	Daniel L. Ruderman	2	0.0317796610169	0.00115300357431	368.0	0.0271186440678	0.00486270470944
125667	James R. Glass	2	0.0237288135593	0.0	14.0	0.0305084745763	0.00337837837838
125670	Michael S. Phillips	2	0.0237288135593	0.0	14.0	0.0305084745763	0.00337837837838
2795	Griff L. Bilbro	2	0.0135593220339	0.0	18.0	0.0169491525424	0.00309638607511
61676	Jordan B. Pollack	2	0.00338983050847	0.0	2.0	0.0101694915254	0.00337837837838
22765	Alex Waibel	2	0.0135593220339	6.91802144587e-05	20.0	0.0203389830508	0.00437243800996
4339	Yann LeCun	2	0.0121065375303	9.22402859449e-05	34.0	0.0169491525424	0.00404247592493
122103	Sara A. Solla	2	0.0141242937853	0.000138360428917	40.0	0.0203389830508	0.00475209295246
54566	Geoffrey E. Hinton	2	0.00677966101695	2.30600714862e-05	8.0	0.0135593220339	0.00421680804892
109386	Robert B. Allen	2	0.0169491525424	9.22402859449e-05	26.0	0.0237288135593	0.00432667732277
125673	Victor Zue	2	0.0237288135593	0.0	14.0	0.0305084745763	0.00337837837838
121412	David E. Rumelhart	2	0.0135593220339	9.22402859449e-05	24.0	0.0203389830508	0.00475400550251
731584	Hong C. Leung	2	0.0237288135593	0.0	14.0	0.0305084745763	0.00337837837838
375238	Michael Mozer	2	0.00338983050847	0.0	2.0	0.0101694915254	0.00337837837838
430033	Stephen M. Omohundro	2	0.00338983050847	0.0	2.0	0.0101694915254	0.00337837837838
310785	Heinz G. Schuster	1	0.0263004091175	0.0	58.0	0.0203389830508	0.00343805010193
1102996	Michael L. Rossen	1	0.0	0.0	0.0	0.00677966101695	0.00337837837838
126979	Mark A. Fanty	1	0.00338983050847	0.0	2.0	0.0101694915254	0.00337837837838
765959	Kenneth A. Marko	1	0.0	0.0	0.0	0.00677966101695	0.00337837837838
2059	Klaus Obermayer	1	0.00677966101695	0.0	4.0	0.0135593220339	0.00337837837838
# Periodo: 1991-1991
192368	Terrence J. Sejnowski	4	0.023102310231	0.000393416825126	86.0	0.029702970297	0.00701284929623
4339	Yann LeCun	3	0.016501650165	4.37129805696e-05	10.0	0.023102310231	0.00410583941606
54566	Geoffrey E. Hinton	3	0.013201320132	0.000109282451424	28.0	0.019801980198	0.0052416725938
319300	John E. Moody	3	0.00660066006601	2.18564902848e-05	8.0	0.013201320132	0.00410583941606
164793	Mitsuo Kawato	3	0.023469013568	0.000415273315411	102.0	0.029702970297	0.00596209929015
375238	Michael Mozer	3	0.013201320132	8.74259611392e-05	24.0	0.019801980198	0.00462890009455
3072	Christof Koch	2	0.00990099009901	4.37129805696e-05	14.0	0.016501650165	0.0042642625775
207395	Vladimir Vapnik	2	0.0148514851485	0.0	16.0	0.019801980198	0.0033393808119
53681	C. Lee Giles	2	0.0211221122112	0.000152995431994	52.0	0.026402640264	0.00426949494355
59452	David Haussler	2	0.013201320132	6.55694708544e-05	20.0	0.019801980198	0.00425737385199
531550	Guo-Zheng Sun	2	0.023469013568	0.000262277883417	70.0	0.029702970297	0.00483921330703
140389	Michael I. Jordan	2	0.017601760176	0.000152995431994	60.0	0.019801980198	0.00401682514054
121617	Nelson Morgan	2	0.023102310231	0.000262277883417	62.0	0.029702970297	0.00500853186055
388726	John S. Denker	2	0.016501650165	4.37129805696e-05	10.0	0.023102310231	0.00410583941606
353121	Jeffrey P. Sutton	2	0.00660066006601	0.0	4.0	0.013201320132	0.00328947368421
45340	Ronald A. Cole	2	0.00990099009901	4.37129805696e-05	14.0	0.016501650165	0.0042642625775
351410	Bernhard E. Boser	2	0.019801980198	0.000174851922278	44.0	0.026402640264	0.00473678345182
72394	David J. C. MacKay	2	0.00660066006601	0.0	4.0	0.013201320132	0.00328947368421
22765	Alex Waibel	2	0.029702970297	0.000174851922278	50.0	0.036303630363	0.00404318732893
4337	Patrice Simard	2	0.011786892975	0.0	14.0	0.016501650165	0.00288129081829
301812	Ajay N. Jain	2	0.0267326732673	0.0	20.0	0.03300330033	0.00342446717266
121108	David G. Stork	2	0.013201320132	2.18564902848e-05	8.0	0.019801980198	0.00383990209432
128821	John E. W. Mayhew	2	0.00990099009901	4.37129805696e-05	14.0	0.016501650165	0.0042642625775
119703	Jude W. Shavlik	2	0.00990099009901	4.37129805696e-05	14.0	0.016501650165	0.0042642625775
390052	Ron Keesing	2	0.013201320132	2.18564902848e-05	8.0	0.019801980198	0.00383990209432
375217	Satinder P. Singh	2	0.00990099009901	0.0	6.0	0.016501650165	0.00328947368421
1102791	Adam N. Mamelak	2	0.00660066006601	0.0	4.0	0.013201320132	0.00328947368421
1102792	J. Allan Hobson	2	0.00660066006601	0.0	4.0	0.013201320132	0.00328947368421
121813	Andreas G. Andreou	2	0.00990099009901	4.37129805696e-05	14.0	0.016501650165	0.0042642625775
59361	John A. Hertz	2	0.016501650165	8.74259611392e-05	26.0	0.023102310231	0.00421281739355
# Periodo: 1992-1992
192368	Terrence J. Sejnowski	4	0.0228544776119	0.000391301917379	78.0	0.0298507462687	0.00651534320273
52970	Rodney M. Goodman	3	0.0111940298507	8.3850410867e-05	18.0	0.0186567164179	0.00567201931553
4337	Patrice Simard	3	0.0186567164179	0.000181675890212	34.0	0.0261194029851	0.00577714176565
375238	Michael Mozer	3	0.0170575692964	0.000475152328246	132.0	0.0223880597015	0.00532779242478
3072	Christof Koch	2	0.0300995024876	0.000503102465202	118.0	0.0335820895522	0.00518659154148
731649	Victor Abrash	2	0.0223880597015	1.39750684778e-05	12.0	0.0298507462687	0.00400531972024
360865	Todd K. Leen	2	0.00746268656716	2.79501369557e-05	8.0	0.0149253731343	0.00464005644045
207394	Isabelle Guyon	2	0.0223880597015	0.000223601095645	44.0	0.0298507462687	0.00535309349828
390184	Sreerupa Das	2	0.0183696900115	0.000447202191291	130.0	0.0186567164179	0.00409051922383
75325	Michael Cohen	2	0.0223880597015	1.39750684778e-05	12.0	0.0298507462687	0.00400531972024
531550	Guo-Zheng Sun	2	0.01592039801	0.000335401643468	106.0	0.0223880597015	0.00503282465548
116327	Vwani P. Roychowdhury	2	0.00746268656716	0.0	4.0	0.0149253731343	0.00371747211896
25721	Naftali Tishby	2	0.0149253731343	8.3850410867e-05	20.0	0.0223880597015	0.0048113072526
22765	Alex Waibel	2	0.00746268656716	2.79501369557e-05	8.0	0.0149253731343	0.00464005644045
192434	Peter Dayan	2	0.0182835820896	0.000167700821734	50.0	0.0223880597015	0.00476561527398
375450	Subutai Ahmad	2	0.00746268656716	0.0	4.0	0.0149253731343	0.00371747211896
52916	Volker Tresp	2	0.00746268656716	0.0	4.0	0.0149253731343	0.00371747211896
390350	William Finnoff	2	0.00746268656716	0.0	4.0	0.0149253731343	0.00371747211896
102607	Eytan Ruppin	2	0.00746268656716	0.0	4.0	0.0149253731343	0.00371747211896
206568	Steven J. Nowlan	2	0.0166214382632	0.0	22.0	0.0186567164179	0.00375465083772
870642	David DeMers	2	0.00746268656716	2.79501369557e-05	8.0	0.0149253731343	0.00464005644045
4339	Yann LeCun	2	0.0133262260128	1.39750684778e-05	14.0	0.0186567164179	0.00397769276643
121617	Nelson Morgan	2	0.0223880597015	1.39750684778e-05	12.0	0.0298507462687	0.00400531972024
330049	Isaac Meilijson	2	0.00746268656716	0.0	4.0	0.0149253731343	0.00371747211896
120973	Alan F. Murray	2	0.0186567164179	0.000111800547823	26.0	0.0261194029851	0.00476095348528
69944	Kai-Yeung Siu	2	0.00746268656716	0.0	4.0	0.0149253731343	0.00371747211896
# Periodo: 1993-1993
3072	Christof Koch	3	0.0234113712375	0.000359138964333	78.0	0.0301003344482	0.00626323518065
731861	Gregory J. Wolff	3	0.0409698996656	0.000516262261229	32.0	0.0468227424749	0.00492208838822
109748	Thomas G. Dietterich	3	0.0214046822742	0.000336692779062	92.0	0.0267558528428	0.0051761020447
164537	Andrew G. Barto	3	0.0178372352285	0.000291800408521	92.0	0.0234113712375	0.00520139806077
214287	Andrew W. Moore	3	0.0178372352285	0.000157123296896	60.0	0.0200668896321	0.00407276930778
121108	David G. Stork	3	0.0409698996656	0.000516262261229	32.0	0.0468227424749	0.00492208838822
39241	Christopher G. Atkeson	3	0.0178372352285	0.000157123296896	60.0	0.0200668896321	0.00407276930778
25721	Naftali Tishby	3	0.0167224080268	0.000134677111625	34.0	0.0234113712375	0.00479587048341
192368	Terrence J. Sejnowski	3	0.0133779264214	7.85616484478e-05	20.0	0.0200668896321	0.00473943206842
360865	Todd K. Leen	3	0.0133779264214	0.000112230926354	28.0	0.0200668896321	0.00531156156156
389615	Mark Plutowski	3	0.0234113712375	0.000280577315885	62.0	0.0301003344482	0.00536909928335
206348	Ernst Niebur	2	0.0066889632107	2.24461852708e-05	8.0	0.0133779264214	0.00416058394161
194062	Hans Peter Graf	2	0.0066889632107	2.24461852708e-05	8.0	0.0133779264214	0.00416058394161
121901	Eric Mjolsness	2	0.0100334448161	4.48923705416e-05	14.0	0.0167224080268	0.00432111941183
52820	Ah Chung Tsoi	2	0.0100334448161	4.48923705416e-05	14.0	0.0167224080268	0.00432111941183
140389	Michael I. Jordan	2	0.0142697881828	0.000157123296896	72.0	0.0167224080268	0.003747311241
101504	Leif H. Finkel	2	0.0066889632107	2.24461852708e-05	8.0	0.0133779264214	0.00416058394161
192434	Peter Dayan	2	0.0107023411371	1.12230926354e-05	10.0	0.0167224080268	0.00377434690851
375450	Subutai Ahmad	2	0.0066889632107	0.0	4.0	0.0133779264214	0.00333333333333
120988	Yoram Singer	2	0.0104515050167	0.0	16.0	0.0133779264214	0.00272172688909
208036	Richard S. Zemel	2	0.00334448160535	0.0	2.0	0.0100334448161	0.00333333333333
120998	Marwan A. Jabri	2	0.0066889632107	2.24461852708e-05	8.0	0.0133779264214	0.00416058394161
23241	Babak Hassibi	2	0.0273132664437	0.0005387084465	184.0	0.0200668896321	0.00295792115292
375524	Alan S. Lapedes	2	0.0100334448161	4.48923705416e-05	14.0	0.0167224080268	0.00432111941183
4338	Yoshua Bengio	2	0.0148981453329	0.000134677111625	54.0	0.0167224080268	0.00346248571958
4339	Yann LeCun	2	0.0204849498328	0.00026935422325	72.0	0.0267558528428	0.0048675984537
358645	Halbert White	2	0.0148981453329	1.12230926354e-05	22.0	0.0167224080268	0.00309435734016
6922	Joachim M. Buhmann	2	0.011944577162	8.97847410833e-05	34.0	0.0167224080268	0.00398857625035
54566	Geoffrey E. Hinton	2	0.00334448160535	0.0	2.0	0.0100334448161	0.00333333333333
119112	Max H. Garzon	2	0.00334448160535	0.0	2.0	0.0100334448161	0.00333333333333
# Periodo: 1994-1994
140389	Michael I. Jordan	7	0.0342205323194	0.00137868980931	268.0	0.0380228136882	0.00836815243207
192368	Terrence J. Sejnowski	7	0.0266159695817	0.000580500972339	94.0	0.0342205323194	0.00941886396539
54566	Geoffrey E. Hinton	4	0.0304182509506	0.0010303892259	224.0	0.0304182509506	0.00663062531668
128930	Zoubin Ghahramani	4	0.0219011406844	1.45125243085e-05	50.0	0.0190114068441	0.0039269837948
4338	Yoshua Bengio	3	0.00760456273764	2.9025048617e-05	8.0	0.0152091254753	0.00472793629728
128387	Sebastian Thrun	3	0.00380228136882	0.0	2.0	0.0114068441065	0.00378787878788
32648	Bill G. Horne	3	0.0186311787072	7.25626215424e-05	20.0	0.0228136882129	0.00415710066361
53681	C. Lee Giles	3	0.0186311787072	7.25626215424e-05	20.0	0.0228136882129	0.00415710066361
207893	Steven Gold	2	0.0152091254753	0.0	8.0	0.0228136882129	0.00378787878788
182297	Tommi Jaakkola	2	0.0210587891196	0.0	52.0	0.0152091254753	0.0031350161311
228386	Risto Miikkulainen	2	0.00760456273764	2.9025048617e-05	8.0	0.0152091254753	0.00472793629728
121901	Eric Mjolsness	2	0.0152091254753	0.0	8.0	0.0228136882129	0.00378787878788
375217	Satinder P. Singh	2	0.0210587891196	0.0	52.0	0.0152091254753	0.0031350161311
121419	David Saad	2	0.00760456273764	2.9025048617e-05	8.0	0.0152091254753	0.00472793629728
2647	Christopher M. Bishop	2	0.00380228136882	0.0	2.0	0.0114068441065	0.00378787878788
152168	Michael Revow	2	0.020278833967	1.45125243085e-05	54.0	0.0190114068441	0.00396983173804
278131	Terrence Fine	2	0.00760456273764	2.9025048617e-05	8.0	0.0152091254753	0.00472793629728
24209	Jürgen Schmidhuber	2	0.00760456273764	2.9025048617e-05	8.0	0.0152091254753	0.00472793629728
120997	Richard Lippmann	2	0.0114068441065	5.80500972339e-05	14.0	0.0190114068441	0.00491036296803
120998	Marwan A. Jabri	2	0.023288973384	0.000348300583403	70.0	0.0304182509506	0.00556027383179
505511	Emanuel Todorov	2	0.0121673003802	8.70751458509e-05	24.0	0.0190114068441	0.00444542810509
52916	Volker Tresp	2	0.0114068441065	5.80500972339e-05	14.0	0.0190114068441	0.00491036296803
121049	Andreas S. Weigend	2	0.00760456273764	2.9025048617e-05	8.0	0.0152091254753	0.00472793629728
102607	Eytan Ruppin	2	0.00760456273764	0.0	4.0	0.0152091254753	0.00378787878788
375531	Peter Sollich	2	0.00506970849176	0.0	6.0	0.0114068441065	0.00331785003318
26367	James A. Reggia	2	0.00760456273764	0.0	4.0	0.0152091254753	0.00378787878788
# Periodo: 1995-1995
192368	Terrence J. Sejnowski	8	0.0488736158839	0.00197890745349	384.0	0.0549828178694	0.00920283258393
140389	Michael I. Jordan	5	0.0171821305842	0.000213295414149	46.0	0.0240549828179	0.00647597714029
127426	Anthony J. Robinson	4	0.0171821305842	0.000189595923688	42.0	0.0240549828179	0.00583880939711
3072	Christof Koch	3	0.0171821305842	0.000189595923688	42.0	0.0240549828179	0.00583880939711
119703	Jude W. Shavlik	3	0.0109965635739	0.000118497452305	34.0	0.0171821305842	0.00499643347961
207893	Steven Gold	2	0.00687285223368	0.0	4.0	0.0137457044674	0.00342465753425
98335	Shun-ichi Amari	2	0.0171821305842	3.55492356914e-05	10.0	0.0240549828179	0.00404016711636
116290	Manfred K. Warmuth	2	0.0137457044674	9.47979618438e-05	24.0	0.020618556701	0.00481912886556
522823	Steve R. Waterhouse	2	0.0107388316151	0.0	16.0	0.0137457044674	0.00309429991091
121419	David Saad	2	0.00687285223368	2.3699490461e-05	8.0	0.0137457044674	0.00427457254275
14924	John Wawrzynek	2	0.0219931271478	0.000165896433227	52.0	0.0274914089347	0.0044449537864
141069	Adam Kowalczyk	2	0.020618556701	0.000213295414149	48.0	0.0274914089347	0.00513978880344
208523	Paul A. Viola	2	0.0351890034364	8.29482166133e-05	50.0	0.0309278350515	0.00449832146792
121029	Anders Krogh	2	0.00687285223368	2.3699490461e-05	8.0	0.0137457044674	0.00427457254275
127090	Lawrence K. Saul	2	0.0107388316151	0.0	16.0	0.0137457044674	0.00330260474986
52916	Volker Tresp	2	0.00687285223368	2.3699490461e-05	8.0	0.0137457044674	0.00427457254275
164537	Andrew G. Barto	2	0.00687285223368	2.3699490461e-05	8.0	0.0137457044674	0.00427457254275
1102537	Charles F. Stevens	2	0.00343642611684	0.0	2.0	0.0103092783505	0.00342465753425
54566	Geoffrey E. Hinton	2	0.0109965635739	7.10984713829e-05	24.0	0.0171821305842	0.0043874690061
4338	Yoshua Bengio	2	0.00687285223368	2.3699490461e-05	8.0	0.0137457044674	0.00427457254275
21757	Tzyy-Ping Jung	2	0.0283782285778	0.0	62.0	0.0171821305842	0.00285570497646
102661	Jan Larsen	2	0.0366552119129	0.000663585732907	192.0	0.0343642611684	0.00521606922377
163597	Kenji Doya	2	0.00343642611684	0.0	2.0	0.0103092783505	0.00342465753425
121617	Nelson Morgan	2	0.024436807942	0.000284393885531	70.0	0.0309278350515	0.00503808496487
319260	Nicol N. Schraudolph	2	0.0274914089347	0.0	64.0	0.0137457044674	0.00211135693946
121309	Mark Craven	2	0.00916380297824	7.10984713829e-05	28.0	0.0137457044674	0.00385440121466
126856	Howard Hua Yang	2	0.0171821305842	3.55492356914e-05	10.0	0.0240549828179	0.00404016711636
164174	Shumeet Baluja	2	0.0137457044674	9.47979618438e-05	24.0	0.020618556701	0.00481912886556
531853	Anthony M. Zador	2	0.00343642611684	0.0	2.0	0.0103092783505	0.00342465753425
# Periodo: 1996-1996
192368	Terrence J. Sejnowski	7	0.037984006734	0.00281891211769	770.0	0.0451388888889	0.00941391176436
140389	Michael I. Jordan	4	0.0138888888889	0.000120983352691	28.0	0.0208333333333	0.0055137317248
192434	Peter Dayan	4	0.0278549382716	0.0015243902439	598.0	0.0208333333333	0.00440313727172
3072	Christof Koch	3	0.03125	0.00065331010453	126.0	0.0381944444444	0.00698179363046
2647	Christopher M. Bishop	3	0.0144675925926	0.000120983352691	30.0	0.0208333333333	0.00492678527323
531338	Alexandre Pouget	3	0.0348186728395	0.00116144018583	178.0	0.0277777777778	0.00535013985146
78243	Christopher K. I. Williams	3	0.0124007936508	2.41966705381e-05	14.0	0.0173611111111	0.00392409227969
164537	Andrew G. Barto	3	0.0173611111111	0.000193573364305	42.0	0.0243055555556	0.00589941987528
165858	David Barber	3	0.0124007936508	9.67866821525e-05	34.0	0.0173611111111	0.00408303290415
375217	Satinder P. Singh	3	0.0212452919021	0.000846883468835	418.0	0.0173611111111	0.0042986075563
98335	Shun-ichi Amari	2	0.0104166666667	0.0	6.0	0.0173611111111	0.00346020761246
205344	Alex J. Smola	2	0.0178571428571	4.83933410763e-05	14.0	0.0243055555556	0.00420831230112
393051	Jack D. Cowan	2	0.0138888888889	9.67866821525e-05	24.0	0.0208333333333	0.00486915442471
27688	Benjamin Van Roy	2	0.00347222222222	0.0	2.0	0.0104166666667	0.00346020761246
151876	Edwin R. Hancock	2	0.0104166666667	4.83933410763e-05	14.0	0.0173611111111	0.00448559108495
127090	Lawrence K. Saul	2	0.00925925925926	0.0	12.0	0.0138888888889	0.0033608435425
515717	Anthony J. Bell	2	0.0266696217494	0.000822686798297	342.0	0.0173611111111	0.0036588030334
305806	Manfred Opper	2	0.0078125	4.83933410763e-05	18.0	0.0138888888889	0.00403130983976
208036	Richard S. Zemel	2	0.0338776276276	0.000725900116144	74.0	0.0243055555556	0.00448632482344
196799	Hélène Paugam-Moisy	2	0.0104166666667	4.83933410763e-05	14.0	0.0173611111111	0.00448559108495
121031	Ole Winther	2	0.0078125	4.83933410763e-05	18.0	0.0138888888889	0.00403130983976
207395	Vladimir Vapnik	2	0.0178571428571	4.83933410763e-05	14.0	0.0243055555556	0.00420831230112
19717	Tom Heskes	2	0.0	0.0	0.0	0.00694444444444	0.00346020761246
1102621	Genevieve B. Orr	2	0.00347222222222	0.0	2.0	0.0104166666667	0.00346020761246
137000	Wolfgang Maass	2	0.00347222222222	0.0	2.0	0.0104166666667	0.00346020761246
27955	John N. Tsitsiklis	2	0.00347222222222	0.0	2.0	0.0104166666667	0.00346020761246
89920	Garrison W. Cottrell	2	0.0138888888889	7.25900116144e-05	20.0	0.0208333333333	0.00447834481297
532025	Michael S. Gray	2	0.0305724932249	0.000108885017422	82.0	0.0243055555556	0.00445619721159
# Periodo: 1997-1997
191960	H. Sebastian Seung	5	0.0246305418719	0.000739768524042	200.0	0.0275862068966	0.00563148755024
3072	Christof Koch	3	0.0172413793103	0.000167044505429	38.0	0.0241379310345	0.00546297030162
2647	Christopher M. Bishop	3	0.0242816091954	0.00124090204033	414.0	0.0275862068966	0.00588932386552
140389	Michael I. Jordan	3	0.0194252873563	0.000548860517838	220.0	0.0241379310345	0.00533285634587
208523	Paul A. Viola	3	0.00689655172414	2.38635007756e-05	8.0	0.0137931034483	0.00428926179547
165858	David Barber	3	0.0224137931034	0.00104999403412	390.0	0.0172413793103	0.00388717543413
125697	Christoph E. Schreiner	2	0.00689655172414	2.38635007756e-05	8.0	0.0137931034483	0.00428926179547
362001	John J. Hopfield	2	0.0202839756592	0.000381816012409	126.0	0.0241379310345	0.00485564130933
20498	Bernhard Schölkopf	2	0.0103448275862	0.0	6.0	0.0172413793103	0.00343642611684
206356	Trevor Hastie	2	0.00689655172414	2.38635007756e-05	8.0	0.0137931034483	0.00428926179547
47131	Peter L. Bartlett	2	0.0137931034483	7.15905023267e-05	20.0	0.0206896551724	0.00444756581082
209438	Sam T. Roweis	2	0.0137931034483	0.0	50.0	0.0137931034483	0.00277695316041
205344	Alex J. Smola	2	0.0103448275862	0.0	6.0	0.0172413793103	0.00343642611684
52916	Volker Tresp	2	0.00689655172414	2.38635007756e-05	8.0	0.0137931034483	0.00428926179547
116290	Manfred K. Warmuth	2	0.00344827586207	0.0	2.0	0.0103448275862	0.00343642611684
121419	David Saad	2	0.0142136248949	0.000286362009307	186.0	0.0172413793103	0.00415607011831
129616	Ronald Parr	2	0.0103448275862	4.77270015511e-05	14.0	0.0172413793103	0.00445476228024
153199	Javier R. Movellan	2	0.00689655172414	0.0	4.0	0.0137931034483	0.00343642611684
120944	Erkki Oja	2	0.0172413793103	9.54540031023e-05	26.0	0.0241379310345	0.00440101885753
206531	Michael S. Lewicki	2	0.015763546798	0.000167044505429	68.0	0.0137931034483	0.00268258402317
89765	Stuart J. Russell	2	0.00620689655172	0.0	10.0	0.0103448275862	0.00254278417753
375325	Paul Mineiro	2	0.00689655172414	0.0	4.0	0.0137931034483	0.00343642611684
102607	Eytan Ruppin	2	0.0103448275862	4.77270015511e-05	14.0	0.0172413793103	0.00445476228024
152789	Doina Precup	2	0.0241379310345	0.000143181004653	38.0	0.0310344827586	0.00430186136734
4338	Yoshua Bengio	2	0.0155172413793	0.000119317503878	40.0	0.0206896551724	0.00434649084905
1102585	R. Christopher DeCharms	2	0.00689655172414	0.0	4.0	0.0137931034483	0.00343642611684
394971	Geoffrey J. Goodhill	2	0.0	0.0	0.0	0.00689655172414	0.00343642611684
412417	Michael Merzenich	2	0.00689655172414	0.0	4.0	0.0137931034483	0.00343642611684
6922	Joachim M. Buhmann	2	0.00689655172414	2.38635007756e-05	8.0	0.0137931034483	0.00428926179547
# Periodo: 1998-1998
3072	Christof Koch	4	0.0202702702703	0.000274851122309	60.0	0.027027027027	0.00634999506661
78243	Christopher K. I. Williams	4	0.0206925675676	0.00033211177279	78.0	0.027027027027	0.00627129395427
375217	Satinder P. Singh	4	0.027027027027	0.00107650022904	314.0	0.0304054054054	0.00644075002245
121268	Anthony C. C. Coolen	4	0.024024024024	0.000549702244617	126.0	0.0304054054054	0.00712931558023
20498	Bernhard Schölkopf	3	0.0317192192192	0.000469537333944	36.0	0.0337837837838	0.00511498122087
47131	Peter L. Bartlett	3	0.0285472972973	0.000916170407696	256.0	0.0304054054054	0.00543109330253
205344	Alex J. Smola	3	0.0317192192192	0.000469537333944	36.0	0.0337837837838	0.00511498122087
2059	Klaus Obermayer	3	0.0168918918919	0.000160329821347	38.0	0.0236486486486	0.00535260726523
305806	Manfred Opper	3	0.0165540540541	0.000148877691251	50.0	0.0202702702703	0.00463449265257
153236	Daphna Weinshall	3	0.0135135135135	8.01649106734e-05	20.0	0.0202702702703	0.00478730511961
214287	Andrew W. Moore	3	0.00675675675676	2.29042601924e-05	8.0	0.0135135135135	0.00420261004203
192368	Terrence J. Sejnowski	3	0.0236486486486	0.000229042601924	54.0	0.0304054054054	0.00481519187456
46581	Alex Pentland	3	0.0135135135135	9.16170407696e-05	24.0	0.0202702702703	0.00473799874997
184832	Vitaly Maiorov	2	0.0184176111595	0.0	62.0	0.0135135135135	0.00249716366786
46095	Ron Meir	2	0.0184176111595	0.0	62.0	0.0135135135135	0.00249716366786
278056	Michael J. Kearns	2	0.0194594594595	0.000458085203848	198.0	0.0135135135135	0.00300857453037
17457	John Shawe-Taylor	2	0.0101351351351	4.58085203848e-05	14.0	0.0168918918919	0.00436476708266
206393	Yoram Gdalyahu	2	0.0108108108108	1.14521300962e-05	10.0	0.0168918918919	0.00381247162476
116290	Manfred K. Warmuth	2	0.00760135135135	4.58085203848e-05	18.0	0.0135135135135	0.00392272236932
121419	David Saad	2	0.015444015444	0.000160329821347	68.0	0.0135135135135	0.00322493874906
127090	Lawrence K. Saul	2	0.0143084260731	0.000251946862116	156.0	0.0135135135135	0.0034121090531
25721	Naftali Tishby	2	0.0101351351351	4.58085203848e-05	14.0	0.0168918918919	0.00436476708266
191627	L. F. Abbott	2	0.0101351351351	4.58085203848e-05	14.0	0.0168918918919	0.00436476708266
120988	Yoram Singer	2	0.00760135135135	4.58085203848e-05	18.0	0.0135135135135	0.00392272236932
52916	Volker Tresp	2	0.00675675675676	2.29042601924e-05	8.0	0.0135135135135	0.00420261004203
206367	Akira Hayashi	2	0.00337837837838	0.0	2.0	0.0101351351351	0.003367003367
206531	Michael S. Lewicki	2	0.013795045045	0.0	24.0	0.0135135135135	0.00234614917331
121055	Haim Sompolinsky	2	0.00675675675676	2.29042601924e-05	8.0	0.0135135135135	0.00420261004203
375531	Peter Sollich	2	0.0144144144144	0.0	30.0	0.0135135135135	0.00291355450079
# Periodo: 1999-1999
20498	Bernhard Schölkopf	4	0.0378074306646	0.000575793457315	52.0	0.0374149659864	0.00498413134228
205344	Alex J. Smola	4	0.0378074306646	0.000575793457315	52.0	0.0374149659864	0.00498413134228
2059	Klaus Obermayer	3	0.0374149659864	0.000835829212231	166.0	0.0442176870748	0.00657765463893
47279	Yishay Mansour	3	0.0228647014361	0.000313435954587	16.0	0.0238095238095	0.00414561032832
207395	Vladimir Vapnik	3	0.0239754438361	0.00037147964988	194.0	0.0170068027211	0.00319620719773
17457	John Shawe-Taylor	3	0.0265673837102	0.000174131085881	74.0	0.0238095238095	0.00335606850341
153199	Javier R. Movellan	3	0.0241874527589	0.000301827215528	74.0	0.030612244898	0.00534926172044
109846	Klaus-Robert Müller	3	0.0378074306646	0.00122588284461	332.0	0.0408163265306	0.00555315818254
128387	Sebastian Thrun	3	0.00680272108844	2.32174781175e-05	8.0	0.0136054421769	0.0042311023135
375238	Michael Mozer	3	0.0208333333333	0.000325044693645	82.0	0.0272108843537	0.00531098019429
128478	Andrew Y. Ng	3	0.0242096838735	0.000719741821643	214.0	0.0238095238095	0.00462257651219
182300	Olivier Chapelle	2	0.0234045999352	0.0	84.0	0.0136054421769	0.00231836493208
205343	Sebastian Mika	2	0.0327664399093	1.8573982494e-05	60.0	0.0272108843537	0.00356079625211
10309	Jason Weston	2	0.0351068999028	0.000975134080936	312.0	0.030612244898	0.00445953972547
102994	Daphne Koller	2	0.0171485260771	0.000104478651529	48.0	0.0170068027211	0.00335244029599
207447	Hagai Attias	2	0.0	0.0	0.0	0.00680272108844	0.00338983050847
94809	Lucas C. Parra	2	0.0252049537764	0.0	78.0	0.0204081632653	0.0029299441734
25721	Naftali Tishby	2	0.0102040816327	4.64349562351e-05	14.0	0.0170068027211	0.0043943587239
19069	Georg Dorffner	2	0.00680272108844	0.0	4.0	0.0136054421769	0.00338983050847
25878	Craig T. Jin	2	0.0102040816327	0.0	6.0	0.0170068027211	0.00338983050847
468614	Stephen P. DeWeerth	2	0.0136054421769	2.32174781175e-05	8.0	0.0204081632653	0.00395705164974
375217	Satinder P. Singh	2	0.0195983155167	0.000139304868705	34.0	0.0272108843537	0.00472471154405
89755	David A. McAllester	2	0.0171485260771	0.0	48.0	0.0170068027211	0.00290345050497
208036	Richard S. Zemel	2	0.0138888888889	0.000139304868705	58.0	0.0136054421769	0.003014725229
98335	Shun-ichi Amari	2	0.0170068027211	0.000139304868705	34.0	0.0238095238095	0.00487715642375
128930	Zoubin Ghahramani	2	0.0108843537415	6.96524343526e-05	24.0	0.0170068027211	0.00434285067722
53957	Peter Tiño	2	0.00680272108844	0.0	4.0	0.0136054421769	0.00338983050847
102607	Eytan Ruppin	2	0.0136054421769	2.32174781175e-05	8.0	0.0204081632653	0.00395705164974
21714	Robert C. Williamson	2	0.0258682420337	0.0	76.0	0.0204081632653	0.0027791119889
# Periodo: 2000-2000
392938	William Bialek	5	0.02679528403	0.000414894720465	54.0	0.032154340836	0.00578052971661
192434	Peter Dayan	5	0.0114836931557	0.000145213152163	50.0	0.016077170418	0.00429903072853
358313	Ralf Herbrich	4	0.00893176134334	0.0	18.0	0.0128617363344	0.00287814573734
358312	Thore Graepel	4	0.00893176134334	0.0	18.0	0.0128617363344	0.00287814573734
20498	Bernhard Schölkopf	3	0.0192926045016	0.000186702624209	48.0	0.0257234726688	0.0048103151622
207395	Vladimir Vapnik	3	0.0292312189418	0.000463299104519	112.0	0.0353697749196	0.00541705009084
153199	Javier R. Movellan	3	0.0175062522329	0.000290426304325	86.0	0.0225080385852	0.00522843517211
25721	Naftali Tishby	3	0.0229673863114	0.000352660512395	112.0	0.0257234726688	0.00483001022633
54566	Geoffrey E. Hinton	3	0.0096463022508	6.22342080697e-05	18.0	0.016077170418	0.00489029870473
137000	Wolfgang Maass	3	0.0128617363344	6.22342080697e-05	20.0	0.0192926045016	0.00414821041973
191960	H. Sebastian Seung	3	0.0114836931557	0.000124468416139	46.0	0.016077170418	0.00373412994772
98266	Brendan J. Frey	3	0.0165365181442	0.000186702624209	54.0	0.0225080385852	0.00515271720993
182300	Olivier Chapelle	2	0.0229673863114	2.7659648031e-05	28.0	0.0257234726688	0.00376180342759
205344	Alex J. Smola	2	0.0114836931557	8.29789440929e-05	34.0	0.016077170418	0.00383516957414
10309	Jason Weston	2	0.0229673863114	2.7659648031e-05	28.0	0.0257234726688	0.00376180342759
102994	Daphne Koller	2	0.0128617363344	6.22342080697e-05	20.0	0.0192926045016	0.00414821041973
121960	Robert R. de Ruyter van Steveninck	2	0.0229673863114	0.000103723680116	28.0	0.0257234726688	0.00439198577972
305806	Manfred Opper	2	0.0064308681672	2.07447360232e-05	8.0	0.0128617363344	0.00400056148231
358614	Sham Kakade	2	0.00730780473546	0.0	22.0	0.0096463022508	0.0024248937116
320215	Dirk Ormoneit	2	0.0128617363344	6.22342080697e-05	20.0	0.0192926045016	0.00414821041973
21714	Robert C. Williamson	2	0.013397642015	0.000124468416139	40.0	0.0192926045016	0.00450839583006
14598	Tong Zhang	2	0.0	0.0	0.0	0.0064308681672	0.00320512820513
23310	Zhaoping Li	2	0.0114836931557	0.000124468416139	46.0	0.016077170418	0.00396967988003
206045	William T. Freeman	2	0.016077170418	0.000124468416139	34.0	0.0225080385852	0.00461141392863
182297	Tommi Jaakkola	2	0.0144694533762	0.000103723680116	40.0	0.0192926045016	0.00425263538281
94536	Lars Kai Hansen	2	0.0128617363344	8.29789440929e-05	24.0	0.0192926045016	0.00451021034853
192368	Terrence J. Sejnowski	2	0.0157556270096	0.000207447360232	72.0	0.0192926045016	0.00431663251745
121724	Hilbert J. Kappen	2	0.0064308681672	2.07447360232e-05	8.0	0.0128617363344	0.00400056148231
128930	Zoubin Ghahramani	2	0.0064308681672	2.07447360232e-05	8.0	0.0128617363344	0.00400056148231
78243	Christopher K. I. Williams	2	0.0032154340836	0.0	2.0	0.0096463022508	0.00320512820513
192423	Adrienne L. Fairhall	2	0.0178635226867	2.07447360232e-05	36.0	0.0192926045016	0.00332937319988
# Periodo: 2001-2001
98335	Shun-ichi Amari	5	0.0151133501259	0.000165381777472	64.0	0.0201511335013	0.00503220592914
140389	Michael I. Jordan	5	0.0176322418136	0.000197185965448	74.0	0.0226700251889	0.00475063959984
109846	Klaus-Robert Müller	4	0.0283375314861	0.000559753708368	164.0	0.0302267002519	0.00491326817773
98266	Brendan J. Frey	4	0.0176322418136	0.000203546803043	78.0	0.0226700251889	0.00472103154408
182297	Tommi Jaakkola	3	0.0100755667506	6.36083759509e-05	28.0	0.0151133501259	0.00400368961927
4338	Yoshua Bengio	3	0.0201511335013	0.000152660102282	64.0	0.0251889168766	0.00355954418628
375209	Jaz S. Kandola	3	0.0080604534005	0.0	10.0	0.0125944584383	0.00256469298673
375217	Satinder P. Singh	3	0.016120906801	0.000101773401522	14.0	0.0201511335013	0.00341987023406
206947	Motoaki Kawanabe	3	0.0257613922601	0.000228990153423	44.0	0.0251889168766	0.00392393823331
305806	Manfred Opper	3	0.0100755667506	6.36083759509e-05	28.0	0.0151133501259	0.00400368961927
128478	Andrew Y. Ng	3	0.0112205175177	6.36083759509e-06	22.0	0.0125944584383	0.00254852260334
17457	John Shawe-Taylor	3	0.0080604534005	0.0	10.0	0.0125944584383	0.00256469298673
97339	Alan L. Yuille	3	0.00503778337531	1.27216751902e-05	8.0	0.0100755667506	0.00313611854895
21714	Robert C. Williamson	3	0.0100755667506	4.45258631657e-05	20.0	0.0151133501259	0.00357243623247
54566	Geoffrey E. Hinton	3	0.0104953820319	8.90517263313e-05	44.0	0.0151133501259	0.00396990336026
134513	Gunnar Rätsch	3	0.0269881252249	0.000655166272295	302.0	0.0277078085642	0.00427013730576
296740	Nello Cristianini	3	0.0080604534005	0.0	10.0	0.0125944584383	0.00256469298673
65417	Michael L. Littman	3	0.0146553698191	0.000159020939877	82.0	0.0176322418136	0.00326125446847
2059	Klaus Obermayer	2	0.00503778337531	1.27216751902e-05	8.0	0.0100755667506	0.00313611854895
20498	Bernhard Schölkopf	2	0.00755667506297	2.54433503804e-05	14.0	0.0125944584383	0.0032571251848
731166	Mark A. Paskin	2	0.00251889168766	0.0	2.0	0.00755667506297	0.00251256281407
127090	Lawrence K. Saul	2	0.00899604174163	5.08867007608e-05	34.0	0.0125944584383	0.00319560029209
469017	Ádám Kepecs	2	0.00503778337531	1.27216751902e-05	8.0	0.0100755667506	0.00313611854895
268472	Shiro Ikeda	2	0.00906801007557	0.0	20.0	0.0100755667506	0.00227985692128
61820	Randall C. O'Reilly	2	0.00503778337531	1.27216751902e-05	8.0	0.0100755667506	0.00313611854895
2515	Anand Rangarajan	2	0.00335852225021	0.0	6.0	0.00755667506297	0.00220078494663
375312	Pedro Domingos	2	0.00503778337531	1.27216751902e-05	8.0	0.0100755667506	0.00313611854895
205339	Michael Collins	2	0.00755667506297	2.54433503804e-05	14.0	0.0125944584383	0.0032571251848
205344	Alex J. Smola	2	0.0080604534005	6.36083759509e-06	10.0	0.0125944584383	0.00284498510692
129616	Ronald Parr	2	0.00899604174163	5.08867007608e-05	34.0	0.0125944584383	0.00300646452924
102994	Daphne Koller	2	0.0104953820319	7.63300511411e-05	40.0	0.0151133501259	0.00353421987427
178773	T. Zhang	2	0.0	0.0	0.0	0.00503778337531	0.00251256281407
150107	Michael C. Mozer	2	0.0125944584383	1.90825127853e-05	10.0	0.0176322418136	0.00296414270849
375427	Igor V. Cadez	2	0.00503778337531	1.27216751902e-05	8.0	0.0100755667506	0.00313611854895
152216	Pietro Perona	2	0.00755667506297	2.54433503804e-05	14.0	0.0125944584383	0.0032571251848
19413	Xiaohui Xie	2	0.00755667506297	2.54433503804e-05	14.0	0.0125944584383	0.0032571251848
205820	Nebojsa Jojic	2	0.0102854743913	0.0	24.0	0.0100755667506	0.00202729390311
25721	Naftali Tishby	2	0.0176322418136	0.000127216751902	54.0	0.0226700251889	0.00359324620316
109748	Thomas G. Dietterich	2	0.00251889168766	0.0	2.0	0.00755667506297	0.00251256281407
# Periodo: 2002-2002
17457	John Shawe-Taylor	6	0.0213401621852	0.00040872687103	176.0	0.0258215962441	0.00548569284978
140389	Michael I. Jordan	5	0.0211267605634	0.000412409095093	212.0	0.0234741784038	0.00461620091217
120988	Yoram Singer	4	0.0177523474178	0.00040872687103	230.0	0.0211267605634	0.00446870527281
208995	Joshua B. Tenenbaum	4	0.00978090766823	7.732670533e-05	44.0	0.0140845070423	0.00370028463043
182297	Tommi Jaakkola	3	0.0093896713615	5.523336095e-05	28.0	0.0140845070423	0.00373177627276
10309	Jason Weston	3	0.0164319248826	0.00013256006628	62.0	0.0211267605634	0.00356579309382
358544	Thomas L. Griffiths	3	0.0083836351442	4.418668876e-05	34.0	0.0117370892019	0.00297856889105
358760	Maneesh Sahani	3	0.0083836351442	4.418668876e-05	34.0	0.0117370892019	0.00297856889105
109846	Klaus-Robert Müller	3	0.0195618153365	0.00034244683789	168.0	0.0234741784038	0.00430878841679
54566	Geoffrey E. Hinton	3	0.0105633802817	9.942004971e-05	60.0	0.0140845070423	0.00328725003224
153076	Yair Weiss	3	0.00978090766823	7.732670533e-05	44.0	0.0140845070423	0.00370028463043
206339	Alexander J. Smola	3	0.0117370892019	8.837337752e-05	42.0	0.0164319248826	0.0039928157938
89765	Stuart J. Russell	3	0.0211267605634	0.000357175734143	192.0	0.0234741784038	0.00396520295989
192368	Terrence J. Sejnowski	3	0.019014084507	0.00023198011599	104.0	0.0234741784038	0.00408230834055
358288	Carl Edward Rasmussen	3	0.01728553137	0.000204363435515	96.0	0.0211267605634	0.00374542621941
192434	Peter Dayan	3	0.00978090766823	7.732670533e-05	44.0	0.0140845070423	0.00370028463043
319495	Miguel Figueroa	2	0.00704225352113	0.0	6.0	0.0117370892019	0.00234192037471
2059	Klaus Obermayer	2	0.00469483568075	0.0	4.0	0.0093896713615	0.00234192037471
20498	Bernhard Schölkopf	2	0.0115023474178	0.0	20.0	0.0140845070423	0.00228172990481
182300	Olivier Chapelle	2	0.0115023474178	0.0	20.0	0.0140845070423	0.00228172990481
98335	Shun-ichi Amari	2	0.00704225352113	2.209334438e-05	14.0	0.0117370892019	0.00303591527764
127090	Lawrence K. Saul	2	0.0093896713615	1.104667219e-05	8.0	0.0140845070423	0.00273379446528
358518	Joaquin Quiñonero Candela	2	0.012676056338	8.837337752e-05	74.0	0.0140845070423	0.00258429712992
137351	Eric P. Xing	2	0.0169014084507	3.68222406333e-06	40.0	0.0140845070423	0.00242292299303
358542	Nando de Freitas	2	0.00704225352113	2.209334438e-05	14.0	0.0117370892019	0.00303591527764
2647	Christopher M. Bishop	2	0.00704225352113	2.209334438e-05	14.0	0.0117370892019	0.00303591527764
14598	Tong Zhang	2	0.00234741784038	0.0	2.0	0.00704225352113	0.00234192037471
129314	Trevor Darrell	2	0.00704225352113	2.209334438e-05	14.0	0.0117370892019	0.00303591527764
358696	Luis E. Ortiz	2	0.00469483568075	1.104667219e-05	8.0	0.0093896713615	0.00292312689106
207195	John D. Lafferty	2	0.00234741784038	0.0	2.0	0.00704225352113	0.00234192037471
16762	Aapo Hyvärinen	2	0.00469483568075	1.104667219e-05	8.0	0.0093896713615	0.00292312689106
78243	Christopher K. I. Williams	2	0.0130412102243	9.942004971e-05	88.0	0.0093896713615	0.00212366196415
53765	Naonori Ueda	2	0.0093896713615	3.314001657e-05	20.0	0.0140845070423	0.00303101089215
612880	Alexei Vinokourov	2	0.0130412102243	5.523336095e-06	36.0	0.0117370892019	0.00232347260819
209438	Sam T. Roweis	2	0.00768245838668	5.523336095e-05	52.0	0.0093896713615	0.00230611476929
98877	Volker Roth	2	0.0156494522692	7.732670533e-05	30.0	0.0164319248826	0.00283775032658
205407	Anat Levin	2	0.0083836351442	4.418668876e-05	34.0	0.0117370892019	0.00297856889105
1102463	Jennifer F. Linden	2	0.00533504054631	0.0	22.0	0.00704225352113	0.00171171120954
84647	Guy Lebanon	2	0.00234741784038	0.0	2.0	0.00704225352113	0.00234192037471
303794	Sepp Hochreiter	2	0.00469483568075	0.0	4.0	0.0093896713615	0.00234192037471
296740	Nello Cristianini	2	0.0130412102243	5.523336095e-06	36.0	0.0117370892019	0.00232347260819
103137	Geoffrey J. Gordon	2	0.00234741784038	0.0	2.0	0.00704225352113	0.00234192037471
# Periodo: 2003-2003
140389	Michael I. Jordan	8	0.0365407197624	0.00185642995653	1110.0	0.0364025695931	0.00699640251216
10309	Jason Weston	5	0.03426124197	0.000673185615425	-4.0	0.0364025695931	0.00458640571878
20498	Bernhard Schölkopf	4	0.0305903946161	0.000328551341317	56.0	0.0299785867238	0.00372370242862
103137	Geoffrey J. Gordon	4	0.0229201364105	0.000399775757966	282.0	0.0192719486081	0.00294892878322
306561	Olivier Bousquet	4	0.0251920896838	0.000489380669234	364.0	0.0214132762313	0.00321821779365
128387	Sebastian Thrun	4	0.0309421841542	0.000657102682633	380.0	0.03426124197	0.00362178966079
153076	Yair Weiss	4	0.0178443968594	0.000294087913906	172.0	0.0214132762313	0.00418014757194
182297	Tommi Jaakkola	3	0.00642398286938	2.75707419287e-05	18.0	0.0107066381156	0.00326019913649
208995	Joshua B. Tenenbaum	3	0.0241013258007	0.000183804946191	94.0	0.0149892933619	0.00259030453181
358544	Thomas L. Griffiths	3	0.0241013258007	0.000183804946191	94.0	0.0149892933619	0.00259030453181
120988	Yoram Singer	3	0.0107066381156	2.75707419287e-05	8.0	0.0149892933619	0.00286167195061
209438	Sam T. Roweis	3	0.0131156316916	0.000147043956953	88.0	0.017130620985	0.00393484689129
206241	Max Welling	3	0.0110125420618	0.000101092720405	64.0	0.0149892933619	0.00363989714775
128478	Andrew Y. Ng	3	0.0290451875034	0.00102011745136	714.0	0.0235546038544	0.00421385699153
89810	Leslie Pack Kaelbling	3	0.00856531049251	4.59512365478e-05	28.0	0.0128479657388	0.00340484715485
392938	William Bialek	3	0.00892219842969	6.43317311669e-05	44.0	0.0128479657388	0.0033761143956
9965	Dengyong Zhou	3	0.0251920896838	9.87951585777e-05	68.0	0.0214132762313	0.0028027711144
358288	Carl Edward Rasmussen	3	0.0251920896838	0.000330848903144	268.0	0.0235546038544	0.0030276401321
120869	David Horn	2	0.0107066381156	5.51414838573e-05	34.0	0.0149892933619	0.00307427595086
120973	Alan F. Murray	2	0.00642398286938	1.83804946191e-05	14.0	0.0107066381156	0.00276994834092
358592	Malte Kuss	2	0.0237925291458	0.0	72.0	0.0192719486081	0.00227197414772
4338	Yoshua Bengio	2	0.0128479657388	4.59512365478e-05	32.0	0.017130620985	0.00270447986697
14598	Tong Zhang	2	0.0	0.0	0.0	0.00428265524625	0.00213675213675
39191	Florentin Wörgötter	2	0.00642398286938	1.83804946191e-05	14.0	0.0107066381156	0.00276994834092
358697	Felix V. Agakov	2	0.00856531049251	4.59512365478e-05	44.0	0.0107066381156	0.00256878302522
358760	Maneesh Sahani	2	0.00214132762313	0.0	2.0	0.00642398286938	0.00213675213675
375217	Satinder P. Singh	2	0.00428265524625	9.19024730956e-06	8.0	0.00856531049251	0.00266704098821
98877	Volker Roth	2	0.00642398286938	1.83804946191e-05	14.0	0.0107066381156	0.00276994834092
358974	Benjamin Taskar	2	0.00856531049251	9.19024730956e-06	8.0	0.0128479657388	0.00249429537751
102994	Daphne Koller	2	0.00856531049251	9.19024730956e-06	8.0	0.0128479657388	0.00249429537751
359040	Noam Shental	2	0.0142755174875	6.43317311669e-05	30.0	0.0149892933619	0.00265841919123
305806	Manfred Opper	2	0.00428265524625	9.19024730956e-06	8.0	0.00856531049251	0.00266704098821
152216	Pietro Perona	2	0.00642398286938	1.83804946191e-05	14.0	0.0107066381156	0.00276994834092
117464	Ran El-Yaniv	2	0.00856531049251	3.67609892382e-05	24.0	0.0128479657388	0.00300680689902
150271	Francis R. Bach	2	0.0217838906276	0.0	104.0	0.00856531049251	0.00159737704415
76580	Eero P. Simoncelli	2	0.00642398286938	1.83804946191e-05	14.0	0.0107066381156	0.00276994834092
142237	Tomer Hertz	2	0.0142755174875	6.43317311669e-05	30.0	0.0149892933619	0.00265841919123
144311	Ji Zhu	2	0.00642398286938	0.0	6.0	0.0107066381156	0.00213675213675
191606	Liam Paninski	2	0.00481798715203	0.0	8.0	0.00856531049251	0.00209798502221
206045	William T. Freeman	2	0.0107066381156	5.51414838573e-05	34.0	0.0149892933619	0.00307427595086
279789	Saharon Rosset	2	0.00642398286938	0.0	6.0	0.0107066381156	0.00213675213675
214287	Andrew W. Moore	2	0.00642398286938	1.83804946191e-05	14.0	0.0107066381156	0.00276994834092
4334	Léon Bottou	2	0.00764759865402	3.67609892382e-05	34.0	0.0107066381156	0.00271762589005
358313	Ralf Herbrich	2	0.00642398286938	0.0	6.0	0.0107066381156	0.00213675213675
3597	Thomas P. Minka	2	0.00642398286938	1.83804946191e-05	14.0	0.0107066381156	0.00276994834092
206356	Trevor Hastie	2	0.00642398286938	0.0	6.0	0.0107066381156	0.00213675213675
# Periodo: 2004-2004
20498	Bernhard Schölkopf	7	0.0389922978177	0.00222086996837	1548.0	0.0447154471545	0.0060913653601
140389	Michael I. Jordan	5	0.0250047267915	0.000935538886957	778.0	0.0223577235772	0.00397897960696
128478	Andrew Y. Ng	4	0.0144667623147	0.000273210471412	214.0	0.0142276422764	0.00326923438478
192434	Peter Dayan	4	0.0144534778681	0.000173861209081	110.0	0.0182926829268	0.0041478560132
182297	Tommi Jaakkola	3	0.00813008130081	2.89768681801e-05	20.0	0.0121951219512	0.00288403574143
4338	Yoshua Bengio	3	0.00813008130081	4.13955259716e-05	28.0	0.0121951219512	0.00323218756282
209438	Sam T. Roweis	3	0.0137195121951	0.000149023893498	114.0	0.0162601626016	0.00307365506925
152216	Pietro Perona	3	0.00813008130081	4.13955259716e-05	28.0	0.0121951219512	0.00323218756282
279789	Saharon Rosset	3	0.00813008130081	2.75970173144e-06	8.0	0.0121951219512	0.00218131445559
54566	Geoffrey E. Hinton	3	0.0137195121951	0.000165582103886	122.0	0.0162601626016	0.00333348858544
214287	Andrew W. Moore	3	0.0149667405765	0.000190419419469	130.0	0.0182926829268	0.00359984639621
358398	Sham M. Kakade	3	0.0163956639566	0.000314605997384	230.0	0.0182926829268	0.00342483950293
20492	Thomas Navin Lal	2	0.0264590592334	1.03488814929e-05	112.0	0.0223577235772	0.00248909515177
20495	N. Jeremy Hill	2	0.0264590592334	1.03488814929e-05	112.0	0.0223577235772	0.00248909515177
20496	Niels Birbaumer	2	0.0264590592334	1.03488814929e-05	112.0	0.0223577235772	0.00248909515177
118112	Nicolò Cesa-Bianchi	2	0.00609756097561	0.0	6.0	0.010162601626	0.00202839756592
208995	Joshua B. Tenenbaum	2	0.0199111713339	0.000298047786995	108.0	0.0182926829268	0.00254581079795
127090	Lawrence K. Saul	2	0.00813008130081	2.48373155829e-05	20.0	0.0121951219512	0.0026252366145
358529	Yee Whye Teh	2	0.0256000774293	0.000927259781763	834.0	0.020325203252	0.00292739692902
358544	Thomas L. Griffiths	2	0.0199111713339	0.000298047786995	108.0	0.0182926829268	0.00254581079795
120988	Yoram Singer	2	0.0121951219512	6.62328415545e-05	44.0	0.0162601626016	0.00292085628971
4334	Léon Bottou	2	0.0221150345832	0.000761677677877	822.0	0.0162601626016	0.00262455079404
27688	Benjamin Van Roy	2	0.00846883468835	4.96746311659e-05	42.0	0.0121951219512	0.00260252786001
14598	Tong Zhang	2	0.0020325203252	0.0	2.0	0.00609756097561	0.00202839756592
53530	Jieping Ye	2	0.00813008130081	0.0	8.0	0.0121951219512	0.00202839756592
53531	Qi Li	2	0.00813008130081	0.0	8.0	0.0121951219512	0.00202839756592
53532	Ravi Janardan	2	0.00813008130081	0.0	8.0	0.0121951219512	0.00202839756592
196928	Clint Scovel	2	0.00406504065041	0.0	4.0	0.00813008130081	0.00202839756592
67907	David A. Ross	2	0.00609756097561	0.0	6.0	0.010162601626	0.00202839756592
111009	Eisaku Maeda	2	0.010162601626	4.96746311659e-05	34.0	0.0142276422764	0.00291837960447
78243	Christopher K. I. Williams	2	0.00406504065041	8.27910519431e-06	8.0	0.00813008130081	0.00253179550199
375217	Satinder P. Singh	2	0.00813008130081	3.31164207772e-05	24.0	0.0121951219512	0.00285433190414
1004025	Jaety Edwards	2	0.019200058072	0.000165582103886	112.0	0.0182926829268	0.00260866633194
150271	Francis R. Bach	2	0.016800050813	0.0	128.0	0.00813008130081	0.00148262991631
207383	Balázs Kégl	2	0.0020325203252	0.0	2.0	0.00609756097561	0.00202839756592
39450	Rajesh P. N. Rao	2	0.0020325203252	0.0	2.0	0.00609756097561	0.00202839756592
205339	Michael Collins	2	0.010162601626	4.96746311659e-05	34.0	0.0142276422764	0.00291837960447
205344	Alex J. Smola	2	0.00609756097561	1.65582103886e-05	14.0	0.010162601626	0.00262948442911
98877	Volker Roth	2	0.0142276422764	0.0	14.0	0.0182926829268	0.00202839756592
102994	Daphne Koller	2	0.0209670517758	0.000405676154521	304.0	0.0223577235772	0.00326909029358
140387	David M. Blei	2	0.0256000774293	0.000927259781763	870.0	0.0162601626016	0.00238117408244
150107	Michael C. Mozer	2	0.00406504065041	8.27910519431e-06	8.0	0.00813008130081	0.00253179550199
152157	Ming-Hsuan Yang	2	0.00609756097561	0.0	6.0	0.010162601626	0.00202839756592
637633	Jongwoo Lim	2	0.00609756097561	0.0	6.0	0.010162601626	0.00202839756592
637634	Ruei-Sung Lin	2	0.00609756097561	0.0	6.0	0.010162601626	0.00202839756592
76580	Eero P. Simoncelli	2	0.0251136833402	0.000215256735052	286.0	0.0142276422764	0.00222543186059
17231	Ingo Steinwart	2	0.00406504065041	0.0	4.0	0.00813008130081	0.00202839756592
129906	Jitendra Malik	2	0.0104529616725	7.45119467488e-05	56.0	0.0142276422764	0.00294230369505
150400	Nathan Srebro	2	0.00650406504065	4.13955259716e-06	10.0	0.010162601626	0.00229676282465
# Periodo: 2005-2005
128478	Andrew Y. Ng	5	0.0157860404436	0.000329995011703	250.0	0.0195694716243	0.00461868366248
214287	Andrew W. Moore	5	0.0195694716243	0.000283949196117	168.0	0.0234833659491	0.00478258412977
128930	Zoubin Ghahramani	5	0.0176125244618	0.000414412340279	316.0	0.0195694716243	0.00426950048382
127177	Samy Bengio	3	0.013698630137	0.000122788841564	78.0	0.0176125244618	0.00366986436359
4338	Yoshua Bengio	3	0.00978473581213	1.15114538966e-05	10.0	0.013698630137	0.00230415780855
207195	John D. Lafferty	3	0.00963420141502	9.97659337708e-05	98.0	0.00978473581213	0.00217872933855
27688	Benjamin Van Roy	3	0.00587084148728	1.53486051955e-05	14.0	0.00978473581213	0.00253190590537
97339	Alan L. Yuille	3	0.00391389432485	7.67430259775e-06	8.0	0.00782778864971	0.00243784215328
140389	Michael I. Jordan	3	0.0117416829746	9.2091631173e-05	60.0	0.0156555772994	0.00358606557377
25721	Naftali Tishby	3	0.00978473581213	3.83715129888e-05	26.0	0.013698630137	0.00284773031379
109846	Klaus-Robert Müller	3	0.0239726027397	0.000483481063658	316.0	0.027397260274	0.00424403896664
128387	Sebastian Thrun	3	0.00782778864971	2.30229077933e-05	20.0	0.0117416829746	0.00252781572451
7564	Alan S. Willsky	3	0.0117416829746	8.44173285753e-05	56.0	0.0156555772994	0.00338032663714
44764	Dimitris Samaras	3	0.0176125244618	0.000158602253687	98.0	0.0215264187867	0.0032799086668
192434	Peter Dayan	3	0.00978473581213	6.1394420782e-05	42.0	0.013698630137	0.00332994598429
319423	Kwabena Boahen	3	0.00587084148728	2.30229077933e-05	18.0	0.00978473581213	0.0029800257732
272327	Gilles Blanchard	3	0.0174346201743	0.000191857564944	176.0	0.0156555772994	0.00278914265839
98335	Shun-ichi Amari	2	0.00587084148728	1.53486051955e-05	14.0	0.00978473581213	0.00253190590537
358440	Olivier Delalleau	2	0.00815394651011	0.0	12.0	0.0117416829746	0.00193023155596
358758	Nicolas Le Roux	2	0.00815394651011	0.0	12.0	0.0117416829746	0.00193023155596
319607	Matthias Oster	2	0.0332681017613	0.0	34.0	0.0371819960861	0.001953125
358542	Nando de Freitas	2	0.00782778864971	2.30229077933e-05	20.0	0.0117416829746	0.00252781572451
20633	Bhaskar D. Rao	2	0.00587084148728	0.0	6.0	0.00978473581213	0.001953125
120988	Yoram Singer	2	0.00391389432485	0.0	4.0	0.00782778864971	0.001953125
53442	Xiaofei He	2	0.00391389432485	0.0	4.0	0.00782778864971	0.001953125
53443	Deng Cai	2	0.00391389432485	0.0	4.0	0.00782778864971	0.001953125
125172	Robert E. Schapire	2	0.00782778864971	3.0697210391e-05	24.0	0.0117416829746	0.00274840943114
39191	Florentin Wörgötter	2	0.00587084148728	3.83715129888e-06	6.0	0.00978473581213	0.00219548357664
54772	Jean-Philippe Vert	2	0.00587084148728	1.53486051955e-05	14.0	0.00978473581213	0.00253190590537
121219	Matthias Seeger	2	0.013155033703	0.000184183262346	184.0	0.0117416829746	0.00259783767887
358473	Larry A. Wasserman	2	0.0125244618395	0.000115114538966	100.0	0.0156555772994	0.00251415134777
39450	Rajesh P. N. Rao	2	0.00880626223092	3.83715129888e-05	40.0	0.0117416829746	0.00247036882246
891464	Gregory J. Zelinsky	2	0.0121932861659	5.11620173183e-06	26.0	0.013698630137	0.00206491656758
72295	Martin J. Wainwright	2	0.00704500978474	0.0	20.0	0.00782778864971	0.0016809682377
124959	Partha Niyogi	2	0.00391389432485	0.0	4.0	0.00782778864971	0.001953125
205820	Nebojsa Jojic	2	0.0119863013699	7.67430259775e-05	60.0	0.0156555772994	0.00288184827476
206531	Michael S. Lewicki	2	0.00587084148728	1.53486051955e-05	14.0	0.00978473581213	0.00253190590537
767005	Tom Griffiths	2	0.01225219093	0.000153486051955	170.0	0.00978473581213	0.0021178968191
37953	Masashi Sugiyama	2	0.0159817351598	0.0	48.0	0.0117416829746	0.00185539852273
255084	Yiming Yang	2	0.0128091086995	0.000153486051955	164.0	0.0117416829746	0.00250619112393
191606	Liam Paninski	2	0.00391389432485	0.0	4.0	0.00782778864971	0.001953125
191626	Wulfram Gerstner	2	0.00782778864971	2.30229077933e-05	20.0	0.0117416829746	0.00252781572451
23720	Shih-Chii Liu	2	0.0332681017613	0.0	34.0	0.0371819960861	0.001953125
206019	David A. Forsyth	2	0.00782778864971	2.30229077933e-05	20.0	0.0117416829746	0.00252781572451
206052	Aaron Hertzmann	2	0.0100642996925	6.1394420782e-05	50.0	0.013698630137	0.00285553946048
111976	David P. Wipf	2	0.00587084148728	0.0	6.0	0.00978473581213	0.001953125
79336	Wei Zhang 0002	2	0.0121932861659	5.11620173183e-06	26.0	0.013698630137	0.00206491656758
153076	Yair Weiss	2	0.00978473581213	4.60458155865e-05	34.0	0.013698630137	0.00281008036135
679485	Amir Navot	2	0.00815394651011	7.67430259775e-06	12.0	0.0117416829746	0.00233300194035
730747	Anna Koop	2	0.00978473581213	1.15114538966e-05	10.0	0.013698630137	0.00230415780855
106183	Douglas Aberdeen	2	0.00391389432485	0.0	4.0	0.00782778864971	0.001953125
# Periodo: 2006-2006
20498	Bernhard Schölkopf	7	0.0387416705408	0.00772567388577	9454.0	0.0334728033473	0.0056789378555
208995	Joshua B. Tenenbaum	4	0.0146443514644	0.000105260387885	54.0	0.0188284518828	0.00352633575537
120988	Yoram Singer	4	0.010460251046	7.0173591923e-05	42.0	0.0146443514644	0.00355935771181
102994	Daphne Koller	4	0.0240585774059	0.000605247230336	340.0	0.0230125523013	0.00364816251986
128478	Andrew Y. Ng	4	0.0316198445906	0.00134791774485	838.0	0.0355648535565	0.00507465288887
109846	Klaus-Robert Müller	4	0.0268211565283	0.00278062857995	3688.0	0.0251046025105	0.00475921633913
182297	Tommi Jaakkola	3	0.010460251046	6.14018929326e-05	38.0	0.0146443514644	0.00331883999535
47131	Peter L. Bartlett	3	0.00836820083682	4.38584949519e-05	28.0	0.0125523012552	0.00332665651037
182300	Olivier Chapelle	3	0.0346365928676	0.00477180425077	6826.0	0.0125523012552	0.0020268040396
358544	Thomas L. Griffiths	3	0.00941422594142	9.64886888942e-05	72.0	0.0125523012552	0.00305349625117
358849	S. V. N. Vishwanathan	3	0.027240237099	0.00282010122541	3792.0	0.0188284518828	0.00286361474725
209438	Sam T. Roweis	3	0.0222558532894	0.00142101523644	1594.0	0.0209205020921	0.00343350487119
121927	Mark Girolami	3	0.0125523012552	9.64886888942e-05	56.0	0.0167364016736	0.00361320926556
116103	S. Sathiya Keerthi	3	0.0305855293743	0.00214906625264	342.0	0.0125523012552	0.00194128865655
206241	Max Welling	3	0.010460251046	7.0173591923e-05	42.0	0.0146443514644	0.00355935771181
319165	Vikas Sindhwani	3	0.0305855293743	0.00214906625264	342.0	0.0125523012552	0.00194128865655
52969	Padhraic Smyth	3	0.00836820083682	4.38584949519e-05	28.0	0.0125523012552	0.00332665651037
216976	Karsten M. Borgwardt	3	0.0326882845188	0.0035108725209	4780.0	0.0188284518828	0.00286004941765
137235	Radford M. Neal	2	0.0220680401815	0.000578932133365	474.0	0.0167364016736	0.00259994540135
124959	Partha Niyogi	2	0.00418410041841	0.0	4.0	0.00836820083682	0.00208768267223
59453	Philip M. Long	2	0.00418410041841	8.77169899038e-06	8.0	0.00836820083682	0.00260579370038
503902	Charles Kemp	2	0.011390051139	1.75433979808e-05	18.0	0.0146443514644	0.00262687154212
112767	Fei Sha	2	0.00627615062762	0.0	6.0	0.010460251046	0.00208768267223
207011	Dale Schuurmans	2	0.0225436444957	0.000605247230336	464.0	0.0188284518828	0.00276105172254
305328	Gal Elidan	2	0.0216998933465	0.000102336488221	102.0	0.0167364016736	0.00252720380561
45269	Stefano Soatto	2	0.00627615062762	1.75433979808e-05	14.0	0.010460251046	0.00270633783622
96507	Amos J. Storkey	2	0.0125523012552	4.38584949519e-05	32.0	0.0167364016736	0.00264237281366
891291	Ron Zass	2	0.00209205020921	0.0	2.0	0.00627615062762	0.00208768267223
352761	Jiayuan Huang	2	0.030765444253	5.70160434375e-05	340.0	0.0146443514644	0.0022612641802
57880	François Laviolette	2	0.00836820083682	0.0	8.0	0.0125523012552	0.00208768267223
350859	Alexis Battle	2	0.0269925502602	0.000362563558269	58.0	0.0146443514644	0.00215960717324
320163	Shaojun Wang	2	0.0225436444957	0.000605247230336	464.0	0.0188284518828	0.00276105172254
127090	Lawrence K. Saul	2	0.00627615062762	0.0	6.0	0.010460251046	0.00208768267223
164570	Giacomo Indiveri	2	0.00747160789002	3.50867959615e-05	34.0	0.010460251046	0.00249806445407
103137	Geoffrey J. Gordon	2	0.00209205020921	0.0	2.0	0.00627615062762	0.00208768267223
205544	Amnon Shashua	2	0.00209205020921	0.0	2.0	0.00627615062762	0.00208768267223
998160	Pascal Germain	2	0.00836820083682	0.0	8.0	0.0125523012552	0.00208768267223
76580	Eero P. Simoncelli	2	0.00418410041841	8.77169899038e-06	8.0	0.00836820083682	0.00260579370038
150399	Shai Shalev-Shwartz	2	0.00653765690377	0.0	16.0	0.00836820083682	0.00188629556156
191610	Shigeru Shinomoto	2	0.00418410041841	8.77169899038e-06	8.0	0.00836820083682	0.00260579370038
206051	Lorenzo Torresani	2	0.00627615062762	1.75433979808e-05	14.0	0.010460251046	0.00270633783622
23788	Konrad P. Körding	2	0.00854253835425	0.0	24.0	0.00836820083682	0.0015872897881
136463	Sören Sonnenburg	2	0.00627615062762	1.75433979808e-05	14.0	0.010460251046	0.00270633783622
531735	Felix A. Wichmann	2	0.0322847254507	0.00350867959615	4584.0	0.0167364016736	0.002825640447
656715	Alexandre Lacasse	2	0.00836820083682	0.0	8.0	0.0125523012552	0.00208768267223
216975	Arthur Gretton	2	0.030765444253	2.19292474759e-06	340.0	0.0146443514644	0.00220376724964
134567	Gal Chechik	2	0.0221338912134	2.33911973077e-05	100.0	0.0146443514644	0.00214566738366
# Periodo: 2007-2007
205344	Alex J. Smola	5	0.0249491038282	0.000869904592626	598.0	0.0262664165103	0.00398734539445
7564	Alan S. Willsky	4	0.0162233749034	0.000698274767594	876.0	0.0168855534709	0.00348870444778
358760	Maneesh Sahani	4	0.0112570356473	7.75860852883e-05	56.0	0.015009380863	0.00324106224383
20498	Bernhard Schölkopf	3	0.0260579528872	0.00108385410054	1170.0	0.0206378986867	0.00295625994577
182300	Olivier Chapelle	3	0.0221246769797	0.000931033023459	1050.0	0.0206378986867	0.00318324833804
358473	Larry A. Wasserman	3	0.00750469043152	7.05328048075e-06	8.0	0.0112570356473	0.00218601167916
206947	Motoaki Kawanabe	3	0.0211382113821	0.000324450902115	226.0	0.0243902439024	0.00345552331204
358529	Yee Whye Teh	3	0.0158536585366	0.000352664024038	336.0	0.015009380863	0.00310349285729
207011	Dale Schuurmans	3	0.00919324577861	4.23196828845e-05	50.0	0.0112570356473	0.0022477673507
385403	Dan Klein	3	0.0159113869245	0.000310344341153	246.0	0.0131332082552	0.00242930410729
4338	Yoshua Bengio	3	0.0112570356473	4.58463231249e-05	32.0	0.015009380863	0.00273172094207
342285	Matthias Bethge	3	0.0093808630394	3.52664024038e-05	26.0	0.0131332082552	0.00273040809112
207195	John D. Lafferty	3	0.00750469043152	7.05328048075e-06	8.0	0.0112570356473	0.00218601167916
358796	Michael H. Bowling	3	0.0114915572233	8.4639365769e-05	70.0	0.015009380863	0.00286311271661
176256	Sanjoy Dasgupta	3	0.0112570356473	7.75860852883e-05	56.0	0.015009380863	0.00324106224383
359289	Zaïd Harchaoui	3	0.00562851782364	1.41065609615e-05	14.0	0.0093808630394	0.00242759517519
140389	Michael I. Jordan	3	0.0201802956116	0.000987459267305	1122.0	0.0206378986867	0.0033106113434
206241	Max Welling	3	0.0150987224158	0.000324450902115	306.0	0.0168855534709	0.00338268264473
128478	Andrew Y. Ng	3	0.0112570356473	8.4639365769e-05	60.0	0.015009380863	0.00343832504451
189952	Carlos Guestrin	3	0.0112570356473	7.75860852883e-05	56.0	0.015009380863	0.00324106224383
216975	Arthur Gretton	3	0.0217149607394	6.34795243268e-05	106.0	0.0168855534709	0.00237523465617
80557	Richard Turner	2	0.00675422138837	0.0	20.0	0.00750469043152	0.00155643792596
182297	Tommi Jaakkola	2	0.0134782514934	0.000169278731538	394.0	0.00750469043152	0.00158977927675
47131	Peter L. Bartlett	2	0.00600375234522	2.11598414423e-05	24.0	0.0093808630394	0.00239914035539
249910	Jennifer Wortman	2	0.0112570356473	5.6426243846e-05	44.0	0.015009380863	0.00269659578806
59453	Philip M. Long	2	0.00375234521576	0.0	4.0	0.00750469043152	0.00187265917603
55361	Brahim Chaib-draa	2	0.00375234521576	0.0	4.0	0.00750469043152	0.00187265917603
45158	Arnold W. M. Smeulders	2	0.00750469043152	2.8213121923e-05	24.0	0.0112570356473	0.00263517908004
358526	Noah D. Goodman	2	0.00562851782364	3.52664024038e-06	6.0	0.0093808630394	0.0021050329424
358528	Amir Globerson	2	0.0180401212296	0.000324450902115	516.0	0.0112570356473	0.00186994073374
358542	Nando de Freitas	2	0.0093808630394	4.23196828845e-05	34.0	0.0131332082552	0.0026943092603
358544	Thomas L. Griffiths	2	0.0121675311776	0.000141065609615	310.0	0.0112570356473	0.00216564773831
358564	Choon Hui Teo	2	0.022550151537	0.000211598414423	104.0	0.0168855534709	0.0024316135861
205512	Balaji Krishnapuram	2	0.0131332082552	3.17397621634e-05	14.0	0.0168855534709	0.00250795153508
358611	Stéphane Ross	2	0.00375234521576	0.0	4.0	0.00750469043152	0.00187265917603
125172	Robert E. Schapire	2	0.00375234521576	7.05328048075e-06	8.0	0.00750469043152	0.00233740670877
96507	Amos J. Storkey	2	0.00562851782364	1.41065609615e-05	14.0	0.0093808630394	0.00242759517519
14598	Tong Zhang	2	0.0165156039426	0.000169278731538	330.0	0.015009380863	0.00234950472305
874777	Andrew Naish-Guzman	2	0.00187617260788	0.0	2.0	0.00562851782364	0.00187265917603
518435	Percy Liang	2	0.0156111720769	0.000169278731538	106.0	0.0112570356473	0.00196731052394
358720	Ruslan Salakhutdinov	2	0.00422138836773	1.41065609615e-05	18.0	0.00750469043152	0.00218173884586
358758	Nicolas Le Roux	2	0.00964888769767	1.05799207211e-05	14.0	0.0131332082552	0.00227892383707
129391	Wee Sun Lee	2	0.0117434507678	0.000155172170577	198.0	0.0112570356473	0.00237772938215
358868	Harald Steck	2	0.0131332082552	3.17397621634e-05	14.0	0.0168855534709	0.00250795153508
208995	Joshua B. Tenenbaum	2	0.00562851782364	3.52664024038e-06	6.0	0.0093808630394	0.0021050329424
72295	Martin J. Wainwright	2	0.0188043663653	0.000733541169998	942.0	0.0112570356473	0.00203122134891
305806	Manfred Opper	2	0.0093808630394	2.8213121923e-05	26.0	0.0131332082552	0.0023983080291
116845	Rocco A. Servedio	2	0.00375234521576	0.0	4.0	0.00750469043152	0.00187265917603
164570	Giacomo Indiveri	2	0.0112570356473	5.6426243846e-05	44.0	0.015009380863	0.00269659578806
359244	Alex Kulesza	2	0.00844277673546	0.0	16.0	0.0112570356473	0.00190107078334
320344	Kenji Fukumizu	2	0.0213201432714	2.58620284294e-05	110.0	0.015009380863	0.00209234167253
121712	Joelle Pineau	2	0.00375234521576	0.0	4.0	0.00750469043152	0.00187265917603
54157	Hisashi Kashima	2	0.0158536585366	7.05328048075e-05	40.0	0.015009380863	0.00221881381729
# Periodo: 2008-2008
140389	Michael I. Jordan	7	0.0224886162996	0.000884876117344	1064.0	0.0252764612954	0.00491447287942
20498	Bernhard Schölkopf	6	0.0287914691943	0.00141480192773	1706.0	0.0315955766193	0.00533598386011
358529	Yee Whye Teh	5	0.0187079072088	0.000394944707741	438.0	0.0205371248025	0.00350158333778
358544	Thomas L. Griffiths	5	0.014361625736	0.000159977603136	146.0	0.0173775671406	0.00360822764868
54566	Geoffrey E. Hinton	5	0.0142180094787	0.000244965704801	326.0	0.0157977883096	0.00314924521139
206362	Francis Bach	5	0.0142180094787	0.000139980402744	130.0	0.0173775671406	0.00341243906808
99169	Jan Peters	4	0.00789889415482	3.99944007839e-05	42.0	0.0110584518167	0.00268916773494
358422	Nicolas Vayatis	3	0.00315955766193	0.0	4.0	0.00631911532385	0.00157728706625
141351	Neil D. Lawrence	3	0.00789889415482	3.99944007839e-05	42.0	0.0110584518167	0.00268916773494
121167	Csaba Szepesvári	3	0.0175598493134	0.000474933509309	632.0	0.0157977883096	0.00291298242462
72295	Martin J. Wainwright	3	0.0201213935312	0.00059491671166	864.0	0.0126382306477	0.00214475283969
172885	Rémi Munos	3	0.0142673775671	0.000279960805487	408.0	0.0142180094787	0.00280777399803
140387	David M. Blei	3	0.00860101807969	5.49923010778e-05	70.0	0.0110584518167	0.00245469550015
208036	Richard S. Zemel	3	0.016156828953	0.000309956606075	402.0	0.0157977883096	0.00296582989743
14598	Tong Zhang	3	0.00421274354924	0.0	12.0	0.00631911532385	0.0014167249098
52841	Rong Jin	3	0.0127962085308	0.000129981802548	134.0	0.0157977883096	0.00300978886278
128709	Sethu Vijayakumar	3	0.0142180094787	0.000134981102646	126.0	0.0173775671406	0.00318255261704
16226	Stéphan Clémençon	3	0.00315955766193	0.0	4.0	0.00631911532385	0.00157728706625
216975	Arthur Gretton	3	0.021327014218	0.00056992021117	870.0	0.0142180094787	0.00254018427159
358300	Iain Murray	3	0.0126946513202	0.000189973403723	286.0	0.0126382306477	0.00255955948477
192434	Peter Dayan	3	0.00789889415482	2.99958005879e-05	34.0	0.0110584518167	0.00226933934543
358398	Sham M. Kakade	3	0.00505529225908	2.49965004899e-06	10.0	0.00789889415482	0.00164364941122
182300	Olivier Chapelle	2	0.00860101807969	2.99958005879e-05	46.0	0.0110584518167	0.00203646329421
127009	Mehryar Mohri	2	0.00315955766193	0.0	4.0	0.00631911532385	0.00157728706625
358447	Mark Herbster	2	0.00473933649289	2.49965004899e-06	6.0	0.00789889415482	0.00177300881899
358464	Joris M. Mooij	2	0.0209392503231	0.000459935609015	816.0	0.0110584518167	0.00177144733686
2059	Klaus Obermayer	2	0.0173775671406	0.000119983202352	118.0	0.0205371248025	0.00236308122512
358496	Karthik Sridharan	2	0.00631911532385	9.99860019597e-06	6.0	0.00947867298578	0.0020103886861
358530	Dilan Görür	2	0.012256904723	0.0	58.0	0.00789889415482	0.00134228372935
137351	Eric P. Xing	2	0.00860101807969	4.99930009799e-05	66.0	0.0110584518167	0.00233236216021
305328	Gal Elidan	2	0.00658241179568	1.666433366e-06	12.0	0.00947867298578	0.00157394243856
205292	Jianbo Shi	2	0.00842548709847	5.99916011758e-05	88.0	0.00947867298578	0.00188398880241
205344	Alex J. Smola	2	0.0151534048391	6.24912512248e-05	152.0	0.00947867298578	0.00169809979619
49699	Michael R. Lyu	2	0.00914014895058	1.7497550343e-05	28.0	0.00947867298578	0.00174014112004
637488	Stephen Gould	2	0.00658241179568	1.666433366e-06	12.0	0.00947867298578	0.00157394243856
102994	Daphne Koller	2	0.00789889415482	5.83251678098e-06	10.0	0.0110584518167	0.00185154653617
150107	Michael C. Mozer	2	0.00473933649289	9.99860019597e-06	14.0	0.00789889415482	0.002044693728
358852	Ilya Sutskever	2	0.00935395360439	0.0	76.0	0.00631911532385	0.00123235793098
359067	Jens Kober	2	0.00493680884676	0.0	16.0	0.00631911532385	0.00142513497474
230061	Deepak Agarwal	2	0.0126382306477	3.49951006859e-05	44.0	0.0157977883096	0.00195531577558
359112	Afshin Rostamizadeh	2	0.00315955766193	0.0	4.0	0.00631911532385	0.00157728706625
205629	Shie Mannor	2	0.012682113393	0.00014997900294	268.0	0.0110584518167	0.00211011278221
121724	Hilbert J. Kappen	2	0.015355450237	0.000359949607055	726.0	0.00947867298578	0.00170163304477
179124	Laurent El Ghaoui	2	0.00315955766193	4.99930009799e-06	8.0	0.00631911532385	0.00196873057174
158654	Frank Wood	2	0.0131648235914	0.000129981802548	206.0	0.0110584518167	0.00202723246371
152525	Kristen Grauman	2	0.00631911532385	1.4997900294e-05	20.0	0.00947867298578	0.00204139061664
205864	Erik B. Sudderth	2	0.014426659513	0.0	106.0	0.00789889415482	0.00142091053846
97339	Alan L. Yuille	2	0.00947867298578	3.99944007839e-05	44.0	0.0126382306477	0.00227126522212
44098	Bin Yu	2	0.0156043460038	0.000169976203332	98.0	0.0142180094787	0.00207957005444
132202	Matthias Hein	2	0.00473933649289	9.99860019597e-06	14.0	0.00789889415482	0.002044693728
25827	Yihong Gong	2	0.00473933649289	2.49965004899e-06	6.0	0.00789889415482	0.00177300881899
191736	Masato Okada	2	0.0110584518167	5.99916011758e-05	62.0	0.0142180094787	0.00240156727171
150399	Shai Shalev-Shwartz	2	0.00505529225908	2.49965004899e-06	10.0	0.00789889415482	0.00164364941122
157015	John Langford	2	0.00631911532385	1.99972003919e-05	24.0	0.00947867298578	0.00221953569202
21849	Kai Yu	2	0.00473933649289	2.49965004899e-06	6.0	0.00789889415482	0.00177300881899
23968	Larry S. Davis	2	0.0101105845182	7.99888015678e-05	100.0	0.0126382306477	0.00223532712104
222673	Fei Xu	2	0.00987361769352	4.49937008819e-05	80.0	0.00947867298578	0.00188554195044
206339	Alexander J. Smola	2	0.00967614533965	4.99930009799e-05	60.0	0.0126382306477	0.00232729702931
17986	Alexander G. Gray	2	0.00473933649289	9.99860019597e-06	14.0	0.00789889415482	0.002044693728
208473	Jonathan D. Cohen	2	0.00473933649289	9.99860019597e-06	14.0	0.00789889415482	0.002044693728
109846	Klaus-Robert Müller	2	0.0157977883096	0.000119983202352	116.0	0.0189573459716	0.00249392630252
206522	Le Song	2	0.0151534048391	6.24912512248e-05	152.0	0.00947867298578	0.00169809979619
503483	Christopher G. Lucas	2	0.0105318588731	1.4997900294e-05	30.0	0.0110584518167	0.00209464043265
# Periodo: 2009-2009
52841	Rong Jin	5	0.0214694656489	0.000326820272195	256.0	0.024427480916	0.0037609193407
127009	Mehryar Mohri	4	0.0213740458015	0.00027546280085	252.0	0.024427480916	0.00328907300215
503902	Charles Kemp	4	0.00458015267176	2.33443051568e-06	6.0	0.00763358778626	0.00171354815738
208995	Joshua B. Tenenbaum	4	0.0240520585659	0.00127459906156	2110.0	0.0198473282443	0.00296879771042
342285	Matthias Bethge	4	0.012213740458	7.00329154703e-05	64.0	0.0152671755725	0.00262122829734
140387	David M. Blei	4	0.0174663758633	0.000504236991386	1024.0	0.0167938931298	0.002366977558
254055	Andrew McCallum	3	0.00916030534351	4.20197492822e-05	44.0	0.012213740458	0.00245169983398
137351	Eric P. Xing	3	0.00610687022901	1.86754441254e-05	24.0	0.00916030534351	0.00214510004381
125064	Jeff A. Bilmes	3	0.00763358778626	3.26820272195e-05	38.0	0.0106870229008	0.00242336030148
358544	Thomas L. Griffiths	3	0.00972278023303	8.87083595957e-05	146.0	0.00916030534351	0.00206951324224
358634	Bharath K. Sriperumbudur	3	0.0088827203331	3.1125740209e-06	22.0	0.0106870229008	0.00178100532061
342284	Sebastian Gerwinn	3	0.00977099236641	1.40065830941e-05	20.0	0.012213740458	0.00199848039141
129314	Trevor Darrell	3	0.00916030534351	4.20197492822e-05	48.0	0.012213740458	0.00238661467021
358720	Ruslan Salakhutdinov	3	0.0183396946565	0.000606951934076	1338.0	0.00763358778626	0.00130018515913
121167	Csaba Szepesvári	3	0.0162999550965	0.00109251348134	2582.0	0.018320610687	0.00257522005364
1020371	Ed Vul	3	0.0218981428734	0.000747017765016	1242.0	0.0152671755725	0.00231545784376
72295	Martin J. Wainwright	3	0.00916030534351	2.33443051568e-05	8.0	0.012213740458	0.00217305773912
320344	Kenji Fukumizu	3	0.00977099236641	3.57946012404e-05	52.0	0.012213740458	0.00214228742731
140389	Michael I. Jordan	3	0.0131952017448	0.000186754441254	230.0	0.0152671755725	0.00304631512855
54566	Geoffrey E. Hinton	3	0.0143840742404	0.00051824357448	1216.0	0.0106870229008	0.0021330276069
689460	Alan Jern	3	0.00458015267176	2.33443051568e-06	6.0	0.00763358778626	0.00171354815738
171463	Chong Wang	3	0.0132177979506	0.0	222.0	0.00916030534351	0.0013432859185
17986	Alexander G. Gray	3	0.00763358778626	2.02317311359e-05	26.0	0.0106870229008	0.0020748875557
137000	Wolfgang Maass	3	0.00916030534351	5.13574713449e-05	56.0	0.012213740458	0.00263830371677
15269	Antonio Torralba	3	0.0124681933842	0.000228774190536	364.0	0.012213740458	0.00248120548181
216975	Arthur Gretton	3	0.0108566581849	5.91389063971e-05	70.0	0.0137404580153	0.00241565733466
6126	Lawrence Carin	3	0.0137404580153	8.40394985643e-05	74.0	0.0167938931298	0.00262740094859
147510	Kevin Waugh	2	0.0121357329916	7.23673459859e-05	274.0	0.00916030534351	0.00164696295729
69701	Shalabh Bhatnagar	2	0.0133007633588	1.86754441254e-05	250.0	0.0137404580153	0.0018658419305
208918	Rob Fergus	2	0.00906777700671	6.06951934076e-05	156.0	0.00763358778626	0.00167240518672
358551	Daniel Hsu	2	0.0127891955373	0.000289469383944	896.0	0.0106870229008	0.00203819573585
120988	Yoram Singer	2	0.00954198473282	4.20197492822e-05	80.0	0.00916030534351	0.00174507755345
207011	Dale Schuurmans	2	0.0180716893462	0.00121390386815	2940.0	0.012213740458	0.00186232977024
6322	Liefeng Bo	2	0.00458015267176	9.3377220627e-06	14.0	0.00763358778626	0.00197612168224
129221	Lu Ren	2	0.0112421929216	1.86754441254e-05	22.0	0.0137404580153	0.00203634021838
164080	Alexei A. Efros	2	0.00997455470738	6.06951934076e-05	144.0	0.0106870229008	0.00196069587522
4338	Yoshua Bengio	2	0.00458015267176	9.3377220627e-06	14.0	0.00763358778626	0.00197612168224
14598	Tong Zhang	2	0.0127891955373	0.000289469383944	896.0	0.0106870229008	0.00203819573585
104719	Yiming Ying	2	0.00458015267176	2.33443051568e-06	6.0	0.00763358778626	0.00171354815738
53530	Jieping Ye	2	0.0137404580153	9.3377220627e-06	18.0	0.0167938931298	0.0017196536124
123257	Fernando C. N. Pereira	2	0.0109051254089	9.80460816584e-05	136.0	0.012213740458	0.00223652203404
358796	Michael H. Bowling	2	0.0121357329916	7.23673459859e-05	274.0	0.00916030534351	0.00164696295729
24986	Alyson K. Fletcher	2	0.0030534351145	0.0	4.0	0.00610687022901	0.0015243902439
24987	Sundeep Rangan	2	0.0030534351145	0.0	4.0	0.00610687022901	0.0015243902439
375238	Michael Mozer	2	0.0163019508058	0.000270793939818	648.0	0.012213740458	0.00204240741633
160253	Hang Li	2	0.00763358778626	7.00329154703e-06	10.0	0.0106870229008	0.00179836707009
102994	Daphne Koller	2	0.00458015267176	9.3377220627e-06	14.0	0.00763358778626	0.00197612168224
359024	Martin Zinkevich	2	0.0152531689894	0.000541587879637	1340.0	0.0106870229008	0.00185526065002
43113	Mladen Kolar	2	0.00407124681934	0.0	12.0	0.00610687022901	0.00136921279392
359091	Andrea Montanari	2	0.00458015267176	9.3377220627e-06	14.0	0.00763358778626	0.00197612168224
140011	Zhihua Zhang	2	0.00458015267176	9.3377220627e-06	14.0	0.00763358778626	0.00197612168224
150271	Francis R. Bach	2	0.00923664122137	4.66886103135e-05	98.0	0.00916030534351	0.00184386462424
358529	Yee Whye Teh	2	0.0030534351145	4.66886103135e-06	8.0	0.00610687022901	0.00190270607086
172885	Rémi Munos	2	0.00458015267176	9.3377220627e-06	14.0	0.00763358778626	0.00197612168224
152429	Fei-Fei Li 0002	2	0.00610687022901	1.55628701045e-06	8.0	0.00916030534351	0.00163931101617
359350	Dongryeol Lee	2	0.00636132315522	1.55628701045e-06	12.0	0.00916030534351	0.00168861729547
1102778	Bill Freeman	2	0.0130102887488	0.000224105329505	354.0	0.0137404580153	0.0024736333059
35774	Sameer Singh	2	0.00687022900763	4.66886103135e-06	16.0	0.00916030534351	0.00176337644437
507726	Parikshit Ram	2	0.00636132315522	1.55628701045e-06	12.0	0.00916030534351	0.00168861729547
156648	Elad Hazan	2	0.00152671755725	0.0	2.0	0.00458015267176	0.0015243902439
206337	Tibério S. Caetano	2	0.0162999550965	0.000179751149707	144.0	0.012213740458	0.00194944240798
27687	Vivek F. Farias	2	0.00687022900763	3.73508882508e-05	56.0	0.00916030534351	0.00203800536059
44098	Bin Yu	2	0.00687022900763	4.66886103135e-06	16.0	0.00916030534351	0.00161321502659
132202	Matthias Hein	2	0.0030534351145	0.0	4.0	0.00610687022901	0.0015243902439
358597	Peter J. Ramadge	2	0.00916030534351	4.20197492822e-05	48.0	0.012213740458	0.00228783282105
# Periodo: 2010-2010
140389	Michael I. Jordan	5	0.0113224637681	0.000136793847974	196.0	0.0135869565217	0.00330259787789
137351	Eric P. Xing	4	0.0097049689441	2.27989746623e-05	24.0	0.0108695652174	0.00181491179792
121167	Csaba Szepesvári	4	0.0143512228261	0.000225524992606	324.0	0.0163043478261	0.00311011324966
358849	S. V. N. Vishwanathan	4	0.0153079710145	0.000484324164448	1052.0	0.0163043478261	0.0027966400146
150271	Francis R. Bach	4	0.0100049407115	9.61254066844e-05	146.0	0.0122282608696	0.00249418142218
150400	Nathan Srebro	4	0.0127486123959	0.000451049985211	1190.0	0.0135869565217	0.00235070788874
19349	Jun Zhu	4	0.0123517786561	9.79739721976e-05	126.0	0.0149456521739	0.00245602466926
54566	Geoffrey E. Hinton	4	0.0108695652174	7.39426205265e-05	92.0	0.0135869565217	0.00265846235553
206339	Alexander J. Smola	4	0.0183695652174	0.000688898747905	1412.0	0.0176630434783	0.00270467896716
20498	Bernhard Schölkopf	3	0.0123517786561	0.000118308192842	162.0	0.0149456521739	0.00270236948646
358492	Han Liu	3	0.0054347826087	3.69713102632e-06	8.0	0.00815217391304	0.00158389448667
129227	Raquel Urtasun	3	0.00754830917874	0.000114611061816	248.0	0.00815217391304	0.00181568416233
125172	Robert E. Schapire	3	0.00579710144928	6.28512274475e-05	140.0	0.00815217391304	0.00201534601104
358774	James Petterson	3	0.0143512228261	1.97180321404e-05	128.0	0.0108695652174	0.0016039654446
33355	Andreas Krause	3	0.00790513833992	6.28512274475e-05	108.0	0.00951086956522	0.00210530215413
172885	Rémi Munos	3	0.0109342650104	0.00011091393079	210.0	0.00951086956522	0.00176659843665
97339	Alan L. Yuille	3	0.00951086956522	3.32741792369e-05	38.0	0.0122282608696	0.00211224850128
207959	Prateek Jain	3	0.00679347826087	2.40313516711e-05	34.0	0.00951086956522	0.00210861755083
206084	Nuno Vasconcelos	3	0.00407608695652	1.1091393079e-05	18.0	0.00679347826087	0.00207024856971
95828	Ben Taskar	3	0.00579710144928	6.28512274475e-05	140.0	0.00815217391304	0.00201534601104
206337	Tibério S. Caetano	3	0.0143512228261	1.97180321404e-05	128.0	0.0108695652174	0.0016039654446
358438	Kilian Q. Weinberger	2	0.0108695652174	2.58799171843e-05	44.0	0.0135869565217	0.00168204912038
249909	Lihong Li	2	0.0166996047431	0.000565661047028	1388.0	0.0108695652174	0.0017499118008
358458	Odalric-Ambrym Maillard	2	0.00740708274895	0.0	62.0	0.00679347826087	0.00125185083799
358461	Martha White	2	0.00679347826087	1.47885241053e-05	26.0	0.00951086956522	0.00173771572258
358473	Larry A. Wasserman	2	0.0054347826087	3.69713102632e-06	8.0	0.00815217391304	0.00158389448667
53322	Zhi-Hua Zhou	2	0.00485248447205	1.47885241053e-05	34.0	0.00679347826087	0.00162357241995
358488	Marc'Aurelio Ranzato	2	0.00724637681159	3.69713102632e-06	24.0	0.00815217391304	0.00152297266591
358495	Alexander Rakhlin	2	0.00894305645685	0.00025140490979	904.0	0.00679347826087	0.00133458683222
358496	Karthik Sridharan	2	0.0106997282609	0.000138642413487	112.0	0.00679347826087	0.00123328513891
208995	Joshua B. Tenenbaum	2	0.00815217391304	3.32741792369e-05	48.0	0.0108695652174	0.00203638850828
358533	Tamir Hazan	2	0.00590737240076	5.91540964212e-05	162.0	0.00679347826087	0.00152732030624
358554	Alekh Agarwal	2	0.00407608695652	1.84856551316e-06	6.0	0.00679347826087	0.00152522061227
104642	Lorenzo Rosasco	2	0.00679347826087	2.21827861579e-05	34.0	0.00951086956522	0.00195218608548
121055	Haim Sompolinsky	2	0.00407608695652	7.39426205265e-06	14.0	0.00679347826087	0.00175893598854
4339	Yann LeCun	2	0.00815217391304	1.84856551316e-05	32.0	0.0108695652174	0.00171736306342
96507	Amos J. Storkey	2	0.00679347826087	2.21827861579e-05	34.0	0.00951086956522	0.00195218608548
14598	Tong Zhang	2	0.011066003143	0.000255102040816	784.0	0.0108695652174	0.00190799438061
358381	Umar Syed	2	0.00621118012422	5.91540964212e-05	140.0	0.0054347826087	0.0012401099431
53530	Jieping Ye	2	0.00407608695652	7.39426205265e-06	14.0	0.00679347826087	0.00175893598854
129314	Trevor Darrell	2	0.00590737240076	5.91540964212e-05	162.0	0.00815217391304	0.00181597779502
358720	Ruslan Salakhutdinov	2	0.0106997282609	0.0	112.0	0.00815217391304	0.00127008741611
53995	Dit-Yan Yeung	2	0.00271739130435	0.0	4.0	0.0054347826087	0.00135685210312
358875	Vibhav Gogate	2	0.00698757763975	3.32741792369e-05	56.0	0.00951086956522	0.0019681895816
375312	Pedro Domingos	2	0.0054347826087	1.84856551316e-05	44.0	0.00679347826087	0.00150704930366
96808	Sanjoy K. Mitter	2	0.00617716270731	0.000140490979	650.0	0.00679347826087	0.00155606341418
14900	Yu Zhang	2	0.00271739130435	0.0	4.0	0.0054347826087	0.00135685210312
94786	Polina Golland	2	0.00815217391304	2.95770482106e-05	44.0	0.0108695652174	0.0019538428098
152216	Pietro Perona	2	0.00790513833992	5.54569653949e-05	100.0	0.00951086956522	0.00191270520586
141978	Huan Xu	2	0.0066889632107	5.54569653949e-05	124.0	0.00679347826087	0.00139356755585
90790	Alan Fern	2	0.00407608695652	7.39426205265e-06	14.0	0.00679347826087	0.00175893598854
359091	Andrea Montanari	2	0.00407608695652	1.84856551316e-06	6.0	0.00679347826087	0.00152522061227
152259	Greg Mori	2	0.0054347826087	1.1091393079e-05	20.0	0.00815217391304	0.00175609450604
152277	Sinisa Todorovic	2	0.00271739130435	3.69713102632e-06	8.0	0.0054347826087	0.00169358912141
1102592	Hongjing Lu	2	0.00832201086957	1.1091393079e-05	16.0	0.0108695652174	0.00179593451352
637734	Li-Jia Li	2	0.00849184782609	6.16188504387e-06	32.0	0.00815217391304	0.00131465947198
205629	Shie Mannor	2	0.0054347826087	4.43655723159e-05	112.0	0.00679347826087	0.0015027269785
99169	Jan Peters	2	0.00849184782609	3.32741792369e-05	80.0	0.00815217391304	0.00156191898928
7065	Xi Chen	2	0.00434782608696	0.0	10.0	0.00679347826087	0.00129052511467
53073	Tie-Yan Liu	2	0.0054347826087	1.47885241053e-05	24.0	0.00815217391304	0.00190934277984
205820	Nebojsa Jojic	2	0.0054347826087	1.47885241053e-05	24.0	0.00815217391304	0.00190934277984
205864	Erik B. Sudderth	2	0.00679347826087	2.21827861579e-05	34.0	0.00951086956522	0.00195218608548
512521	Hariharan Narayanan	2	0.00739734299517	0.000199645075421	798.0	0.0054347826087	0.00114110422942
140387	David M. Blei	2	0.00786102484472	5.17598343685e-05	104.0	0.00815217391304	0.0017020349439
132202	Matthias Hein	2	0.00407608695652	7.39426205265e-06	14.0	0.00679347826087	0.00175893598854
127176	David Grangier	2	0.00407608695652	7.39426205265e-06	14.0	0.00679347826087	0.00175893598854
25807	John V. Guttag	2	0.00271739130435	3.69713102632e-06	8.0	0.0054347826087	0.00169358912141
17619	Inderjit S. Dhillon	2	0.00485248447205	1.84856551316e-06	14.0	0.00679347826087	0.00145183087407
505055	José Bento	2	0.00407608695652	1.84856551316e-06	6.0	0.00679347826087	0.00152522061227
191736	Masato Okada	2	0.00407608695652	7.39426205265e-06	14.0	0.00679347826087	0.00175893598854
113945	Laurens van der Maaten	2	0.00951086956522	4.43655723159e-05	62.0	0.0122282608696	0.00206593439656
206112	Mathieu Salzmann	2	0.00715102974828	8.87311446318e-05	214.0	0.00679347826087	0.00145478654708
157015	John Langford	2	0.0139163372859	0.000443655723159	1176.0	0.0108695652174	0.00182653433559
# Periodo: 2011-2011
176184	Ohad Shamir	5	0.0335719040034	0.00331561575465	2830.0	0.0160642570281	0.00264758992349
53530	Jieping Ye	5	0.0187416331995	0.00024943383902	304.0	0.0214190093708	0.00339554474555
128478	Andrew Y. Ng	5	0.0200803212851	0.000290707064182	342.0	0.0227576974565	0.00359768083197
172885	Rémi Munos	5	0.00892458723784	7.71629861717e-05	144.0	0.0107095046854	0.00205895945129
358377	Ambuj Tewari	5	0.0280811720402	0.0017729541939	5178.0	0.0107095046854	0.00179366687299
4338	Yoshua Bengio	4	0.0133868808568	0.000125614163535	160.0	0.0160642570281	0.00299224399522
37953	Masashi Sugiyama	4	0.0128514056225	0.000125614163535	164.0	0.0147255689424	0.00263600103339
17619	Inderjit S. Dhillon	4	0.0221748000613	0.000240461398768	534.0	0.00937081659973	0.00166108240872
206362	Francis Bach	4	0.00669344042838	2.87118088081e-05	42.0	0.00937081659973	0.00227932131545
509517	Nati Srebro	4	0.0290307768918	0.00138713926304	2634.0	0.0133868808568	0.00229629072972
358378	Pradeep D. Ravikumar	4	0.0221748000613	0.000681905459192	1878.0	0.0107095046854	0.00196506729879
358495	Alexander Rakhlin	3	0.030046854083	0.00145772245969	234.0	0.0120481927711	0.00192749440537
358496	Karthik Sridharan	3	0.0284804304104	0.000296090528333	418.0	0.00937081659973	0.00147838399096
137351	Eric P. Xing	3	0.0243294365045	0.00154325972343	5064.0	0.0107095046854	0.00200045925138
14598	Tong Zhang	3	0.0296028119044	0.00133151013347	3522.0	0.0174029451138	0.00254542433677
358720	Ruslan Salakhutdinov	3	0.0275659211771	0.00131535974102	4042.0	0.0107095046854	0.00183049402191
358760	Maneesh Sahani	3	0.0143430866322	5.56291295656e-05	110.0	0.0147255689424	0.00180846005701
33355	Andreas Krause	3	0.00815962261745	0.000147148020141	404.0	0.0107095046854	0.00222948253601
15269	Antonio Torralba	3	0.0217730826688	0.000690877899444	2574.0	0.0107095046854	0.00195037942965
156648	Elad Hazan	3	0.0224230254351	0.000470155869232	1864.0	0.00803212851406	0.0017182682464
767005	Tom Griffiths	3	0.00803212851406	3.94787371111e-05	56.0	0.0107095046854	0.00231380646819
138901	Taiji Suzuki	3	0.0113394755493	9.69023547272e-05	172.0	0.0120481927711	0.00202568586616
206522	Le Song	3	0.0306600551867	0.00264866436254	7798.0	0.0147255689424	0.00235536886035
192295	Krishna V. Shenoy	3	0.0188253012048	0.000199188173606	260.0	0.0214190093708	0.00245891107085
18340	David B. Dunson	3	0.00796986395193	0.000104080306929	306.0	0.0107095046854	0.00209361549118
6126	Lawrence Carin	3	0.00979154714094	0.000218927542161	554.0	0.0107095046854	0.00203812638637
358398	Sham M. Kakade	3	0.0357700643845	0.0034442207316	-2112.0	0.0174029451138	0.00260908108684
358411	Xiaoli Fern	2	0.00985761226725	2.87118088081e-05	12.0	0.0120481927711	0.0018650084829
20498	Bernhard Schölkopf	2	0.0104953145917	0.00014355904404	298.0	0.0120481927711	0.00192719213465
141351	Neil D. Lawrence	2	0.0100916486459	0.000118436211333	272.0	0.0107095046854	0.00186938007814
607922	Scott Niekum	2	0.00401606425703	7.17795220202e-06	14.0	0.00669344042838	0.00173306928282
358458	Odalric-Ambrym Maillard	2	0.00608494584398	1.7944880505e-06	44.0	0.00669344042838	0.00130239126485
358459	Alessandro Lazaric	2	0.00704572676672	3.23007849091e-05	92.0	0.00803212851406	0.0015906970773
59453	Philip M. Long	2	0.00133868808568	0.0	2.0	0.00401606425703	0.00133689839572
358464	Joris M. Mooij	2	0.0119264938542	0.000175859828949	352.0	0.0120481927711	0.00195399535704
358471	Sivaraman Balakrishnan	2	0.00669344042838	7.17795220202e-06	10.0	0.00937081659973	0.00166868339904
503902	Charles Kemp	2	0.00267737617135	0.0	4.0	0.0053547523427	0.00133689839572
116845	Rocco A. Servedio	2	0.00133868808568	0.0	2.0	0.00401606425703	0.00133689839572
358529	Yee Whye Teh	2	0.00401606425703	7.17795220202e-06	14.0	0.00669344042838	0.00173306928282
358551	Daniel Hsu	2	0.0312988063365	0.000747703354377	384.0	0.0133868808568	0.00196845852279
358554	Alekh Agarwal	2	0.027821161188	0.000236872422667	994.0	0.00937081659973	0.00150664397593
129227	Raquel Urtasun	2	0.00669344042838	2.1533856606e-05	34.0	0.00937081659973	0.00192347746658
393518	Jonathan Pillow	2	0.00401606425703	7.17795220202e-06	14.0	0.00669344042838	0.00173306928282
358711	Piyush Rai	2	0.00401606425703	1.7944880505e-06	6.0	0.00669344042838	0.00150279089738
22957	Yuan (Alan) Qi	2	0.00401606425703	7.17795220202e-06	14.0	0.00669344042838	0.00173306928282
207352	Michalis K. Titsias	2	0.0072884129109	4.66566893131e-05	168.0	0.00669344042838	0.00136300257847
72295	Martin J. Wainwright	2	0.00401606425703	7.17795220202e-06	14.0	0.00669344042838	0.00173306928282
305806	Manfred Opper	2	0.00669344042838	2.1533856606e-05	34.0	0.00937081659973	0.00192347746658
152216	Pietro Perona	2	0.00979154714094	0.00021533856606	562.0	0.00937081659973	0.00180748766776
90790	Alan Fern	2	0.00722891566265	7.17795220202e-06	28.0	0.00803212851406	0.00131126829246
320185	Máté Lengyel	2	0.00401606425703	7.17795220202e-06	14.0	0.00669344042838	0.00173306928282
117464	Ran El-Yaniv	2	0.00267737617135	3.58897610101e-06	8.0	0.0053547523427	0.00166868339904
76580	Eero P. Simoncelli	2	0.00401606425703	7.17795220202e-06	14.0	0.00669344042838	0.00173306928282
125064	Jeff A. Bilmes	2	0.00401606425703	7.17795220202e-06	14.0	0.00669344042838	0.00173306928282
320344	Kenji Fukumizu	2	0.0233827658233	0.000466566893131	1794.0	0.00803212851406	0.00151977264143
199516	Prasad Tadepalli	2	0.00985761226725	2.87118088081e-05	12.0	0.0120481927711	0.0018650084829
1098602	Philip S. Thomas	2	0.00301204819277	0.0	8.0	0.0053547523427	0.00131264303529
205629	Shie Mannor	2	0.0249351486166	0.000466566893131	1698.0	0.00669344042838	0.00130953496301
115587	Dean P. Foster	2	0.0279505619377	0.000466566893131	1542.0	0.0107095046854	0.00173904438509
56238	Ashutosh Saxena	2	0.00669344042838	2.1533856606e-05	34.0	0.00937081659973	0.00192347746658
1102776	Xiaojin (Jerry) Zhu	2	0.0053547523427	1.4355904404e-05	24.0	0.00803212851406	0.00188126420955
205864	Erik B. Sudderth	2	0.0053547523427	1.0766928303e-05	20.0	0.00803212851406	0.00173026958683
207959	Prateek Jain	2	0.0218522575149	0.000236872422667	1230.0	0.00669344042838	0.00127194537484
140389	Michael I. Jordan	2	0.00401606425703	7.17795220202e-06	14.0	0.00669344042838	0.00173306928282
132202	Matthias Hein	2	0.00267737617135	3.58897610101e-06	8.0	0.0053547523427	0.00166868339904
191626	Wulfram Gerstner	2	0.0053547523427	1.4355904404e-05	24.0	0.00803212851406	0.00188126420955
205985	Jeff G. Schneider	2	0.00401606425703	7.17795220202e-06	14.0	0.00669344042838	0.00173306928282
109748	Thomas G. Dietterich	2	0.00903614457831	2.87118088081e-05	62.0	0.0107095046854	0.00169685805168
206018	Deva Ramanan	2	0.0053547523427	1.0766928303e-05	20.0	0.00803212851406	0.00173026958683
21367	Bo Chen	2	0.0103849742404	0.000229694470465	594.0	0.00803212851406	0.00152638007826
206084	Nuno Vasconcelos	2	0.00803212851406	1.7944880505e-05	32.0	0.0107095046854	0.00169210772425
116959	Vladlen Koltun	2	0.00401606425703	7.17795220202e-06	14.0	0.00669344042838	0.00173306928282
118112	Nicolò Cesa-Bianchi	2	0.0251438109481	0.000689083411394	2278.0	0.00803212851406	0.00142699966078
683486	Byron M. Yu	2	0.013691128149	5.38346415151e-06	44.0	0.0133868808568	0.00154662024425
