# Periodo: 1969-1971
115300	Robert L. Constable	3	0.0120481927711	0.0	2.0	0.0361445783133	0.0119047619048
26507	Stephen A. Cook	3	0.0	0.0	0.0	0.0240963855422	0.0119047619048
53209	Jeffrey D. Ullman	3	0.0120481927711	0.0	2.0	0.0361445783133	0.0119047619048
51300	Alfred V. Aho	3	0.0120481927711	0.0	2.0	0.0361445783133	0.0119047619048
278042	Joseph S. Ullian	2	0.0	0.0	0.0	0.0240963855422	0.0119047619048
48543	Zohar Manna	2	0.0120481927711	0.0	2.0	0.0361445783133	0.0119047619048
48305	Shi-Kuo Chang	2	0.0	0.0	0.0	0.0240963855422	0.0119047619048
78520	Ronald V. Book	2	0.0240963855422	0.0	4.0	0.0481927710843	0.0119047619048
# Periodo: 1972-1974
26507	Stephen A. Cook	6	0.0291262135922	0.000571102227299	18.0	0.0485436893204	0.0146708961142
55645	Larry J. Stockmeyer	4	0.101132686084	0.0388349514563	2046.0	0.0776699029126	0.0145487273594
173420	Vaughan R. Pratt	4	0.0809061488673	0.0159908623644	886.0	0.0776699029126	0.0131739873604
53209	Jeffrey D. Ullman	4	0.073999526403	0.0197982105464	1214.0	0.0679611650485	0.0151129815226
28724	Robert Endre Tarjan	3	0.0632079288026	0.0	192.0	0.0582524271845	0.00950626716755
119064	Ravi Sethi	3	0.0174757281553	0.0	10.0	0.0291262135922	0.00793021411578
173357	Albert R. Meyer	3	0.090566584553	0.0201789453646	726.0	0.0582524271845	0.0112266145521
116536	Jean Vuillemin	3	0.0291262135922	0.000380734818199	14.0	0.0485436893204	0.0124647675341
24995	H. T. Kung	3	0.0	0.0	0.0	0.0194174757282	0.00961538461538
46013	John E. Hopcroft	3	0.0600788234163	0.00894726822768	694.0	0.0582524271845	0.0139438328176
# Periodo: 1973-1975
26507	Stephen A. Cook	6	0.0425531914894	0.00137268359643	32.0	0.063829787234	0.019081568463
55645	Larry J. Stockmeyer	5	0.0801963993453	0.0121253717685	384.0	0.0957446808511	0.0206982914163
28724	Robert Endre Tarjan	4	0.0212765957447	0.000228780599405	8.0	0.0425531914894	0.0131386861314
38702	Richard J. Lipton	4	0.0379939209726	0.00137268359643	48.0	0.0531914893617	0.0131303135101
116536	Jean Vuillemin	4	0.0443262411348	0.00160146419584	44.0	0.063829787234	0.0166318056547
51300	Alfred V. Aho	3	0.0425531914894	0.00183024479524	66.0	0.0531914893617	0.0130594756895
51290	Michael J. Fischer	3	0.0868794326241	0.00617707618394	48.0	0.063829787234	0.0124891751467
66924	Harry B. Hunt III	3	0.0283687943262	0.000686341798216	28.0	0.0425531914894	0.0109620690252
48815	David P. Dobkin	3	0.0295508274232	0.000915122397621	42.0	0.0425531914894	0.0109141979312
# Periodo: 1976-1978
173357	Albert R. Meyer	4	0.0776397515528	0.00793398920977	458.0	0.0797101449275	0.0157211125567
28724	Robert Endre Tarjan	3	0.0217391304348	0.000211573045594	14.0	0.036231884058	0.00932615700396
38977	Ronald L. Rivest	3	0.0627090301003	0.00401988786629	270.0	0.0652173913043	0.0126186991032
119140	Mark N. Wegman	3	0.0372670807453	0.000528932613985	36.0	0.0507246376812	0.00946179319051
116246	Juris Hartmanis	2	0.00724637681159	0.0	2.0	0.0217391304348	0.00719424460432
116271	Ivan Hal Sudborough	2	0.0	0.0	0.0	0.0144927536232	0.00719424460432
51290	Michael J. Fischer	2	0.0144927536232	0.000105786522797	8.0	0.0289855072464	0.00897967757181
48762	Larry Carter	2	0.0326086956522	0.0	16.0	0.0434782608696	0.00767342468291
278660	Kenneth L. Manders	2	0.00724637681159	0.0	2.0	0.0217391304348	0.00719424460432
115383	Leslie G. Valiant	2	0.00724637681159	0.0	2.0	0.0217391304348	0.00719424460432
281874	Thomas J. Schaefer	2	0.0	0.0	0.0	0.0144927536232	0.00719424460432
50452	Nancy A. Lynch	2	0.00724637681159	0.0	2.0	0.0217391304348	0.00719424460432
58140	Leonidas J. Guibas	2	0.0289855072464	0.000317359568391	20.0	0.0434782608696	0.00931109101402
# Periodo: 1977-1979
28724	Robert Endre Tarjan	5	0.0373134328358	0.000897766805072	42.0	0.0522388059701	0.0126291284737
173357	Albert R. Meyer	4	0.0664857530529	0.00617214678487	386.0	0.0671641791045	0.0128932413858
38977	Ronald L. Rivest	3	0.0562571756602	0.00392772977219	264.0	0.0671641791045	0.0129710071564
115383	Leslie G. Valiant	3	0.00746268656716	0.0	2.0	0.0223880597015	0.00740740740741
61705	S. Rao Kosaraju	3	0.0	0.0	0.0	0.0149253731343	0.00740740740741
57120	Gary L. Miller	3	0.0149253731343	0.0	4.0	0.0298507462687	0.00740740740741
27007	David Harel	3	0.0562571756602	0.0049377174279	340.0	0.0522388059701	0.0111429977106
174338	Karl Winklmann	2	0.0504374678332	0.0	58.0	0.044776119403	0.00787589208061
115238	Michael Sipser	2	0.00746268656716	0.0	2.0	0.0223880597015	0.00740740740741
115281	Andrew Chi-Chih Yao	2	0.0384917517675	0.0	76.0	0.0298507462687	0.00574449282692
51290	Michael J. Fischer	2	0.0149253731343	0.000112220850634	8.0	0.0298507462687	0.00924574209246
30299	Joseph JáJá	2	0.0	0.0	0.0	0.0149253731343	0.00740740740741
48762	Larry Carter	2	0.0310945273632	0.0	12.0	0.044776119403	0.00767203709263
# Periodo: 1980-1982
116321	Martin Tompa	4	0.0273794002608	0.00128402670776	402.0	0.0282485875706	0.00613797174377
38702	Richard J. Lipton	4	0.0293120638086	0.00648433487417	1440.0	0.0338983050847	0.00849441871443
114996	Zvi Galil	4	0.0207627118644	0.00128402670776	518.0	0.0282485875706	0.00628211076903
77719	John H. Reif	4	0.00564971751412	0.0	2.0	0.0169491525424	0.00561797752809
118299	Janos Simon	3	0.028312788906	0.00436569080637	1062.0	0.0338983050847	0.00704594958456
116796	Bernard Chazelle	3	0.0184899845917	0.000321006676939	52.0	0.0225988700565	0.00533961415325
115281	Andrew Chi-Chih Yao	3	0.0	0.0	0.0	0.0112994350282	0.00561797752809
50452	Nancy A. Lynch	3	0.034604519774	0.00693374422188	1596.0	0.0338983050847	0.00732974051749
36025	Mihalis Yannakakis	3	0.0454667742803	0.00141242937853	180.0	0.045197740113	0.00719306442965
61705	S. Rao Kosaraju	3	0.00564971751412	0.0	2.0	0.0169491525424	0.00561797752809
176078	Jia-Wei Hong	3	0.0127118644068	0.000128402670776	18.0	0.0225988700565	0.00654521653758
53209	Jeffrey D. Ullman	3	0.0561648388169	0.00301746276323	274.0	0.0677966101695	0.0108020560347
68110	Ronald Fagin	2	0.0415131417342	0.0	46.0	0.0395480225989	0.00588656423003
175132	Deborah Joseph	2	0.00564971751412	0.0	2.0	0.0169491525424	0.00561797752809
28724	Robert Endre Tarjan	2	0.0209371884347	0.00128402670776	514.0	0.0225988700565	0.00599554284667
57441	Frank Thomson Leighton	2	0.0169491525424	0.0	6.0	0.0282485875706	0.00561797752809
108626	David A. Plaisted	2	0.0112994350282	0.0	4.0	0.0225988700565	0.00561797752809
# Periodo: 1981-1983
114996	Zvi Galil	5	0.0449468085106	0.00142223233587	368.0	0.031914893617	0.00618390931504
115281	Andrew Chi-Chih Yao	4	0.0106382978723	0.0	4.0	0.0212765957447	0.00529100529101
36025	Mihalis Yannakakis	4	0.0536678310575	0.00284446467175	534.0	0.0478723404255	0.00755887358239
59170	Ashok K. Chandra	4	0.0473124300112	0.00301513255205	334.0	0.0531914893617	0.0111961593264
44345	Danny Dolev	4	0.0799054373522	0.0125725338491	1582.0	0.0691489361702	0.012048155142
115238	Michael Sipser	3	0.0312673450509	0.0	230.0	0.0159574468085	0.0035012713174
28724	Robert Endre Tarjan	3	0.0106382978723	5.6889293435e-05	8.0	0.0212765957447	0.00660410149461
116321	Martin Tompa	3	0.0239361702128	0.000512003640915	60.0	0.031914893617	0.0079095080171
57441	Frank Thomson Leighton	3	0.0289598108747	0.00068267152122	80.0	0.0372340425532	0.00778972516161
38500	Joseph Y. Halpern	3	0.0359574468085	0.001308453749	190.0	0.0372340425532	0.00807137890691
115383	Leslie G. Valiant	3	0.0119680851064	0.00011377858687	18.0	0.0212765957447	0.00616427800894
116954	Neil Immerman	3	0.0106382978723	0.0	4.0	0.0212765957447	0.00529100529101
61705	S. Rao Kosaraju	3	0.00531914893617	0.0	2.0	0.0159574468085	0.00529100529101
38702	Richard J. Lipton	3	0.0374556737589	0.001308453749	198.0	0.031914893617	0.00683915700458
100675	Wolfgang J. Paul	3	0.0609448250992	0.00500625782228	770.0	0.0425531914894	0.00763199978958
117989	Pavol Duris	3	0.0443919096401	0.0	162.0	0.0265957446809	0.00482027589734
26470	Avi Wigderson	3	0.0553191489362	0.00142223233587	308.0	0.031914893617	0.00605085380031
77719	John H. Reif	3	0.0119680851064	0.00011377858687	18.0	0.0212765957447	0.00616427800894
# Periodo: 1984-1986
28724	Robert Endre Tarjan	6	0.0526870389884	0.0254576134404	10666.0	0.042735042735	0.00828041596413
44345	Danny Dolev	5	0.063051702396	0.0221684213101	960.0	0.0555555555556	0.00952769719903
66362	Moshe Y. Vardi	5	0.053050397878	0.0066762041011	2652.0	0.0299145299145	0.00606490376433
117146	Eli Upfal	5	0.0729128691214	0.0340779868677	13386.0	0.034188034188	0.00621049620904
57441	Frank Thomson Leighton	4	0.0398565165405	0.00634606214005	3530.0	0.034188034188	0.00655450283645
38500	Joseph Y. Halpern	4	0.0543625985322	0.0108702297543	4180.0	0.034188034188	0.00618483882541
26470	Avi Wigderson	4	0.0646412411118	0.00821686658597	2900.0	0.0299145299145	0.0055354200201
66470	Richard M. Karp	4	0.0702493853179	0.0312167565386	13004.0	0.025641025641	0.00472048031757
55645	Larry J. Stockmeyer	3	0.0612932883849	0.0105156328332	1410.0	0.034188034188	0.00618712101943
156747	Shafi Goldwasser	3	0.0473372781065	0.00313634862991	1374.0	0.025641025641	0.00576493810397
117438	Nimrod Megiddo	3	0.0459242250287	0.00634606214005	3012.0	0.0299145299145	0.00633356727724
78526	Uzi Vishkin	3	0.0157342657343	0.000293459520927	102.0	0.017094017094	0.00428095297926
116418	Adi Shamir	3	0.0128205128205	7.33648802318e-05	14.0	0.0213675213675	0.00551632265341
56576	Micha Sharir	3	0.0216346153846	0.000550236601739	120.0	0.025641025641	0.00631167878073
56596	Miklós Ajtai	3	0.0467495467495	0.00314246236993	678.0	0.0470085470085	0.0058726434724
56600	Endre Szemerédi	3	0.0428537511871	0.00226208380715	492.0	0.0512820512821	0.00666616802986
116510	Dexter Kozen	3	0.0296679815911	0.000110047320348	104.0	0.025641025641	0.00469015025396
114996	Zvi Galil	3	0.0314843886272	0.00124720296394	354.0	0.025641025641	0.00452208000136
115008	Michael Luby	3	0.0610500610501	0.00597923773889	-34.0	0.0213675213675	0.00412933120213
116060	Andrew V. Goldberg	3	0.0589448865311	0.0262462859029	10672.0	0.0213675213675	0.00415649616864
115555	Daniel Dominic Sleator	3	0.0442086648983	3.66824401159e-05	696.0	0.025641025641	0.0047582749111
12674	Kenneth L. Clarkson	3	0.0	0.0	0.0	0.00854700854701	0.00425531914894
77719	John H. Reif	3	0.0296679815911	0.00128388540406	376.0	0.025641025641	0.00538167032132
# Periodo: 1985-1987
28724	Robert Endre Tarjan	5	0.0353379653062	0.0116452268111	4852.0	0.0379146919431	0.00789983947222
56600	Endre Szemerédi	5	0.0580568720379	0.00209132626194	224.0	0.0663507109005	0.00940548194096
66362	Moshe Y. Vardi	5	0.0454976303318	0.0198600767321	7244.0	0.0379146919431	0.00858460611567
26476	Johan Håstad	5	0.0360352998856	0.00381403746333	894.0	0.0331753554502	0.00735497694495
117146	Eli Upfal	5	0.0577747686752	0.0269465132024	9594.0	0.0379146919431	0.00724076752391
57441	Frank Thomson Leighton	4	0.0418009478673	0.00525840668021	1150.0	0.0331753554502	0.00710062430445
26470	Avi Wigderson	4	0.0577747686752	0.0293838862559	10230.0	0.042654028436	0.0082427871307
45379	Alok Aggarwal	4	0.0387045813586	0.00320469419995	656.0	0.042654028436	0.00824319293834
116060	Andrew V. Goldberg	4	0.0398519389767	0.01647483638	6524.0	0.0284360189573	0.0060521579653
157176	Umesh V. Vazirani	4	0.0136604404795	0.0	34.0	0.0189573459716	0.0041559021114
117784	David Peleg	3	0.0507880524634	0.0	430.0	0.0236966824645	0.00421855389333
55645	Larry J. Stockmeyer	3	0.0507880524634	0.0225682690138	8162.0	0.0379146919431	0.00739755521376
156747	Shafi Goldwasser	3	0.0500891343102	0.022974497856	8552.0	0.0284360189573	0.00594103896036
115555	Daniel Dominic Sleator	3	0.0311094908251	0.00216655382532	1496.0	0.0331753554502	0.00688263103936
116418	Adi Shamir	3	0.029028436019	0.00252764612954	674.0	0.0284360189573	0.00663373480967
57544	Herbert Edelsbrunner	3	0.0302905419328	0.00171518844505	482.0	0.0284360189573	0.0058455995594
56586	Nathan Linial	3	0.0236966824645	0.000293387497179	34.0	0.0331753554502	0.00733042988188
56596	Miklós Ajtai	3	0.0464454976303	0.000105318588731	40.0	0.0473933649289	0.00594658089273
56597	János Komlós	3	0.0464454976303	0.000105318588731	40.0	0.0473933649289	0.00594658089273
58140	Leonidas J. Guibas	3	0.0387045813586	0.00306928458587	696.0	0.0331753554502	0.00630794007611
116033	Vijay V. Vazirani	3	0.0193522906793	0.000451365380275	84.0	0.0236966824645	0.00514514702184
# Periodo: 1988-1990
44491	Moni Naor	7	0.0601841761116	0.0228875538723	12276.0	0.0403225806452	0.00751494314633
36100	Prabhakar Raghavan	6	0.10150721441	0.0584269296069	774.0	0.0645161290323	0.0106738368503
118588	Silvio Micali	6	0.0659796893668	0.0118845500849	6104.0	0.0322580645161	0.00673335306371
26470	Avi Wigderson	6	0.0940080006809	0.0206510382656	5094.0	0.0524193548387	0.00985015533316
117784	David Peleg	5	0.084229390681	0.0134517435027	56.0	0.0403225806452	0.00667713325754
57441	Frank Thomson Leighton	5	0.0743821132736	0.028242131383	12076.0	0.0564516129032	0.00922946496588
156889	Noam Nisan	5	0.087326059456	0.0108887292673	2694.0	0.0282258064516	0.00509181644731
116972	Prasoon Tiwari	5	0.106673749276	0.0508358364895	-1846.0	0.0483870967742	0.00786490795074
117146	Eli Upfal	5	0.0828582145536	0.00170867615689	856.0	0.0322580645161	0.00530086797877
84404	Michael Ben-Or	5	0.0957769684357	0.0123742980279	2412.0	0.0322580645161	0.0061697882162
118333	Jeanette P. Schmidt	4	0.0523956356736	0.0	1360.0	0.0241935483871	0.00412518102136
36025	Mihalis Yannakakis	4	0.046271470465	0.0	1540.0	0.0161290322581	0.00302675554147
433347	Alan Siegel	4	0.0523956356736	0.0	1360.0	0.0241935483871	0.00412518102136
45379	Alok Aggarwal	4	0.0875406197987	0.0470158025336	19962.0	0.0322580645161	0.00550498161099
36103	Christos H. Papadimitriou	3	0.046271470465	0.0	1540.0	0.0161290322581	0.00302675554147
116785	Valerie King	3	0.0120967741935	6.52997257412e-05	14.0	0.0201612903226	0.00520616796607
115008	Michael Luby	3	0.0890725806452	0.0547374951025	-6002.0	0.0362903225806	0.00643657108425
74316	Ming-Yang Kao	3	0.0725642204849	0.011851900222	5958.0	0.0241935483871	0.00494170032454
115281	Andrew Chi-Chih Yao	3	0.00403225806452	0.0	2.0	0.0120967741935	0.00401606425703
157030	Leonid A. Levin	3	0.0748509081052	0.00321601149275	2088.0	0.0241935483871	0.00451594348911
39046	Rafail Ostrovsky	3	0.0563750510412	0.0	1264.0	0.0161290322581	0.00327699517531
117909	Manuel Blum	3	0.0781338426712	0.0301847982238	7862.0	0.0282258064516	0.00525098843906
156876	Mihir Bellare	3	0.0563750510412	0.0	1264.0	0.0161290322581	0.00327699517531
156935	Steven Rudich	3	0.0679943363704	0.0201939401855	4646.0	0.0322580645161	0.00580596071965
# Periodo: 1989-1991
156889	Noam Nisan	7	0.109474052779	0.029387755102	-2010.0	0.0300751879699	0.00460776426306
36100	Prabhakar Raghavan	6	0.115713506564	0.0643342182951	-3132.0	0.0676691729323	0.0103413064835
44491	Moni Naor	6	0.0491368685741	0.0091076748475	7902.0	0.0263157894737	0.00615966025298
57441	Frank Thomson Leighton	5	0.0518092105263	0.0037310256774	596.0	0.0601503759398	0.00974191974927
26470	Avi Wigderson	5	0.111663533835	0.0304507224936	3192.0	0.0526315789474	0.00858574888557
115008	Michael Luby	4	0.104602842	0.0464429267238	-1422.0	0.0375939849624	0.00630683803975
36025	Mihalis Yannakakis	4	0.0821055395843	0.0287416654845	13840.0	0.0601503759398	0.00822259942132
115435	Avrim Blum	4	0.0973102691369	0.0377358490566	17658.0	0.0300751879699	0.00419098758164
116972	Prasoon Tiwari	4	0.107887472304	0.0181334738463	-198.0	0.0413533834586	0.00621199060582
57146	László Babai	4	0.0996995837809	0.020203338535	6564.0	0.0375939849624	0.00600095369453
74901	Allan Borodin	4	0.118162469666	0.0593718798344	-4326.0	0.0451127819549	0.00661878015684
117784	David Peleg	3	0.0956432837984	0.00862060812408	0.0	0.0338345864662	0.00535649780625
74316	Ming-Yang Kao	3	0.0345394736842	0.000907930202866	200.0	0.0225563909774	0.004490903696
115281	Andrew Chi-Chih Yao	3	0.00375939849624	0.0	2.0	0.0112781954887	0.00374531835206
157030	Leonid A. Levin	3	0.0940324495449	0.0143415141628	-756.0	0.0300751879699	0.00480451171372
78526	Uzi Vishkin	3	0.0857301603337	0.00306426443467	2298.0	0.0263157894737	0.00446666380625
39046	Rafail Ostrovsky	3	0.0100250626566	0.0	12.0	0.015037593985	0.00336405840005
143097	Walter L. Ruzzo	3	0.104358442836	0.00401124104061	1926.0	0.0338345864662	0.00517676290827
156935	Steven Rudich	3	0.0815062290763	0.0498794155199	30138.0	0.0338345864662	0.00605810052436
56586	Nathan Linial	3	0.0966783842724	0.00932992859507	312.0	0.0263157894737	0.00417252868929
114996	Zvi Galil	3	0.0857301603337	0.00306426443467	2298.0	0.0263157894737	0.00446666380625
118588	Silvio Micali	3	0.015037593985	0.000113491275358	24.0	0.0225563909774	0.00527035816008
116590	Baruch Schieber	3	0.1066000323	0.0275712867073	7418.0	0.0375939849624	0.0056954193574
77719	John H. Reif	3	0.0112781954887	8.51184565187e-05	18.0	0.0187969924812	0.0057145063516
117146	Eli Upfal	3	0.0936381835091	0.000993048659384	954.0	0.0263157894737	0.00412227027733
66470	Richard M. Karp	3	0.104358442836	0.00607178323166	2988.0	0.0300751879699	0.00483906921727
# Periodo: 1992-1994
47277	Baruch Awerbuch	7	0.111197932817	0.0409475728952	4252.0	0.0426666666667	0.00668543005544
156889	Noam Nisan	7	0.126050380785	0.0340243525469	3804.0	0.032	0.00493742116352
36025	Mihalis Yannakakis	6	0.0843796078431	0.0347179457655	38126.0	0.0266666666667	0.00456585196453
26470	Avi Wigderson	6	0.121358150028	0.0475972218796	-4528.0	0.0266666666667	0.00423401975041
47279	Yishay Mansour	5	0.123659770115	0.0539391684396	-12762.0	0.0533333333333	0.00716136606988
115755	Uriel Feige	5	0.0820625476735	0.0158859180036	17068.0	0.0186666666667	0.00395653505245
115978	Carsten Lund	5	0.098927816092	0.0538803505621	11328.0	0.0293333333333	0.00475931604009
115008	Michael Luby	4	0.114208067941	0.01214818776	3874.0	0.0293333333333	0.00453854597072
115010	David Zuckerman	4	0.123234822451	0.0276558436836	-430.0	0.0266666666667	0.00382153652598
117146	Eli Upfal	4	0.0946209322779	0.00798674713904	714.0	0.024	0.00359648129758
58216	Michael E. Saks	4	0.114390217969	0.0195571586129	1540.0	0.0293333333333	0.00447132011298
175025	Amos Fiat	4	0.0979817850638	0.0133915883853	278.0	0.0293333333333	0.00456219379299
117878	C. Greg Plaxton	4	0.016	0.000156862745098	56.0	0.0213333333333	0.00460299797395
156876	Mihir Bellare	4	0.104551992225	0.0280834673658	-2638.0	0.0213333333333	0.00330767726555
156935	Steven Rudich	4	0.103645472062	0.00691622103387	6492.0	0.0266666666667	0.00398469976163
116121	Oded Goldreich	4	0.11568172043	0.0258371785078	4486.0	0.0293333333333	0.00480202268774
56847	Jirí Matousek	4	0.0137142857143	0.000156862745098	64.0	0.0186666666667	0.00427374495532
278056	Michael J. Kearns	4	0.104551992225	0.00327404217886	1278.0	0.032	0.00392446355668
153144	Satish Rao	4	0.0926649440138	0.00968382989559	398.0	0.024	0.00397113129376
116651	Philip N. Klein	4	0.0803165360209	0.00502436125966	6002.0	0.0213333333333	0.00399608230518
78526	Uzi Vishkin	3	0.109166920345	0.0113939393939	10680.0	0.016	0.00281399972792
39046	Rafail Ostrovsky	3	0.102460952381	0.0237427231478	11778.0	0.024	0.00422392532578
47280	Boaz Patt-Shamir	3	0.105785644051	0.00302490450726	3036.0	0.024	0.00357402018518
116914	Joachim von zur Gathen	3	0.0130666666667	0.000156862745098	76.0	0.016	0.00399122454896
125172	Robert E. Schapire	3	0.0983850022862	0.00858554683581	594.0	0.032	0.00385282292883
61705	S. Rao Kosaraju	3	0.00533333333333	1.42602495544e-05	8.0	0.0106666666667	0.00331961484703
114996	Zvi Galil	3	0.0106666666667	1.42602495544e-05	8.0	0.016	0.00310460169328
117162	Serge A. Plotkin	3	0.0896533333333	0.00609941431118	3116.0	0.024	0.00392988373479
65967	Marek Karpinski	3	0.0145185185185	0.000199643493761	86.0	0.0186666666667	0.00452800130223
57937	Mario Szegedy	3	0.0985201465201	0.00463458110517	5012.0	0.0133333333333	0.00289455853502
102994	Daphne Koller	3	0.0111111111111	8.55614973262e-05	40.0	0.016	0.00374100934589
51799	Maurice Herlihy	3	0.0740936639118	0.00232442067736	4196.0	0.0133333333333	0.00265403229021
60014	Leonard J. Schulman	3	0.0723740329633	0.0	1982.0	0.008	0.00166115281804
117438	Nimrod Megiddo	3	0.00952380952381	5.70409982175e-05	34.0	0.0133333333333	0.00318237466355
115423	Otfried Schwarzkopf	3	0.0106666666667	2.85204991087e-05	18.0	0.0133333333333	0.0028554514228
115435	Avrim Blum	3	0.111370600414	0.0170876143826	-1520.0	0.032	0.00413558479864
115550	Bruce M. Maggs	3	0.0902171907757	0.00462032085561	5410.0	0.0186666666667	0.00322143629927
# Periodo: 1993-1995
156889	Noam Nisan	8	0.125992433072	0.0205575508055	1644.0	0.0327455919395	0.00491272462581
26470	Avi Wigderson	8	0.128254728141	0.0393936601321	-5074.0	0.0302267002519	0.0046798609978
47279	Yishay Mansour	7	0.135556822152	0.0499799744653	-4432.0	0.0579345088161	0.00760885872432
47277	Baruch Awerbuch	6	0.136153113158	0.0359942712924	8816.0	0.0428211586902	0.00620008426202
65967	Marek Karpinski	6	0.0898031171894	0.0413836093937	50420.0	0.0352644836272	0.00678201059748
156876	Mihir Bellare	6	0.124472417123	0.0359289206948	-1826.0	0.0277078085642	0.00437657855033
36100	Prabhakar Raghavan	6	0.110939573684	0.0132542269367	6766.0	0.0377833753149	0.00540928336271
115010	David Zuckerman	5	0.137769173848	0.051746058299	-7930.0	0.0453400503778	0.00590504601622
115436	David R. Karger	5	0.101150787771	0.0321769247977	-3388.0	0.0151133501259	0.00274958675255
115755	Uriel Feige	5	0.0080604534005	3.81650255706e-05	24.0	0.0125944584383	0.00321894711
36025	Mihalis Yannakakis	5	0.0925786871125	0.0388138310053	47096.0	0.0201511335013	0.00389343954623
116121	Oded Goldreich	4	0.127375066082	0.0279798564616	-2450.0	0.0226700251889	0.00359311922343
117146	Eli Upfal	4	0.110019458737	0.00307607606253	1514.0	0.0201511335013	0.00282121922682
117162	Serge A. Plotkin	4	0.116653797957	0.0396935487539	-1872.0	0.0251889168766	0.00395915594647
115435	Avrim Blum	4	0.130968156804	0.0223661578902	-196.0	0.0377833753149	0.00481183063823
58216	Michael E. Saks	4	0.111338636899	0.0146156242218	12452.0	0.0251889168766	0.00429549143578
117878	C. Greg Plaxton	4	0.120124738905	0.0197249573824	7280.0	0.0453400503778	0.00579490657633
115978	Carsten Lund	4	0.109759365454	0.0458469171177	47330.0	0.0251889168766	0.00399457130811
116120	Ran Canetti	4	0.122179504176	0.00921940803941	5018.0	0.0251889168766	0.00400601703734
278056	Michael J. Kearns	4	0.117242958553	0.0035471868185	1478.0	0.0302267002519	0.00366260524662
38520	Aravind Srinivasan	4	0.0910357089939	0.00483423657227	6872.0	0.0151133501259	0.0029322043979
28724	Robert Endre Tarjan	3	0.123479286135	0.00987341779266	3274.0	0.0302267002519	0.00384434352291
116796	Bernard Chazelle	3	0.0125944584383	0.0	10.0	0.0176322418136	0.00251256281407
39046	Rafail Ostrovsky	3	0.119969538984	0.0311890876371	-6050.0	0.0201511335013	0.00348040436746
59561	Dana Ron	3	0.113655352722	0.0032649527335	1558.0	0.0251889168766	0.00316937564986
47280	Boaz Patt-Shamir	3	0.116507431837	0.00242983996133	3568.0	0.0176322418136	0.00259577599603
125172	Robert E. Schapire	3	0.108098280761	0.0104265329019	898.0	0.0302267002519	0.00370606120339
61705	S. Rao Kosaraju	3	0.00503778337531	1.27216751902e-05	8.0	0.0100755667506	0.00313611854895
114967	Torben Hagerup	3	0.0588071077731	0.00240439661095	3158.0	0.0176322418136	0.00309784101056
114996	Zvi Galil	3	0.0201511335013	0.000241711828614	92.0	0.0251889168766	0.00451875744454
51799	Maurice Herlihy	3	0.0845686914151	0.00242983996133	4772.0	0.0125944584383	0.00247504809377
115423	Otfried Schwarzkopf	3	0.00755667506297	6.36083759509e-06	6.0	0.0125944584383	0.00282434068151
115550	Bruce M. Maggs	3	0.133414401112	0.025240066709	3870.0	0.0377833753149	0.00489447354478
172915	Jeff Edmonds	3	0.0918461158989	0.00242983996133	4424.0	0.0176322418136	0.00303294745214
175025	Amos Fiat	3	0.117838100474	0.00672395079563	1500.0	0.0226700251889	0.00330720946747
156747	Shafi Goldwasser	3	0.112553240211	0.0057468198841	1650.0	0.0176322418136	0.00270591438642
56509	Noga Alon	3	0.0822466104285	0.011971096354	15760.0	0.0176322418136	0.00350016019062
115893	Yossi Azar	3	0.120749574998	0.0201831408551	166.0	0.0302267002519	0.00424139267371
173326	Anna R. Karlin	3	0.0990997045612	0.00267999478814	1540.0	0.0201511335013	0.00299534374509
# Periodo: 1996-1998
39046	Rafail Ostrovsky	7	0.110053659381	0.0254963417944	3714.0	0.0289855072464	0.00504208807433
36099	Jon M. Kleinberg	7	0.127335955138	0.11671538438	-35894.0	0.0347826086957	0.0054696533798
26470	Avi Wigderson	7	0.104386632636	0.0911717492708	37704.0	0.0550724637681	0.00962363843826
116121	Oded Goldreich	6	0.0893822048411	0.0344961021452	2036.0	0.0289855072464	0.00478253439647
58214	Eyal Kushilevitz	6	0.111383978341	0.0577848487037	29410.0	0.0347826086957	0.00581481767679
115436	David R. Karger	5	0.0995672105008	0.00313447927199	4442.0	0.0231884057971	0.0035993846018
115755	Uriel Feige	5	0.085897813805	0.0420735558678	27270.0	0.0202898550725	0.00318134358785
44491	Moni Naor	5	0.0807644783186	0.00885519940121	1896.0	0.0260869565217	0.00432523709275
116729	Yuval Rabani	5	0.119386831908	0.0744703827237	-10090.0	0.0231884057971	0.00400508519849
57441	Frank Thomson Leighton	4	0.115839337474	0.0888164725399	-21114.0	0.0434782608696	0.00689249648189
104657	Dima Grigoriev	4	0.0798734596453	0.0	2538.0	0.0144927536232	0.00217675582972
149809	Sanjeev Khanna	4	0.117859791035	0.0654147826671	-7886.0	0.0202898550725	0.00336546662326
115583	Nader H. Bshouty	4	0.0941127393592	0.026996966633	26272.0	0.0231884057971	0.00376350402945
156635	Santosh Vempala	4	0.110896521105	0.019971150914	94.0	0.0260869565217	0.00438149737976
156773	Amit Sahai	4	0.0861167547068	0.015628730611	4034.0	0.0289855072464	0.00471967970288
36100	Prabhakar Raghavan	4	0.12095396216	0.0506446707433	-4890.0	0.0347826086957	0.0054477450441
56586	Nathan Linial	4	0.104926936118	0.0507809096308	-7452.0	0.0260869565217	0.00459498806612
56596	Miklós Ajtai	4	0.0681636989172	0.00623525446579	9654.0	0.0144927536232	0.00297997737858
116120	Ran Canetti	4	0.080443984357	0.0108159852169	7942.0	0.0289855072464	0.00511238003098
157081	Moses Charikar	4	0.1126215781	0.0753248358203	-23860.0	0.0347826086957	0.00553802225745
116426	Michael Mitzenmacher	4	0.103112329898	0.0651447998693	2706.0	0.0463768115942	0.00636349908387
118585	Mohammad Amin Shokrollahi	4	0.0873035489146	0.00468486686889	5014.0	0.0231884057971	0.00379424591274
26491	Russell Impagliazzo	4	0.0901774201867	0.0337731423727	17062.0	0.0289855072464	0.00508106524454
53150	Rajeev Motwani	4	0.122267093233	0.0862875286156	-42388.0	0.0260869565217	0.00404103855271
122902	Cynthia Dwork	3	0.077670053862	0.00999795368097	12250.0	0.0173913043478	0.00304822063335
59561	Dana Ron	3	0.085535375772	0.000408381080777	2370.0	0.0202898550725	0.00309202789045
116937	Andrei Z. Broder	3	0.0982164925289	0.00155881361645	2064.0	0.0173913043478	0.00265126639522
119076	Salil P. Vadhan	3	0.09571238932	0.0536800512711	-15412.0	0.0231884057971	0.00350260438961
115008	Michael Luby	3	0.0872284167727	0.00313447927199	5018.0	0.0202898550725	0.00326673625961
65967	Marek Karpinski	3	0.0798734596453	0.0	2538.0	0.0144927536232	0.00217675582972
115435	Avrim Blum	3	0.0970875673274	0.0104306498467	494.0	0.0231884057971	0.00393509452803
115537	Susanne Albers	3	0.0749145752327	0.00313447927199	5782.0	0.0144927536232	0.00317241906132
57146	László Babai	3	0.0882153353262	0.00623525446579	7626.0	0.0260869565217	0.00424783288466
58216	Michael E. Saks	3	0.0903381642512	0.0165386203506	6394.0	0.0260869565217	0.004745147309
# Periodo: 1997-1999
39046	Rafail Ostrovsky	8	0.121539958321	0.0592259481907	-3896.0	0.029810298103	0.00516647749309
26470	Avi Wigderson	7	0.104804475779	0.0607857360277	15756.0	0.0406504065041	0.00753655285115
116121	Oded Goldreich	6	0.113686211015	0.0149942463569	3746.0	0.0243902439024	0.00403004087183
58214	Eyal Kushilevitz	6	0.111097084056	0.01437860846	5952.0	0.0325203252033	0.00558712802209
156613	Ran Raz	6	0.108623262346	0.0361215145105	7170.0	0.0271002710027	0.00432982603548
157081	Moses Charikar	6	0.121128423474	0.0959096516725	81350.0	0.0487804878049	0.00715077170866
116729	Yuval Rabani	6	0.12321444684	0.062242571654	-9320.0	0.0243902439024	0.00411469425322
119076	Salil P. Vadhan	5	0.117289380544	0.0641857056314	42010.0	0.0325203252033	0.00495504749379
149809	Sanjeev Khanna	5	0.114780516789	0.0422416707345	554.0	0.029810298103	0.00514802331771
118585	Mohammad Amin Shokrollahi	5	0.0879670354081	0.00725374101567	8104.0	0.0243902439024	0.00424636938418
53148	Sudipto Guha	5	0.106785853928	0.0117363097215	11578.0	0.029810298103	0.00444258458335
59561	Dana Ron	4	0.109846246876	0.00439491236151	1954.0	0.0216802168022	0.00326319405019
104657	Dima Grigoriev	4	0.0886207953739	0.00291622481442	5238.0	0.0162601626016	0.00289422617431
115422	Uri Zwick	4	0.0110659439928	0.0	24.0	0.0108401084011	0.00218071073624
115436	David R. Karger	4	0.0851068859618	0.0251855779427	30288.0	0.029810298103	0.00428808940744
58098	Haim Kaplan	4	0.0189701897019	0.000235654530458	78.0	0.0243902439024	0.00507829879497
58216	Michael E. Saks	4	0.0828084746897	0.0139847462786	14444.0	0.029810298103	0.00572200047227
156647	Sanjeev Arora	4	0.122511168034	0.0581540526883	-4084.0	0.0162601626016	0.00288163950367
115739	Omer Reingold	4	0.108954094617	0.0142231472428	1054.0	0.0189701897019	0.00311801976827
115755	Uriel Feige	4	0.0680531282168	0.0170554966419	27314.0	0.0108401084011	0.00198327507008
74888	Luca Trevisan	4	0.106362520513	0.0	2018.0	0.0108401084011	0.00168311371881
36099	Jon M. Kleinberg	4	0.120991863808	0.0221769615902	-566.0	0.0162601626016	0.00240809815401
36100	Prabhakar Raghavan	4	0.127306978882	0.093278021466	-17726.0	0.0352303523035	0.00532064516862
156937	Yuval Ishai	4	0.104092903199	0.00380483877303	1816.0	0.0216802168022	0.00353884887114
56596	Miklós Ajtai	4	0.0742697461577	0.00580299281254	9450.0	0.0135501355014	0.00285451918093
27943	Éva Tardos	4	0.119244203553	0.0572359181541	-6408.0	0.029810298103	0.00450890296975
116120	Ran Canetti	4	0.112259187445	0.0241944995325	3352.0	0.0243902439024	0.00433676423417
116426	Michael Mitzenmacher	4	0.103992037982	0.063744550489	70236.0	0.0433604336043	0.00593189358859
118610	Madhu Sudan	4	0.122791513956	0.0667826087807	-10722.0	0.0243902439024	0.00393351586464
26487	Toniann Pitassi	4	0.0895824567595	0.0164706561015	3206.0	0.0325203252033	0.00566771581566
26491	Russell Impagliazzo	4	0.104498328333	0.0461467678859	-10282.0	0.0271002710027	0.00446251919039
53150	Rajeev Motwani	4	0.110297824458	0.00891641305325	1494.0	0.0271002710027	0.0040008650136
53208	Piotr Indyk	4	0.104396676262	0.0	2056.0	0.0135501355014	0.00199921728791
115008	Michael Luby	3	0.0878230631733	0.00291622481442	5282.0	0.0189701897019	0.00309866864305
74316	Ming-Yang Kao	3	0.0849048917704	0.0199717214563	22862.0	0.0271002710027	0.00454222127867
115537	Susanne Albers	3	0.0849721165462	0.0197949805585	25018.0	0.0135501355014	0.00249929683371
74634	Joseph Naor	3	0.0894331526649	4.90946938455e-06	2400.0	0.0162601626016	0.00253009430377
# Periodo: 2000-2002
36099	Jon M. Kleinberg	7	0.106542441096	0.0307892485969	-13466.0	0.0435779816514	0.0054292052208
156613	Ran Raz	6	0.044220841143	0.00512496045555	12120.0	0.0137614678899	0.00340574660097
157081	Moses Charikar	5	0.0982294162333	0.00921163016861	4408.0	0.0344036697248	0.00426010082516
156635	Santosh Vempala	5	0.0163248785753	0.000411262258779	250.0	0.0183486238532	0.00461041110966
115771	Andris Ambainis	5	0.025090353072	0.000400717072656	-6.0	0.0229357798165	0.00360968957006
36103	Christos H. Papadimitriou	5	0.0163248785753	0.000379626700411	244.0	0.0160550458716	0.00369794603333
116236	Amnon Ta-Shma	5	0.0275993883792	0.000677528208373	186.0	0.0252293577982	0.00429138047986
53148	Sudipto Guha	5	0.0848529207627	0.0197662734819	-616.0	0.0298165137615	0.00435873265004
115064	Mikkel Thorup	4	0.0045871559633	1.05451861225e-05	8.0	0.00917431192661	0.00285623611552
66366	Dimitris Achlioptas	4	0.0647983964228	0.00678055467679	11094.0	0.0137614678899	0.00291351922569
115755	Uriel Feige	4	0.0728312554835	0.00842560371191	12650.0	0.0160550458716	0.00308047968349
115820	Claire Kenyon	4	0.0780861688538	0.0164663081303	20932.0	0.0275229357798	0.00427556838872
173326	Anna R. Karlin	4	0.0951976441273	0.0370346936623	44432.0	0.0389908256881	0.00517327543422
157105	D. Sivakumar	4	0.0804277358468	0.000360293859187	1534.0	0.0137614678899	0.0020940460037
157176	Umesh V. Vazirani	4	0.0258744266055	0.000410383493269	-2.0	0.0229357798165	0.00365692598578
116366	Ravi Kumar	4	0.0911197539062	0.0168751349533	-4058.0	0.0206422018349	0.00303350948552
116367	Rina Panigrahy	4	0.0877497487831	0.011620795107	13648.0	0.0344036697248	0.00442065488705
118604	David Kempe	4	0.0883783286454	0.0128991980637	-4066.0	0.0275229357798	0.0035972327004
26470	Avi Wigderson	4	0.0649348140995	0.0254033533692	42088.0	0.0252293577982	0.00477353245621
116590	Baruch Schieber	4	0.0848529207627	0.0207005769723	4060.0	0.0366972477064	0.00510903975926
26487	Toniann Pitassi	4	0.0498288153429	0.0109037224507	20112.0	0.0206422018349	0.00412784317026
26504	Venkatesan Guruswami	4	0.100305810398	0.0182891607204	-3998.0	0.0206422018349	0.00244846268373
53149	Adam Meyerson	4	0.075783873949	0.00856856630662	-112.0	0.0229357798165	0.00312251604571
53208	Piotr Indyk	4	0.0894030049196	0.0184349186263	1070.0	0.0229357798165	0.00337477223209
113	Artur Czumaj	3	0.0124872579001	8.43614889803e-05	46.0	0.0160550458716	0.00329322797354
59653	Alex Samorodnitsky	3	0.0867624098375	0.0100495623748	14552.0	0.0206422018349	0.00301249031072
65807	Kamal Jain	3	0.00688073394495	2.10903722451e-05	14.0	0.0114678899083	0.00296644353215
115010	David Zuckerman	3	0.0212302987532	3.95444479595e-05	78.0	0.0137614678899	0.00228576651024
115042	Ronitt Rubinfeld	3	0.0998188889879	0.0265199714108	-7794.0	0.0389908256881	0.00484383243188
60014	Leonard J. Schulman	3	0.0201946744238	6.67861787761e-05	82.0	0.0137614678899	0.00218432584811
58132	Michael Molloy	3	0.00229357798165	0.0	2.0	0.00688073394495	0.00228832951945
60286	Martin Grohe	3	0.0045871559633	0.0	4.0	0.00917431192661	0.00228832951945
156589	Yehuda Lindell	3	0.0916613274807	0.0081668951457	1126.0	0.0183486238532	0.00298420980561
175025	Amos Fiat	3	0.0772065999931	0.00180322682695	3520.0	0.0206422018349	0.00319516024135
156697	Robert Krauthgamer	3	0.0852045212631	0.0197267039263	-6846.0	0.0229357798165	0.00341949649063
156736	Subhash Khot	3	0.00477828746177	0.0	24.0	0.00688073394495	0.00166171998948
156752	John Watrous	3	0.0212302987532	0.000189813350206	190.0	0.0160550458716	0.00270163979357
156755	Kobbi Nissim	3	0.0774975796413	0.0121048191501	-2684.0	0.0160550458716	0.00263090978095
156773	Amit Sahai	3	0.105630262662	0.042686268996	-18120.0	0.0366972477064	0.00452938914595
156790	Berthold Vöcking	3	0.0112385321101	2.10903722451e-05	20.0	0.0137614678899	0.00269468749626
74888	Luca Trevisan	3	0.0712333411022	0.00674891911842	11468.0	0.00917431192661	0.00168602247669
156854	Adam Klivans	3	0.0106739590685	0.000189813350206	184.0	0.0114678899083	0.00242796985623
36100	Prabhakar Raghavan	3	0.103157313369	0.0106094782811	4228.0	0.0321100917431	0.00395823497736
# Periodo: 2001-2003
116366	Ravi Kumar	6	0.095085244729	0.0458192889191	-27112.0	0.0261282660333	0.00367738823319
116845	Rocco A. Servedio	5	0.0136817102138	0.000328017192625	244.0	0.0166270783848	0.00370726399173
115064	Mikkel Thorup	5	0.070767466623	0.00161746408777	3068.0	0.0166270783848	0.00275029192906
157081	Moses Charikar	5	0.0643845186531	0.00325528786336	1052.0	0.0285035629454	0.00356946885228
156613	Ran Raz	5	0.0105808680631	0.000124420314444	82.0	0.0118764845606	0.00288886891081
156697	Robert Krauthgamer	5	0.0803493585148	0.0300020736719	15700.0	0.0308788598575	0.00510492757286
156736	Subhash Khot	5	0.0908748279882	0.0203923818142	-6738.0	0.021377672209	0.00330656344567
115893	Yossi Azar	5	0.0685036950898	0.0150621832264	1022.0	0.0356294536817	0.00533243698365
157105	D. Sivakumar	5	0.0785552739547	0.000183237190363	1254.0	0.0142517814727	0.00211083469154
53208	Piotr Indyk	5	0.071382835898	0.0127965216174	3064.0	0.0237529691211	0.00367622518817
28967	Tim Roughgarden	4	0.0182483127851	0.000961429702522	996.0	0.0142517814727	0.00253258179269
66366	Dimitris Achlioptas	4	0.056226206358	0.00948987671078	14434.0	0.0166270783848	0.00368258771157
156589	Yehuda Lindell	4	0.0610336515113	0.00674433510538	2012.0	0.0190023752969	0.00306674132084
115820	Claire Kenyon	4	0.0865626656759	0.0298645380559	-2730.0	0.0308788598575	0.00491337611997
156908	T. S. Jayram	4	0.0927573573815	0.0348940542171	-24518.0	0.0261282660333	0.0037142271717
26493	Eli Ben-Sasson	4	0.062904414776	0.0123063001923	17422.0	0.0166270783848	0.00259120182551
56596	Miklós Ajtai	4	0.0784301859388	0.0	1256.0	0.0118764845606	0.00170486278243
116236	Amnon Ta-Shma	4	0.0190872073295	0.000199826565622	38.0	0.0166270783848	0.00281670169927
26470	Avi Wigderson	4	0.0538296795296	0.00397956490593	3944.0	0.021377672209	0.00370820277511
26504	Venkatesan Guruswami	4	0.0772008726796	0.0123576572355	-1394.0	0.0142517814727	0.00225357914459
53148	Sudipto Guha	4	0.065759888878	0.00871669332816	3888.0	0.0261282660333	0.00389063558263
53149	Adam Meyerson	4	0.0602866055931	0.00881095114214	-408.0	0.0237529691211	0.00323838129257
65807	Kamal Jain	3	0.0483832581234	0.00321230630019	6668.0	0.0118764845606	0.00250777852039
119076	Salil P. Vadhan	3	0.0537709135039	0.00236210081816	1832.0	0.0190023752969	0.00315426382656
115010	David Zuckerman	3	0.0157188766243	3.77031255891e-05	68.0	0.0142517814727	0.00242411810767
115042	Ronitt Rubinfeld	3	0.0861086656811	0.027887116842	-818.0	0.0332541567696	0.00405123854502
24705	Ding Liu	3	0.0648081010126	0.000710892432983	1454.0	0.0261282660333	0.00311859052361
58098	Haim Kaplan	3	0.0578779750524	0.0047901821061	7636.0	0.021377672209	0.00345357703167
115463	Richard Cole	3	0.0149304377333	0.000644723447574	776.0	0.0118764845606	0.00233991434346
58132	Michael Molloy	3	0.00237529691211	0.0	2.0	0.00712589073634	0.00236966824645
175025	Amos Fiat	3	0.066201823615	0.00259699129058	1464.0	0.0261282660333	0.00390334919614
156635	Santosh Vempala	3	0.00950118764846	5.65546883837e-05	28.0	0.0142517814727	0.00377599163144
27689	Gerth Stølting Brodal	3	0.0166270783848	0.000158353127474	70.0	0.021377672209	0.00408068986122
115771	Andris Ambainis	3	0.0222684085511	0.000384571881009	-38.0	0.021377672209	0.00343387876362
156854	Adam Klivans	3	0.0162877502545	0.000395882818686	284.0	0.0118764845606	0.00227960475409
156750	Ryan O'Donnell	3	0.0097726501527	0.0	70.0	0.00950118764846	0.00203226001936
156775	Sofya Raskhodnikova	3	0.074968275144	0.0156381254006	20158.0	0.0332541567696	0.00417229674454
156790	Berthold Vöcking	3	0.00712589073634	2.26218753535e-05	14.0	0.0118764845606	0.0030718858378
56509	Noga Alon	3	0.0744020495009	0.0132121447154	2148.0	0.0237529691211	0.00364855980565
26487	Toniann Pitassi	3	0.0129321720771	0.000147042189798	82.0	0.0166270783848	0.00343485322004
156906	Philipp Woelfel	3	0.00712589073634	3.39328130302e-05	18.0	0.0118764845606	0.00361557629355
36099	Jon M. Kleinberg	3	0.0244605043716	0.00137993439656	1138.0	0.021377672209	0.00326467685165
# Periodo: 2004-2006
119076	Salil P. Vadhan	6	0.0496168476763	0.01711803415	14482.0	0.0401069518717	0.00712349779915
149809	Sanjeev Khanna	6	0.032174688057	0.00130464079368	612.0	0.0294117647059	0.00492419032416
26470	Avi Wigderson	5	0.0458365164248	0.0064467415043	2640.0	0.0267379679144	0.00466780034991
115189	Chandra Chekuri	4	0.0235424546759	4.30101360554e-05	82.0	0.0160427807487	0.00282504811761
58214	Eyal Kushilevitz	4	0.0277340882877	0.00150535476194	666.0	0.0267379679144	0.00483158076856
156647	Sanjeev Arora	4	0.0374554367201	0.00316841335608	2136.0	0.024064171123	0.00486836366714
115755	Uriel Feige	4	0.0312128639335	0.000573468480739	654.0	0.0133689839572	0.00268960163229
74888	Luca Trevisan	4	0.0406146348067	0.00248025117919	2228.0	0.0187165775401	0.00374987574044
115894	Oded Regev	4	0.0319789649475	0.00471677825408	5006.0	0.0213903743316	0.00408230171801
56509	Noga Alon	4	0.0345742492801	0.00163438517011	1250.0	0.0213903743316	0.0037042237552
36103	Christos H. Papadimitriou	4	0.0237670825906	0.00166305859414	2654.0	0.0160427807487	0.00340767939087
157048	Julia Chuzhoy	4	0.0283894306386	0.000860202721108	450.0	0.0267379679144	0.00439548336487
157081	Moses Charikar	4	0.0286283592765	0.00216484351479	1914.0	0.0213903743316	0.00418668479358
337545	Assaf Naor	4	0.0432178116002	0.00771315106593	5580.0	0.0213903743316	0.00371295447928
115739	Omer Reingold	3	0.0416695603861	0.00658055081648	6300.0	0.0187165775401	0.00338878295787
28915	László Lovász	3	0.0338931987648	0.00322576020415	1982.0	0.0347593582888	0.00484788692326
173145	Amir Epstein	3	0.0261567077424	0.00230821063497	1824.0	0.0187165775401	0.00346477704549
57936	Eldar Fischer	3	0.0267538833715	0.0	336.0	0.0133689839572	0.0023442719783
60143	Elchanan Mossel	3	0.0319789649475	0.00464509469398	5366.0	0.0160427807487	0.00297486303236
66366	Dimitris Achlioptas	3	0.0356718444954	0.00424366675747	3206.0	0.0187165775401	0.00343202498793
74634	Joseph Naor	3	0.0260875849111	0.000258060816332	182.0	0.0213903743316	0.00353019064976
156589	Yehuda Lindell	3	0.0217605923488	0.000334523280431	104.0	0.0213903743316	0.00385150240111
156613	Ran Raz	3	0.0274235568353	0.0	702.0	0.00802139037433	0.001573246332
156623	Anup Rao	3	0.048370193212	0.0126736534243	12362.0	0.0213903743316	0.00344794100234
156736	Subhash Khot	3	0.0217605923488	0.00113260024946	782.0	0.024064171123	0.00463259124628
156746	Nir Ailon	3	0.0231683113733	0.000573468480739	854.0	0.0133689839572	0.00286071981653
175220	Mihai Patrascu	3	0.0106951871658	7.16835600923e-05	28.0	0.0160427807487	0.00424924924925
156790	Berthold Vöcking	3	0.0227002646789	0.00166305859414	1802.0	0.0187165775401	0.00408748053637
115893	Yossi Azar	3	0.0245552766561	0.000415764648536	448.0	0.0133689839572	0.00266395132741
156937	Yuval Ishai	3	0.025717063685	0.000537626700692	262.0	0.0213903743316	0.00385748917862
275818	Rafael Pass	3	0.0290805693329	0.00245157775516	3188.0	0.0106951871658	0.00217525794224
157047	Matthew Andrews	3	0.00267379679144	0.0	2.0	0.00802139037433	0.00266666666667
28042	Ashish Goel	3	0.0247497600439	0.000716835600923	398.0	0.0213903743316	0.00416562954993
157124	Konstantin Makarychev	3	0.0353909638301	0.00146234462588	254.0	0.0187165775401	0.0032085636041
157125	Yury Makarychev	3	0.0353909638301	0.00146234462588	254.0	0.0187165775401	0.0032085636041
116275	Irit Dinur	3	0.0368799557441	0.00923284253989	10006.0	0.0187165775401	0.00321016976287
116446	Lisa Zhang	3	0.00267379679144	0.0	2.0	0.00802139037433	0.00266666666667
# Periodo: 2005-2007
149809	Sanjeev Khanna	5	0.0252000252	0.00101669067186	722.0	0.017199017199	0.00322762769
74888	Luca Trevisan	5	0.0234676324642	0.00530131564614	11246.0	0.022113022113	0.00489549883289
115894	Oded Regev	5	0.039354811115	0.0247999903172	44396.0	0.022113022113	0.00388966042756
56509	Noga Alon	5	0.038245182982	0.0240445326652	40848.0	0.036855036855	0.00558942911976
157081	Moses Charikar	5	0.034253261526	0.00523777247915	5162.0	0.022113022113	0.00373430384474
157048	Julia Chuzhoy	4	0.0239707556781	0.000774621464277	530.0	0.019656019656	0.00372139876272
119076	Salil P. Vadhan	4	0.0257876265481	0.0100095617337	19722.0	0.022113022113	0.00449618419199
60143	Elchanan Mossel	4	0.0360752435221	0.00980380290725	15532.0	0.014742014742	0.00233073884919
58214	Eyal Kushilevitz	4	0.0251985600823	0.00131322545116	674.0	0.02457002457	0.0045686002294
156647	Sanjeev Arora	4	0.031496033044	0.0042725215139	7144.0	0.019656019656	0.00413583279224
175220	Mihai Patrascu	4	0.0110565110565	0.000108931143414	60.0	0.014742014742	0.00366396327243
157047	Matthew Andrews	4	0.00737100737101	2.42069207586e-05	14.0	0.012285012285	0.00317729368517
234972	Sébastien Roch	4	0.0318410600101	0.00297745125331	1278.0	0.014742014742	0.00219265215869
26504	Venkatesan Guruswami	4	0.0239707556781	0.000810931845415	570.0	0.017199017199	0.00343711801003
115739	Omer Reingold	3	0.0233598591808	0.00108931143414	3662.0	0.012285012285	0.00259702151614
47279	Yishay Mansour	3	0.0193488943489	0.000677793781242	546.0	0.017199017199	0.00364503766734
104684	Saugata Basu	3	0.004914004914	0.0	4.0	0.00982800982801	0.00245098039216
173145	Amir Epstein	3	0.012636012636	9.68276830346e-05	50.0	0.017199017199	0.00358342206808
613171	Adriana Karagiozova	3	0.0316429818763	0.00227242468622	2628.0	0.014742014742	0.00283280609156
156589	Yehuda Lindell	3	0.019700692428	0.000478086684983	398.0	0.019656019656	0.00371221273165
156613	Ran Raz	3	0.0410210430372	0.0250541629852	46094.0	0.017199017199	0.00270392849003
156623	Anup Rao	3	0.0282197466663	0.0122729088246	23958.0	0.019656019656	0.00333504301211
156663	Ronen Shaltiel	3	0.030874715245	0.0052690397518	2814.0	0.019656019656	0.00326241135382
115755	Uriel Feige	3	0.0286973728441	0.00108931143414	3014.0	0.012285012285	0.00244258573836
115756	James R. Lee	3	0.0322447501528	0.0121458224907	20348.0	0.019656019656	0.00367919396416
36036	Constantinos Daskalakis	3	0.031941031941	0.00513186720083	4170.0	0.019656019656	0.00317807099055
156888	Shahar Dobzinski	3	0.004914004914	0.0	4.0	0.00982800982801	0.00245098039216
156889	Noam Nisan	3	0.004914004914	0.0	4.0	0.00982800982801	0.00245098039216
36103	Christos H. Papadimitriou	3	0.028025395794	0.0	1452.0	0.00982800982801	0.00173897448906
156937	Yuval Ishai	3	0.0225737100737	0.000459931494414	230.0	0.019656019656	0.00363607400076
156964	Kunal Talwar	3	0.0234000234	0.000641483400104	428.0	0.019656019656	0.00399380536228
275818	Rafael Pass	3	0.00982800982801	0.000133138064173	82.0	0.012285012285	0.0031912250794
56684	Cristopher Moore	3	0.0199017199017	0.000260224398155	110.0	0.02457002457	0.00425280266012
157124	Konstantin Makarychev	3	0.034253261526	0.00014019841606	1188.0	0.017199017199	0.00262010433241
157125	Yury Makarychev	3	0.034253261526	0.00014019841606	1188.0	0.017199017199	0.00262010433241
116232	Ronald de Wolf	3	0.0406116513901	0.0113772527566	6006.0	0.022113022113	0.00369643564062
116275	Irit Dinur	3	0.0368594879464	0.0183730528558	33382.0	0.017199017199	0.00278774363154
116446	Lisa Zhang	3	0.0044226044226	0.0	10.0	0.00737100737101	0.00181360342074
57266	Van H. Vu	3	0.002457002457	0.0	2.0	0.00737100737101	0.00245098039216
53208	Piotr Indyk	3	0.01755001755	0.000229965747207	260.0	0.014742014742	0.00293247541504
# Periodo: 2008-2010
26470	Avi Wigderson	6	0.0265743944637	0.00218645948946	1724.0	0.0235294117647	0.00458366701416
26505	Prasad Raghavendra	6	0.0738540395411	0.0301912689604	-10070.0	0.0352941176471	0.00518462453355
156607	Amir Shpilka	5	0.0190886495443	0.0011320754717	1020.0	0.0211764705882	0.00448772115597
118613	Swastik Kopparty	5	0.0719144385027	0.0364816870144	52690.0	0.0235294117647	0.00487741810873
39046	Rafail Ostrovsky	4	0.0173262032086	0.000255271920089	130.0	0.0211764705882	0.00404482924312
28967	Tim Roughgarden	4	0.0430443132513	0.00912319644839	15686.0	0.0141176470588	0.00285120197237
44491	Moni Naor	4	0.0446645508894	0.00406215316315	7086.0	0.0235294117647	0.00412921226608
66287	David Steurer	4	0.0637950664137	0.0129187939327	-1598.0	0.0235294117647	0.00346329638118
275351	Adam Tauman Kalai	4	0.0616943623203	0.0178546059933	11234.0	0.0305882352941	0.00507866956824
156747	Shafi Goldwasser	4	0.0509265337036	0.00958934517203	8140.0	0.0235294117647	0.00391465459329
156750	Ryan O'Donnell	4	0.0498566485418	0.00135405105438	3098.0	0.00941176470588	0.00184641036658
156853	Guy N. Rothblum	4	0.0515907928389	0.0202219755827	23394.0	0.0282352941176	0.00451601056471
56543	Ken-ichi Kawarabayashi	4	0.00705882352941	3.32963374029e-05	18.0	0.0117647058824	0.00358162722037
26504	Venkatesan Guruswami	4	0.0791058823529	0.0500821309656	47290.0	0.0188235294118	0.00313718117448
122902	Cynthia Dwork	3	0.0445527497607	0.00139844617092	3438.0	0.0188235294118	0.00315357305557
249882	Jason D. Hartline	3	0.0378295930487	0.00531631520533	10342.0	0.0164705882353	0.00340209608055
249944	Aaron Roth	3	0.0495099402765	0.0102108768036	17008.0	0.0141176470588	0.00257718777018
57473	Prasad Tetali	3	0.0613752535497	0.00401775804661	5350.0	0.0164705882353	0.00301688043106
119076	Salil P. Vadhan	3	0.0444415069399	0.00133185349612	1602.0	0.0188235294118	0.00300230253191
115435	Avrim Blum	3	0.0492360263608	0.00528301886792	8610.0	0.0164705882353	0.00309064170525
118586	Daniel A. Spielman	3	0.00705882352941	2.21975582686e-05	14.0	0.0117647058824	0.00304304183932
156599	Valentine Kabanets	3	0.0193613445378	0.000122086570477	140.0	0.0141176470588	0.00261862287236
156618	Parikshit Gopalan	3	0.0714812189936	0.017948945616	-4990.0	0.0164705882353	0.0025411009392
115739	Omer Reingold	3	0.0444415069399	0.00133185349612	1602.0	0.0188235294118	0.00300230253191
156701	Shachar Lovett	3	0.039247681432	0.0026859045505	5918.0	0.0141176470588	0.00283590573536
156745	Chris Peikert	3	0.00705882352941	2.21975582686e-05	14.0	0.0117647058824	0.00304304183932
156761	Yevgeniy Dodis	3	0.0392910011687	0.00401775804661	7958.0	0.0164705882353	0.00347268056782
156919	Raghu Meka	3	0.0599286987522	0.000259896411395	1174.0	0.0211764705882	0.00290968050558
157081	Moses Charikar	3	0.0678050420168	0.010235664077	5030.0	0.0235294117647	0.00381152143658
118610	Madhu Sudan	3	0.0643718753324	0.031986681465	48594.0	0.0164705882353	0.00315454153602
26469	Scott Aaronson	3	0.0188235294118	0.000255271920089	332.0	0.00941176470588	0.00206067858458
26476	Johan Håstad	3	0.0671653718091	0.00269700332963	3660.0	0.0141176470588	0.00296220580765
26491	Russell Impagliazzo	3	0.0193613445378	0.000122086570477	140.0	0.0141176470588	0.00261862287236
28675	Jean Cardinal	2	0.00941176470588	0.0	8.0	0.0141176470588	0.00234741784038
28676	Samuel Fiorini	2	0.00941176470588	0.0	8.0	0.0141176470588	0.00234741784038
28677	Gwenaël Joret	2	0.00941176470588	0.0	8.0	0.0141176470588	0.00234741784038
249943	Katrina Ligett	2	0.0489651266284	0.0	1454.0	0.0117647058824	0.00209248340581
28770	MohammadHossein Bateni	2	0.0674197860963	0.02	29154.0	0.0141176470588	0.00238328193499
116835	Rahul Jain	2	0.0119117647059	0.000199778024417	146.0	0.0164705882353	0.00327498630523
116836	Hartmut Klauck	2	0.0100309597523	0.0	38.0	0.00941176470588	0.00183983039343
156690	Boaz Barak	2	0.0229710867398	0.00132075471698	1204.0	0.0164705882353	0.00305432940523
116907	Amir Yehudayoff	2	0.0229710867398	0.00132075471698	1184.0	0.0141176470588	0.00273139458263
# Periodo: 2009-2011
56543	Ken-ichi Kawarabayashi	7	0.0391326459846	0.00200574619179	3370.0	0.0209302325581	0.00423210965766
118613	Swastik Kopparty	6	0.0533434171551	0.00994199598851	12556.0	0.0186046511628	0.00390948664551
26470	Avi Wigderson	5	0.0187596899225	0.000308993332249	158.0	0.0209302325581	0.00387478540834
275818	Rafael Pass	4	0.0046511627907	0.0	4.0	0.0093023255814	0.00232018561485
115756	James R. Lee	4	0.00968992248062	7.58930991489e-05	44.0	0.0139534883721	0.00366594324162
28967	Tim Roughgarden	4	0.0182507583418	0.000823982219331	688.0	0.0162790697674	0.00350129360212
175220	Mihai Patrascu	4	0.00813953488372	0.0	28.0	0.0093023255814	0.00207988896284
115739	Omer Reingold	4	0.0492093023256	0.00896622757088	11104.0	0.0255813953488	0.00381386776099
156919	Raghu Meka	4	0.0508623279851	0.0024123163658	462.0	0.0255813953488	0.00349700271397
157123	Ankur Moitra	4	0.0380729611803	0.00384886431398	4834.0	0.0232558139535	0.00403471358838
156624	David P. Woodruff	4	0.0144901610018	0.00021683742614	138.0	0.0162790697674	0.00343694364489
28453	Dániel Marx	4	0.0467546815445	0.0041849623245	1528.0	0.0186046511628	0.00353811486414
26504	Venkatesan Guruswami	4	0.0651778838749	0.0282864422399	34472.0	0.0186046511628	0.00308459841664
26505	Prasad Raghavendra	4	0.0589332961983	0.0163658047379	8036.0	0.0279069767442	0.00409228481371
122902	Cynthia Dwork	3	0.041007751938	0.00191901122134	2100.0	0.0186046511628	0.00300243412555
156690	Boaz Barak	3	0.0175872093023	0.000271046782675	158.0	0.0209302325581	0.0037912862301
57473	Prasad Tetali	3	0.0475452196382	0.00291646338158	3836.0	0.0162790697674	0.00320081239633
39046	Rafail Ostrovsky	3	0.0093023255814	3.2525613921e-05	20.0	0.0139534883721	0.00300288086067
119076	Salil P. Vadhan	3	0.0408375952909	7.58930991489e-05	964.0	0.0186046511628	0.0028334616855
115009	Alistair Sinclair	3	0.041702798581	0.00384886431398	5744.0	0.0162790697674	0.0030150074365
115064	Mikkel Thorup	3	0.00813953488372	0.0	28.0	0.0093023255814	0.00207988896284
66287	David Steurer	3	0.0476603412354	0.00381633870006	5306.0	0.0139534883721	0.00260373054395
156607	Amir Shpilka	3	0.0321104746007	0.00196237870656	4034.0	0.0162790697674	0.00358438131427
117784	David Peleg	3	0.0293023255814	0.00142028514122	930.0	0.0348837209302	0.00489596354193
367646	Huijia Lin	3	0.0046511627907	0.0	4.0	0.0093023255814	0.00232018561485
156751	Shubhangi Saraf	3	0.0440351698663	0.00559440559441	8338.0	0.0116279069767	0.002311034556
156761	Yevgeniy Dodis	3	0.012661498708	0.000173469940912	100.0	0.0162790697674	0.00390534617651
58616	Paul Wollan	3	0.0388239071602	0.0	1014.0	0.0116279069767	0.00213446571478
157081	Moses Charikar	3	0.0609403124775	0.0224318317342	28214.0	0.0232558139535	0.0037286931395
28112	Anupam Gupta	3	0.0220930232558	0.000932400932401	702.0	0.0186046511628	0.00356625140089
26469	Scott Aaronson	3	0.0046511627907	1.0841871307e-05	8.0	0.0093023255814	0.00289599810321
26494	Prahladh Harsha	3	0.0502135738016	0.0072857375183	9336.0	0.0255813953488	0.00375180152084
28675	Jean Cardinal	2	0.0093023255814	0.0	8.0	0.0139534883721	0.00232018561485
28676	Samuel Fiorini	2	0.0093023255814	0.0	8.0	0.0139534883721	0.00232018561485
28677	Gwenaël Joret	2	0.0093023255814	0.0	8.0	0.0139534883721	0.00232018561485
249882	Jason D. Hartline	2	0.0326429866173	0.00289477963897	5340.0	0.0139534883721	0.00247391373627
249944	Aaron Roth	2	0.0220930232558	0.000845665961945	700.0	0.0139534883721	0.00259488554309
28770	MohammadHossein Bateni	2	0.0572201189832	0.00809887786632	9544.0	0.0139534883721	0.00233322866428
115664	Amos Korman	2	0.0244186046512	0.000585461050577	516.0	0.0232558139535	0.00313211517002
116907	Amir Yehudayoff	2	0.0148102815177	2.71046782675e-05	38.0	0.0139534883721	0.0024781189427
366764	Daniel Wichs	2	0.0087656529517	6.50512278419e-05	62.0	0.0093023255814	0.00228394571275
116922	Claire Mathieu	2	0.0352123809128	0.00195153683526	3706.0	0.0116279069767	0.00241410934099
104667	Peter Bürgisser	2	0.0046511627907	1.0841871307e-05	8.0	0.0093023255814	0.00289599810321
# Periodo: 2012-2014
156675	Jonathan A. Kelner	3	0.047619047619	0.00141262246525	144.0	0.0571428571429	0.0092692375775
275695	Robert Kleinberg	3	0.0333333333333	0.00268853953064	496.0	0.0380952380952	0.00755836368089
157048	Julia Chuzhoy	3	0.0142857142857	0.0	6.0	0.0238095238095	0.00473933649289
156701	Shachar Lovett	2	0.0194444444444	0.000455684666211	84.0	0.0238095238095	0.00516953189624
156777	Neeraj Kayal	2	0.00952380952381	0.0	4.0	0.0190476190476	0.00473933649289
116845	Rocco A. Servedio	2	0.0227642276423	0.000501253132832	82.0	0.0285714285714	0.00527921572391
116907	Amir Yehudayoff	2	0.0194444444444	0.000273410799727	58.0	0.0285714285714	0.00603145411303
36036	Constantinos Daskalakis	2	0.0282828282828	0.00182273866484	402.0	0.0285714285714	0.00541908780859
157000	Ilias Diakonikolas	2	0.0227642276423	0.000501253132832	82.0	0.0285714285714	0.00527921572391
118617	Alexander A. Sherstov	2	0.0	0.0	0.0	0.00952380952381	0.00473933649289
117134	Nisheeth K. Vishnoi	2	0.0190476190476	0.000182273866484	24.0	0.0285714285714	0.00666912620257
36077	Michal Koucký	2	0.0285714285714	0.000364547732969	44.0	0.0380952380952	0.00682455995653
157091	S. Matthew Weinberg	2	0.032183908046	0.00218728639781	454.0	0.0238095238095	0.00454195611591
157123	Ankur Moitra	2	0.0238095238095	0.000273410799727	34.0	0.0333333333333	0.00681877319906
156616	Nicole Immorlica	2	0.0266666666667	0.00109364319891	250.0	0.0333333333333	0.00661925614676
116686	Ittai Abraham	2	0.0142857142857	9.11369332422e-05	14.0	0.0238095238095	0.00614377167559
156651	Zeev Dvir	2	0.0233333333333	0.000546821599453	90.0	0.0285714285714	0.00584666620821
28676	Samuel Fiorini	1	0.0190476190476	0.0	8.0	0.0285714285714	0.00473933649289
116232	Ronald de Wolf	1	0.0190476190476	0.0	8.0	0.0285714285714	0.00473933649289
504841	Aditya Bhaskara	1	0.0142857142857	0.0	6.0	0.0238095238095	0.00473933649289
504842	Aravindan Vijayaraghavan	1	0.00952380952381	0.0	4.0	0.0190476190476	0.00473933649289
